	x (m)	y (m)	Mesure ch1 (V)	Mesure ch2 (V)
0	-1.9500e-02	-1.9500e-02	 6.6757e+00	 5.9867e+00
1	-1.8200e-02	-1.9500e-02	 6.6511e+00	 5.7796e+00
2	-1.6900e-02	-1.9500e-02	 6.6872e+00	 5.5186e+00
3	-1.5600e-02	-1.9500e-02	 6.7562e+00	 5.3717e+00
4	-1.4300e-02	-1.9500e-02	 6.8233e+00	 5.2106e+00
5	-1.3000e-02	-1.9500e-02	 6.8430e+00	 5.0893e+00
6	-1.1700e-02	-1.9500e-02	 6.8391e+00	 4.9591e+00
7	-1.0400e-02	-1.9500e-02	 6.7668e+00	 4.8332e+00
8	-9.1000e-03	-1.9500e-02	 6.7211e+00	 4.6873e+00
9	-7.8000e-03	-1.9500e-02	 6.6685e+00	 4.5801e+00
10	-6.5000e-03	-1.9500e-02	 6.6162e+00	 4.5164e+00
11	-5.2000e-03	-1.9500e-02	 6.6244e+00	 4.4487e+00
12	-3.9000e-03	-1.9500e-02	 6.6820e+00	 4.3264e+00
13	-2.6000e-03	-1.9500e-02	 6.7461e+00	 4.2360e+00
14	-1.3000e-03	-1.9500e-02	 6.7977e+00	 4.1955e+00
15	 0.0000e+00	-1.9500e-02	 6.8503e+00	 4.1078e+00
16	 1.3000e-03	-1.9500e-02	 6.8595e+00	 4.0621e+00
17	 2.6000e-03	-1.9500e-02	 6.8358e+00	 3.9408e+00
18	 3.9000e-03	-1.9500e-02	 6.7878e+00	 3.8711e+00
19	 5.2000e-03	-1.9500e-02	 6.7194e+00	 3.8106e+00
20	 6.5000e-03	-1.9500e-02	 6.6678e+00	 3.6834e+00
21	 7.8000e-03	-1.9500e-02	 6.6320e+00	 3.5411e+00
22	 9.1000e-03	-1.9500e-02	 6.6603e+00	 3.5332e+00
23	 1.0400e-02	-1.9500e-02	 6.7033e+00	 3.5049e+00
24	 1.1700e-02	-1.9500e-02	 6.7625e+00	 3.3955e+00
25	 1.3000e-02	-1.9500e-02	 6.7970e+00	 3.2686e+00
26	 1.4300e-02	-1.9500e-02	 6.8388e+00	 3.2807e+00
27	 1.5600e-02	-1.9500e-02	 6.8509e+00	 3.2594e+00
28	 1.6900e-02	-1.9500e-02	 6.8309e+00	 3.2975e+00
29	 1.8200e-02	-1.9500e-02	 6.7825e+00	 3.3008e+00
30	 1.9500e-02	-1.9500e-02	 6.7184e+00	 3.2985e+00
31	-1.9500e-02	-1.8200e-02	 6.6793e+00	 6.1412e+00
32	-1.8200e-02	-1.8200e-02	 6.6675e+00	 5.9282e+00
33	-1.6900e-02	-1.8200e-02	 6.7434e+00	 5.6255e+00
34	-1.5600e-02	-1.8200e-02	 6.7960e+00	 5.5012e+00
35	-1.4300e-02	-1.8200e-02	 6.8401e+00	 5.3457e+00
36	-1.3000e-02	-1.8200e-02	 6.8315e+00	 5.2589e+00
37	-1.1700e-02	-1.8200e-02	 6.7960e+00	 5.0453e+00
38	-1.0400e-02	-1.8200e-02	 6.7359e+00	 4.8806e+00
39	-9.1000e-03	-1.8200e-02	 6.6925e+00	 4.6722e+00
40	-7.8000e-03	-1.8200e-02	 6.6649e+00	 4.5068e+00
41	-6.5000e-03	-1.8200e-02	 6.6547e+00	 4.4769e+00
42	-5.2000e-03	-1.8200e-02	 6.6728e+00	 4.5552e+00
43	-3.9000e-03	-1.8200e-02	 6.7073e+00	 4.5552e+00
44	-2.6000e-03	-1.8200e-02	 6.7497e+00	 4.6163e+00
45	-1.3000e-03	-1.8200e-02	 6.8365e+00	 4.5995e+00
46	 0.0000e+00	-1.8200e-02	 6.8933e+00	 4.4861e+00
47	 1.3000e-03	-1.8200e-02	 6.8890e+00	 4.3924e+00
48	 2.6000e-03	-1.8200e-02	 6.8759e+00	 4.2882e+00
49	 3.9000e-03	-1.8200e-02	 6.8118e+00	 4.1804e+00
50	 5.2000e-03	-1.8200e-02	 6.7253e+00	 4.0923e+00
51	 6.5000e-03	-1.8200e-02	 6.6732e+00	 3.9059e+00
52	 7.8000e-03	-1.8200e-02	 6.6698e+00	 3.7196e+00
53	 9.1000e-03	-1.8200e-02	 6.6931e+00	 3.6528e+00
54	 1.0400e-02	-1.8200e-02	 6.6987e+00	 3.6282e+00
55	 1.1700e-02	-1.8200e-02	 6.7733e+00	 3.5891e+00
56	 1.3000e-02	-1.8200e-02	 6.7917e+00	 3.4536e+00
57	 1.4300e-02	-1.8200e-02	 6.8236e+00	 3.4425e+00
58	 1.5600e-02	-1.8200e-02	 6.8489e+00	 3.4388e+00
59	 1.6900e-02	-1.8200e-02	 6.8299e+00	 3.4510e+00
60	 1.8200e-02	-1.8200e-02	 6.7862e+00	 3.4638e+00
61	 1.9500e-02	-1.8200e-02	 6.7138e+00	 3.4250e+00
62	-1.9500e-02	-1.6900e-02	 6.6517e+00	 6.2457e+00
63	-1.8200e-02	-1.6900e-02	 6.7000e+00	 6.0633e+00
64	-1.6900e-02	-1.6900e-02	 6.7691e+00	 5.8279e+00
65	-1.5600e-02	-1.6900e-02	 6.8371e+00	 5.6550e+00
66	-1.4300e-02	-1.6900e-02	 6.8434e+00	 5.5735e+00
67	-1.3000e-02	-1.6900e-02	 6.8151e+00	 5.4115e+00
68	-1.1700e-02	-1.6900e-02	 6.7464e+00	 5.1662e+00
69	-1.0400e-02	-1.6900e-02	 6.6695e+00	 4.9667e+00
70	-9.1000e-03	-1.6900e-02	 6.6251e+00	 4.7225e+00
71	-7.8000e-03	-1.6900e-02	 6.6405e+00	 4.6456e+00
72	-6.5000e-03	-1.6900e-02	 6.6708e+00	 4.6919e+00
73	-5.2000e-03	-1.6900e-02	 6.7178e+00	 4.8503e+00
74	-3.9000e-03	-1.6900e-02	 6.7592e+00	 4.9825e+00
75	-2.6000e-03	-1.6900e-02	 6.8374e+00	 5.0722e+00
76	-1.3000e-03	-1.6900e-02	 6.8844e+00	 5.1245e+00
77	 0.0000e+00	-1.6900e-02	 6.9193e+00	 4.9877e+00
78	 1.3000e-03	-1.6900e-02	 6.8950e+00	 4.8375e+00
79	 2.6000e-03	-1.6900e-02	 6.8933e+00	 4.6748e+00
80	 3.9000e-03	-1.6900e-02	 6.8210e+00	 4.5114e+00
81	 5.2000e-03	-1.6900e-02	 6.7247e+00	 4.3356e+00
82	 6.5000e-03	-1.6900e-02	 6.6721e+00	 4.0759e+00
83	 7.8000e-03	-1.6900e-02	 6.6921e+00	 3.8448e+00
84	 9.1000e-03	-1.6900e-02	 6.7411e+00	 3.7373e+00
85	 1.0400e-02	-1.6900e-02	 6.7461e+00	 3.7514e+00
86	 1.1700e-02	-1.6900e-02	 6.7993e+00	 3.7541e+00
87	 1.3000e-02	-1.6900e-02	 6.8194e+00	 3.6601e+00
88	 1.4300e-02	-1.6900e-02	 6.8282e+00	 3.6459e+00
89	 1.5600e-02	-1.6900e-02	 6.8424e+00	 3.6338e+00
90	 1.6900e-02	-1.6900e-02	 6.8391e+00	 3.6009e+00
91	 1.8200e-02	-1.6900e-02	 6.7809e+00	 3.6348e+00
92	 1.9500e-02	-1.6900e-02	 6.7204e+00	 3.6170e+00
93	-1.9500e-02	-1.5600e-02	 6.6744e+00	 6.3930e+00
94	-1.8200e-02	-1.5600e-02	 6.7388e+00	 6.2024e+00
95	-1.6900e-02	-1.5600e-02	 6.8072e+00	 6.0143e+00
96	-1.5600e-02	-1.5600e-02	 6.8937e+00	 5.8595e+00
97	-1.4300e-02	-1.5600e-02	 6.9061e+00	 5.7514e+00
98	-1.3000e-02	-1.5600e-02	 6.8263e+00	 5.6406e+00
99	-1.1700e-02	-1.5600e-02	 6.7240e+00	 5.4318e+00
100	-1.0400e-02	-1.5600e-02	 6.6248e+00	 5.1896e+00
101	-9.1000e-03	-1.5600e-02	 6.5531e+00	 4.9473e+00
102	-7.8000e-03	-1.5600e-02	 6.5827e+00	 4.8471e+00
103	-6.5000e-03	-1.5600e-02	 6.6405e+00	 5.0025e+00
104	-5.2000e-03	-1.5600e-02	 6.7204e+00	 5.2192e+00
105	-3.9000e-03	-1.5600e-02	 6.8072e+00	 5.4900e+00
106	-2.6000e-03	-1.5600e-02	 6.9114e+00	 5.6126e+00
107	-1.3000e-03	-1.5600e-02	 6.9716e+00	 5.6251e+00
108	 0.0000e+00	-1.5600e-02	 6.9758e+00	 5.5403e+00
109	 1.3000e-03	-1.5600e-02	 6.9147e+00	 5.3569e+00
110	 2.6000e-03	-1.5600e-02	 6.8565e+00	 5.1485e+00
111	 3.9000e-03	-1.5600e-02	 6.7671e+00	 4.9312e+00
112	 5.2000e-03	-1.5600e-02	 6.6527e+00	 4.6590e+00
113	 6.5000e-03	-1.5600e-02	 6.5965e+00	 4.3740e+00
114	 7.8000e-03	-1.5600e-02	 6.6435e+00	 4.0818e+00
115	 9.1000e-03	-1.5600e-02	 6.7336e+00	 3.9010e+00
116	 1.0400e-02	-1.5600e-02	 6.7747e+00	 3.8882e+00
117	 1.1700e-02	-1.5600e-02	 6.7931e+00	 3.9562e+00
118	 1.3000e-02	-1.5600e-02	 6.8338e+00	 3.8981e+00
119	 1.4300e-02	-1.5600e-02	 6.8240e+00	 3.8499e+00
120	 1.5600e-02	-1.5600e-02	 6.8358e+00	 3.8517e+00
121	 1.6900e-02	-1.5600e-02	 6.8144e+00	 3.7807e+00
122	 1.8200e-02	-1.5600e-02	 6.7687e+00	 3.7965e+00
123	 1.9500e-02	-1.5600e-02	 6.6994e+00	 3.7853e+00
124	-1.9500e-02	-1.4300e-02	 6.6649e+00	 6.5275e+00
125	-1.8200e-02	-1.4300e-02	 6.7299e+00	 6.4058e+00
126	-1.6900e-02	-1.4300e-02	 6.8272e+00	 6.1997e+00
127	-1.5600e-02	-1.4300e-02	 6.9259e+00	 6.0534e+00
128	-1.4300e-02	-1.4300e-02	 6.9338e+00	 5.9913e+00
129	-1.3000e-02	-1.4300e-02	 6.8437e+00	 5.8697e+00
130	-1.1700e-02	-1.4300e-02	 6.7408e+00	 5.6305e+00
131	-1.0400e-02	-1.4300e-02	 6.6182e+00	 5.4279e+00
132	-9.1000e-03	-1.4300e-02	 6.5909e+00	 5.2599e+00
133	-7.8000e-03	-1.4300e-02	 6.5850e+00	 5.2520e+00
134	-6.5000e-03	-1.4300e-02	 6.6451e+00	 5.3901e+00
135	-5.2000e-03	-1.4300e-02	 6.7362e+00	 5.6794e+00
136	-3.9000e-03	-1.4300e-02	 6.8489e+00	 5.8947e+00
137	-2.6000e-03	-1.4300e-02	 6.9601e+00	 6.0406e+00
138	-1.3000e-03	-1.4300e-02	 7.0363e+00	 6.0610e+00
139	 0.0000e+00	-1.4300e-02	 7.0320e+00	 5.9578e+00
140	 1.3000e-03	-1.4300e-02	 6.9347e+00	 5.8089e+00
141	 2.6000e-03	-1.4300e-02	 6.8328e+00	 5.5485e+00
142	 3.9000e-03	-1.4300e-02	 6.7355e+00	 5.3155e+00
143	 5.2000e-03	-1.4300e-02	 6.5952e+00	 5.0357e+00
144	 6.5000e-03	-1.4300e-02	 6.5245e+00	 4.6991e+00
145	 7.8000e-03	-1.4300e-02	 6.6064e+00	 4.3849e+00
146	 9.1000e-03	-1.4300e-02	 6.7178e+00	 4.1952e+00
147	 1.0400e-02	-1.4300e-02	 6.7743e+00	 4.1610e+00
148	 1.1700e-02	-1.4300e-02	 6.8065e+00	 4.1906e+00
149	 1.3000e-02	-1.4300e-02	 6.8371e+00	 4.1582e+00
150	 1.4300e-02	-1.4300e-02	 6.8460e+00	 4.1051e+00
151	 1.5600e-02	-1.4300e-02	 6.8493e+00	 4.0631e+00
152	 1.6900e-02	-1.4300e-02	 6.8401e+00	 3.9720e+00
153	 1.8200e-02	-1.4300e-02	 6.7799e+00	 3.9750e+00
154	 1.9500e-02	-1.4300e-02	 6.7017e+00	 4.0065e+00
155	-1.9500e-02	-1.3000e-02	 6.6895e+00	 6.7467e+00
156	-1.8200e-02	-1.3000e-02	 6.7296e+00	 6.5873e+00
157	-1.6900e-02	-1.3000e-02	 6.8443e+00	 6.3838e+00
158	-1.5600e-02	-1.3000e-02	 6.9229e+00	 6.2333e+00
159	-1.4300e-02	-1.3000e-02	 6.9222e+00	 6.1325e+00
160	-1.3000e-02	-1.3000e-02	 6.8414e+00	 5.9851e+00
161	-1.1700e-02	-1.3000e-02	 6.7207e+00	 5.7928e+00
162	-1.0400e-02	-1.3000e-02	 6.6231e+00	 5.5538e+00
163	-9.1000e-03	-1.3000e-02	 6.5886e+00	 5.4486e+00
164	-7.8000e-03	-1.3000e-02	 6.5676e+00	 5.4752e+00
165	-6.5000e-03	-1.3000e-02	 6.6011e+00	 5.6462e+00
166	-5.2000e-03	-1.3000e-02	 6.7112e+00	 5.8707e+00
167	-3.9000e-03	-1.3000e-02	 6.8210e+00	 6.1100e+00
168	-2.6000e-03	-1.3000e-02	 6.8907e+00	 6.2204e+00
169	-1.3000e-03	-1.3000e-02	 6.9341e+00	 6.2747e+00
170	 0.0000e+00	-1.3000e-02	 6.9380e+00	 6.1800e+00
171	 1.3000e-03	-1.3000e-02	 6.8720e+00	 6.0216e+00
172	 2.6000e-03	-1.3000e-02	 6.7770e+00	 5.7159e+00
173	 3.9000e-03	-1.3000e-02	 6.6622e+00	 5.4335e+00
174	 5.2000e-03	-1.3000e-02	 6.5764e+00	 5.1672e+00
175	 6.5000e-03	-1.3000e-02	 6.5357e+00	 4.9424e+00
176	 7.8000e-03	-1.3000e-02	 6.6133e+00	 4.6081e+00
177	 9.1000e-03	-1.3000e-02	 6.7398e+00	 4.4510e+00
178	 1.0400e-02	-1.3000e-02	 6.7990e+00	 4.4095e+00
179	 1.1700e-02	-1.3000e-02	 6.8082e+00	 4.3813e+00
180	 1.3000e-02	-1.3000e-02	 6.8141e+00	 4.3599e+00
181	 1.4300e-02	-1.3000e-02	 6.8332e+00	 4.3257e+00
182	 1.5600e-02	-1.3000e-02	 6.8384e+00	 4.2550e+00
183	 1.6900e-02	-1.3000e-02	 6.8210e+00	 4.1545e+00
184	 1.8200e-02	-1.3000e-02	 6.7694e+00	 4.1669e+00
185	 1.9500e-02	-1.3000e-02	 6.6797e+00	 4.1857e+00
186	-1.9500e-02	-1.1700e-02	 6.7138e+00	 6.9578e+00
187	-1.8200e-02	-1.1700e-02	 6.7286e+00	 6.7799e+00
188	-1.6900e-02	-1.1700e-02	 6.8276e+00	 6.5482e+00
189	-1.5600e-02	-1.1700e-02	 6.9068e+00	 6.3933e+00
190	-1.4300e-02	-1.1700e-02	 6.8940e+00	 6.2875e+00
191	-1.3000e-02	-1.1700e-02	 6.8404e+00	 6.1409e+00
192	-1.1700e-02	-1.1700e-02	 6.7359e+00	 5.9450e+00
193	-1.0400e-02	-1.1700e-02	 6.6310e+00	 5.7182e+00
194	-9.1000e-03	-1.1700e-02	 6.5682e+00	 5.5709e+00
195	-7.8000e-03	-1.1700e-02	 6.5268e+00	 5.5955e+00
196	-6.5000e-03	-1.1700e-02	 6.5130e+00	 5.8194e+00
197	-5.2000e-03	-1.1700e-02	 6.6133e+00	 6.0646e+00
198	-3.9000e-03	-1.1700e-02	 6.7040e+00	 6.2556e+00
199	-2.6000e-03	-1.1700e-02	 6.7585e+00	 6.3588e+00
200	-1.3000e-03	-1.1700e-02	 6.7589e+00	 6.3036e+00
201	 0.0000e+00	-1.1700e-02	 6.7497e+00	 6.2273e+00
202	 1.3000e-03	-1.1700e-02	 6.6872e+00	 6.0291e+00
203	 2.6000e-03	-1.1700e-02	 6.6169e+00	 5.7136e+00
204	 3.9000e-03	-1.1700e-02	 6.5715e+00	 5.4197e+00
205	 5.2000e-03	-1.1700e-02	 6.5432e+00	 5.1975e+00
206	 6.5000e-03	-1.1700e-02	 6.5321e+00	 4.9595e+00
207	 7.8000e-03	-1.1700e-02	 6.6195e+00	 4.6975e+00
208	 9.1000e-03	-1.1700e-02	 6.7411e+00	 4.5824e+00
209	 1.0400e-02	-1.1700e-02	 6.7842e+00	 4.5772e+00
210	 1.1700e-02	-1.1700e-02	 6.7957e+00	 4.5555e+00
211	 1.3000e-02	-1.1700e-02	 6.8016e+00	 4.5588e+00
212	 1.4300e-02	-1.1700e-02	 6.8069e+00	 4.5831e+00
213	 1.5600e-02	-1.1700e-02	 6.8263e+00	 4.5180e+00
214	 1.6900e-02	-1.1700e-02	 6.7957e+00	 4.4598e+00
215	 1.8200e-02	-1.1700e-02	 6.7595e+00	 4.4141e+00
216	 1.9500e-02	-1.1700e-02	 6.6711e+00	 4.4447e+00
217	-1.9500e-02	-1.0400e-02	 6.7188e+00	 7.1076e+00
218	-1.8200e-02	-1.0400e-02	 6.7431e+00	 6.9285e+00
219	-1.6900e-02	-1.0400e-02	 6.8246e+00	 6.6856e+00
220	-1.5600e-02	-1.0400e-02	 6.9029e+00	 6.5518e+00
221	-1.4300e-02	-1.0400e-02	 6.8986e+00	 6.4477e+00
222	-1.3000e-02	-1.0400e-02	 6.8634e+00	 6.3335e+00
223	-1.1700e-02	-1.0400e-02	 6.7546e+00	 6.1599e+00
224	-1.0400e-02	-1.0400e-02	 6.6340e+00	 5.8230e+00
225	-9.1000e-03	-1.0400e-02	 6.5860e+00	 5.7287e+00
226	-7.8000e-03	-1.0400e-02	 6.5475e+00	 5.6866e+00
227	-6.5000e-03	-1.0400e-02	 6.5271e+00	 5.7908e+00
228	-5.2000e-03	-1.0400e-02	 6.5163e+00	 5.9778e+00
229	-3.9000e-03	-1.0400e-02	 6.5607e+00	 6.1409e+00
230	-2.6000e-03	-1.0400e-02	 6.5902e+00	 6.1912e+00
231	-1.3000e-03	-1.0400e-02	 6.5768e+00	 6.1337e+00
232	 0.0000e+00	-1.0400e-02	 6.5475e+00	 6.0354e+00
233	 1.3000e-03	-1.0400e-02	 6.5183e+00	 5.8033e+00
234	 2.6000e-03	-1.0400e-02	 6.5100e+00	 5.5153e+00
235	 3.9000e-03	-1.0400e-02	 6.4778e+00	 5.2921e+00
236	 5.2000e-03	-1.0400e-02	 6.5133e+00	 5.1353e+00
237	 6.5000e-03	-1.0400e-02	 6.5528e+00	 4.9989e+00
238	 7.8000e-03	-1.0400e-02	 6.6254e+00	 4.8388e+00
239	 9.1000e-03	-1.0400e-02	 6.7293e+00	 4.7820e+00
240	 1.0400e-02	-1.0400e-02	 6.7763e+00	 4.7632e+00
241	 1.1700e-02	-1.0400e-02	 6.8046e+00	 4.7297e+00
242	 1.3000e-02	-1.0400e-02	 6.7993e+00	 4.7652e+00
243	 1.4300e-02	-1.0400e-02	 6.8138e+00	 4.7876e+00
244	 1.5600e-02	-1.0400e-02	 6.8512e+00	 4.7406e+00
245	 1.6900e-02	-1.0400e-02	 6.8358e+00	 4.6860e+00
246	 1.8200e-02	-1.0400e-02	 6.7891e+00	 4.6206e+00
247	 1.9500e-02	-1.0400e-02	 6.7086e+00	 4.6784e+00
248	-1.9500e-02	-9.1000e-03	 6.6797e+00	 7.3154e+00
249	-1.8200e-02	-9.1000e-03	 6.6820e+00	 7.0403e+00
250	-1.6900e-02	-9.1000e-03	 6.7983e+00	 6.7802e+00
251	-1.5600e-02	-9.1000e-03	 6.8680e+00	 6.6688e+00
252	-1.4300e-02	-9.1000e-03	 6.9124e+00	 6.5817e+00
253	-1.3000e-02	-9.1000e-03	 6.9137e+00	 6.5163e+00
254	-1.1700e-02	-9.1000e-03	 6.7973e+00	 6.3861e+00
255	-1.0400e-02	-9.1000e-03	 6.6790e+00	 6.0321e+00
256	-9.1000e-03	-9.1000e-03	 6.6300e+00	 5.9341e+00
257	-7.8000e-03	-9.1000e-03	 6.5528e+00	 5.8565e+00
258	-6.5000e-03	-9.1000e-03	 6.5580e+00	 5.7425e+00
259	-5.2000e-03	-9.1000e-03	 6.5847e+00	 5.7836e+00
260	-3.9000e-03	-9.1000e-03	 6.5620e+00	 5.8477e+00
261	-2.6000e-03	-9.1000e-03	 6.5370e+00	 5.8322e+00
262	-1.3000e-03	-9.1000e-03	 6.5378e+00	 5.8628e+00
263	 0.0000e+00	-9.1000e-03	 6.5179e+00	 5.7813e+00
264	 1.3000e-03	-9.1000e-03	 6.4995e+00	 5.5699e+00
265	 2.6000e-03	-9.1000e-03	 6.5186e+00	 5.3612e+00
266	 3.9000e-03	-9.1000e-03	 6.4939e+00	 5.2935e+00
267	 5.2000e-03	-9.1000e-03	 6.5538e+00	 5.2008e+00
268	 6.5000e-03	-9.1000e-03	 6.6093e+00	 5.0403e+00
269	 7.8000e-03	-9.1000e-03	 6.6665e+00	 4.9776e+00
270	 9.1000e-03	-9.1000e-03	 6.7743e+00	 4.9720e+00
271	 1.0400e-02	-9.1000e-03	 6.8115e+00	 4.9467e+00
272	 1.1700e-02	-9.1000e-03	 6.8148e+00	 4.9174e+00
273	 1.3000e-02	-9.1000e-03	 6.8128e+00	 4.9575e+00
274	 1.4300e-02	-9.1000e-03	 6.8522e+00	 5.0081e+00
275	 1.5600e-02	-9.1000e-03	 6.8634e+00	 4.9575e+00
276	 1.6900e-02	-9.1000e-03	 6.8598e+00	 4.9158e+00
277	 1.8200e-02	-9.1000e-03	 6.8184e+00	 4.8766e+00
278	 1.9500e-02	-9.1000e-03	 6.7290e+00	 4.8924e+00
279	-1.9500e-02	-7.8000e-03	 6.7066e+00	 7.5600e+00
280	-1.8200e-02	-7.8000e-03	 6.7033e+00	 7.3032e+00
281	-1.6900e-02	-7.8000e-03	 6.7871e+00	 7.0074e+00
282	-1.5600e-02	-7.8000e-03	 6.8716e+00	 6.8506e+00
283	-1.4300e-02	-7.8000e-03	 6.9121e+00	 6.7369e+00
284	-1.3000e-02	-7.8000e-03	 6.9459e+00	 6.7106e+00
285	-1.1700e-02	-7.8000e-03	 6.8864e+00	 6.6017e+00
286	-1.0400e-02	-7.8000e-03	 6.7898e+00	 6.3154e+00
287	-9.1000e-03	-7.8000e-03	 6.6987e+00	 6.2523e+00
288	-7.8000e-03	-7.8000e-03	 6.5492e+00	 6.0472e+00
289	-6.5000e-03	-7.8000e-03	 6.5830e+00	 5.8779e+00
290	-5.2000e-03	-7.8000e-03	 6.5978e+00	 5.8296e+00
291	-3.9000e-03	-7.8000e-03	 6.5837e+00	 5.6892e+00
292	-2.6000e-03	-7.8000e-03	 6.6073e+00	 5.5942e+00
293	-1.3000e-03	-7.8000e-03	 6.6280e+00	 5.6616e+00
294	 0.0000e+00	-7.8000e-03	 6.5958e+00	 5.6511e+00
295	 1.3000e-03	-7.8000e-03	 6.6264e+00	 5.5972e+00
296	 2.6000e-03	-7.8000e-03	 6.6251e+00	 5.5265e+00
297	 3.9000e-03	-7.8000e-03	 6.5985e+00	 5.4414e+00
298	 5.2000e-03	-7.8000e-03	 6.6011e+00	 5.4164e+00
299	 6.5000e-03	-7.8000e-03	 6.6438e+00	 5.3576e+00
300	 7.8000e-03	-7.8000e-03	 6.6875e+00	 5.2596e+00
301	 9.1000e-03	-7.8000e-03	 6.7773e+00	 5.2215e+00
302	 1.0400e-02	-7.8000e-03	 6.8148e+00	 5.1396e+00
303	 1.1700e-02	-7.8000e-03	 6.8253e+00	 5.1209e+00
304	 1.3000e-02	-7.8000e-03	 6.8365e+00	 5.1662e+00
305	 1.4300e-02	-7.8000e-03	 6.8483e+00	 5.2024e+00
306	 1.5600e-02	-7.8000e-03	 6.8598e+00	 5.1192e+00
307	 1.6900e-02	-7.8000e-03	 6.8575e+00	 5.1071e+00
308	 1.8200e-02	-7.8000e-03	 6.8411e+00	 5.0979e+00
309	 1.9500e-02	-7.8000e-03	 6.7717e+00	 5.1258e+00
310	-1.9500e-02	-6.5000e-03	 6.7411e+00	 7.7273e+00
311	-1.8200e-02	-6.5000e-03	 6.7444e+00	 7.4745e+00
312	-1.6900e-02	-6.5000e-03	 6.7990e+00	 7.2454e+00
313	-1.5600e-02	-6.5000e-03	 6.8835e+00	 7.0679e+00
314	-1.4300e-02	-6.5000e-03	 6.9489e+00	 6.9607e+00
315	-1.3000e-02	-6.5000e-03	 6.9785e+00	 6.9555e+00
316	-1.1700e-02	-6.5000e-03	 6.9433e+00	 6.8710e+00
317	-1.0400e-02	-6.5000e-03	 6.9193e+00	 6.7115e+00
318	-9.1000e-03	-6.5000e-03	 6.8345e+00	 6.6031e+00
319	-7.8000e-03	-6.5000e-03	 6.6731e+00	 6.4413e+00
320	-6.5000e-03	-6.5000e-03	 6.6428e+00	 6.2107e+00
321	-5.2000e-03	-6.5000e-03	 6.6004e+00	 6.1166e+00
322	-3.9000e-03	-6.5000e-03	 6.5939e+00	 5.9068e+00
323	-2.6000e-03	-6.5000e-03	 6.6494e+00	 5.7372e+00
324	-1.3000e-03	-6.5000e-03	 6.7244e+00	 5.7908e+00
325	 0.0000e+00	-6.5000e-03	 6.7234e+00	 5.7727e+00
326	 1.3000e-03	-6.5000e-03	 6.7441e+00	 5.6942e+00
327	 2.6000e-03	-6.5000e-03	 6.7717e+00	 5.6692e+00
328	 3.9000e-03	-6.5000e-03	 6.7405e+00	 5.6820e+00
329	 5.2000e-03	-6.5000e-03	 6.7438e+00	 5.6731e+00
330	 6.5000e-03	-6.5000e-03	 6.7760e+00	 5.6951e+00
331	 7.8000e-03	-6.5000e-03	 6.7799e+00	 5.6044e+00
332	 9.1000e-03	-6.5000e-03	 6.8460e+00	 5.5022e+00
333	 1.0400e-02	-6.5000e-03	 6.8305e+00	 5.4026e+00
334	 1.1700e-02	-6.5000e-03	 6.8289e+00	 5.3339e+00
335	 1.3000e-02	-6.5000e-03	 6.8411e+00	 5.3276e+00
336	 1.4300e-02	-6.5000e-03	 6.8483e+00	 5.3924e+00
337	 1.5600e-02	-6.5000e-03	 6.8345e+00	 5.3500e+00
338	 1.6900e-02	-6.5000e-03	 6.8361e+00	 5.3510e+00
339	 1.8200e-02	-6.5000e-03	 6.8217e+00	 5.3296e+00
340	 1.9500e-02	-6.5000e-03	 6.7474e+00	 5.3523e+00
341	-1.9500e-02	-5.2000e-03	 6.7227e+00	 7.9406e+00
342	-1.8200e-02	-5.2000e-03	 6.7470e+00	 7.7634e+00
343	-1.6900e-02	-5.2000e-03	 6.7770e+00	 7.5448e+00
344	-1.5600e-02	-5.2000e-03	 6.8565e+00	 7.3088e+00
345	-1.4300e-02	-5.2000e-03	 6.9236e+00	 7.1320e+00
346	-1.3000e-02	-5.2000e-03	 6.9617e+00	 7.0626e+00
347	-1.1700e-02	-5.2000e-03	 6.9732e+00	 7.0307e+00
348	-1.0400e-02	-5.2000e-03	 6.9752e+00	 6.9226e+00
349	-9.1000e-03	-5.2000e-03	 6.9571e+00	 6.8489e+00
350	-7.8000e-03	-5.2000e-03	 6.8558e+00	 6.7290e+00
351	-6.5000e-03	-5.2000e-03	 6.7707e+00	 6.5916e+00
352	-5.2000e-03	-5.2000e-03	 6.6839e+00	 6.4357e+00
353	-3.9000e-03	-5.2000e-03	 6.6425e+00	 6.2704e+00
354	-2.6000e-03	-5.2000e-03	 6.7339e+00	 6.0843e+00
355	-1.3000e-03	-5.2000e-03	 6.7908e+00	 6.0377e+00
356	 0.0000e+00	-5.2000e-03	 6.8171e+00	 5.9864e+00
357	 1.3000e-03	-5.2000e-03	 6.8463e+00	 5.9229e+00
358	 2.6000e-03	-5.2000e-03	 6.8552e+00	 5.9174e+00
359	 3.9000e-03	-5.2000e-03	 6.8542e+00	 5.9381e+00
360	 5.2000e-03	-5.2000e-03	 6.8529e+00	 5.9683e+00
361	 6.5000e-03	-5.2000e-03	 6.8371e+00	 5.9456e+00
362	 7.8000e-03	-5.2000e-03	 6.8552e+00	 5.8043e+00
363	 9.1000e-03	-5.2000e-03	 6.8848e+00	 5.7303e+00
364	 1.0400e-02	-5.2000e-03	 6.8581e+00	 5.6366e+00
365	 1.1700e-02	-5.2000e-03	 6.8365e+00	 5.5840e+00
366	 1.3000e-02	-5.2000e-03	 6.8411e+00	 5.6182e+00
367	 1.4300e-02	-5.2000e-03	 6.8503e+00	 5.6287e+00
368	 1.5600e-02	-5.2000e-03	 6.8006e+00	 5.6284e+00
369	 1.6900e-02	-5.2000e-03	 6.7868e+00	 5.6130e+00
370	 1.8200e-02	-5.2000e-03	 6.7585e+00	 5.6195e+00
371	 1.9500e-02	-5.2000e-03	 6.7165e+00	 5.6225e+00
372	-1.9500e-02	-3.9000e-03	 6.6961e+00	 8.1257e+00
373	-1.8200e-02	-3.9000e-03	 6.7378e+00	 8.0327e+00
374	-1.6900e-02	-3.9000e-03	 6.7655e+00	 7.8427e+00
375	-1.5600e-02	-3.9000e-03	 6.8194e+00	 7.5807e+00
376	-1.4300e-02	-3.9000e-03	 6.8933e+00	 7.3917e+00
377	-1.3000e-02	-3.9000e-03	 6.9630e+00	 7.2789e+00
378	-1.1700e-02	-3.9000e-03	 6.9739e+00	 7.2378e+00
379	-1.0400e-02	-3.9000e-03	 6.9860e+00	 7.1790e+00
380	-9.1000e-03	-3.9000e-03	 6.9916e+00	 7.1126e+00
381	-7.8000e-03	-3.9000e-03	 6.9558e+00	 7.0153e+00
382	-6.5000e-03	-3.9000e-03	 6.8782e+00	 6.9199e+00
383	-5.2000e-03	-3.9000e-03	 6.7990e+00	 6.8417e+00
384	-3.9000e-03	-3.9000e-03	 6.7398e+00	 6.6760e+00
385	-2.6000e-03	-3.9000e-03	 6.7664e+00	 6.5028e+00
386	-1.3000e-03	-3.9000e-03	 6.7868e+00	 6.3440e+00
387	 0.0000e+00	-3.9000e-03	 6.8276e+00	 6.3161e+00
388	 1.3000e-03	-3.9000e-03	 6.8529e+00	 6.2727e+00
389	 2.6000e-03	-3.9000e-03	 6.8529e+00	 6.2155e+00
390	 3.9000e-03	-3.9000e-03	 6.8651e+00	 6.2720e+00
391	 5.2000e-03	-3.9000e-03	 6.8785e+00	 6.2559e+00
392	 6.5000e-03	-3.9000e-03	 6.8407e+00	 6.1521e+00
393	 7.8000e-03	-3.9000e-03	 6.8388e+00	 6.0331e+00
394	 9.1000e-03	-3.9000e-03	 6.8539e+00	 5.9463e+00
395	 1.0400e-02	-3.9000e-03	 6.8338e+00	 5.8694e+00
396	 1.1700e-02	-3.9000e-03	 6.8358e+00	 5.8523e+00
397	 1.3000e-02	-3.9000e-03	 6.8700e+00	 5.8740e+00
398	 1.4300e-02	-3.9000e-03	 6.8503e+00	 5.8970e+00
399	 1.5600e-02	-3.9000e-03	 6.8279e+00	 5.9075e+00
400	 1.6900e-02	-3.9000e-03	 6.7950e+00	 5.8858e+00
401	 1.8200e-02	-3.9000e-03	 6.7480e+00	 5.9295e+00
402	 1.9500e-02	-3.9000e-03	 6.6905e+00	 5.9325e+00
403	-1.9500e-02	-2.6000e-03	 6.6974e+00	 8.4094e+00
404	-1.8200e-02	-2.6000e-03	 6.7408e+00	 8.3821e+00
405	-1.6900e-02	-2.6000e-03	 6.7687e+00	 8.2463e+00
406	-1.5600e-02	-2.6000e-03	 6.7783e+00	 8.0225e+00
407	-1.4300e-02	-2.6000e-03	 6.8230e+00	 7.7539e+00
408	-1.3000e-02	-2.6000e-03	 6.8963e+00	 7.6050e+00
409	-1.1700e-02	-2.6000e-03	 6.9433e+00	 7.4472e+00
410	-1.0400e-02	-2.6000e-03	 6.9887e+00	 7.3138e+00
411	-9.1000e-03	-2.6000e-03	 7.0051e+00	 7.3299e+00
412	-7.8000e-03	-2.6000e-03	 6.9975e+00	 7.2730e+00
413	-6.5000e-03	-2.6000e-03	 6.9594e+00	 7.2112e+00
414	-5.2000e-03	-2.6000e-03	 6.9048e+00	 7.1770e+00
415	-3.9000e-03	-2.6000e-03	 6.8381e+00	 7.0761e+00
416	-2.6000e-03	-2.6000e-03	 6.8105e+00	 6.9262e+00
417	-1.3000e-03	-2.6000e-03	 6.8102e+00	 6.8585e+00
418	 0.0000e+00	-2.6000e-03	 6.8512e+00	 6.8033e+00
419	 1.3000e-03	-2.6000e-03	 6.8598e+00	 6.6879e+00
420	 2.6000e-03	-2.6000e-03	 6.8769e+00	 6.6990e+00
421	 3.9000e-03	-2.6000e-03	 6.8759e+00	 6.7595e+00
422	 5.2000e-03	-2.6000e-03	 6.8900e+00	 6.7247e+00
423	 6.5000e-03	-2.6000e-03	 6.8614e+00	 6.5968e+00
424	 7.8000e-03	-2.6000e-03	 6.8503e+00	 6.4805e+00
425	 9.1000e-03	-2.6000e-03	 6.8591e+00	 6.3049e+00
426	 1.0400e-02	-2.6000e-03	 6.8496e+00	 6.1882e+00
427	 1.1700e-02	-2.6000e-03	 6.8588e+00	 6.1563e+00
428	 1.3000e-02	-2.6000e-03	 6.8890e+00	 6.1770e+00
429	 1.4300e-02	-2.6000e-03	 6.8759e+00	 6.1323e+00
430	 1.5600e-02	-2.6000e-03	 6.8407e+00	 6.1468e+00
431	 1.6900e-02	-2.6000e-03	 6.8056e+00	 6.1859e+00
432	 1.8200e-02	-2.6000e-03	 6.7421e+00	 6.2106e+00
433	 1.9500e-02	-2.6000e-03	 6.7158e+00	 6.1958e+00
434	-1.9500e-02	-1.3000e-03	 6.6100e+00	 8.6556e+00
435	-1.8200e-02	-1.3000e-03	 6.6994e+00	 8.5705e+00
436	-1.6900e-02	-1.3000e-03	 6.7608e+00	 8.4718e+00
437	-1.5600e-02	-1.3000e-03	 6.8003e+00	 8.3160e+00
438	-1.4300e-02	-1.3000e-03	 6.8272e+00	 8.1573e+00
439	-1.3000e-02	-1.3000e-03	 6.8736e+00	 7.9377e+00
440	-1.1700e-02	-1.3000e-03	 6.9262e+00	 7.7569e+00
441	-1.0400e-02	-1.3000e-03	 6.9748e+00	 7.5961e+00
442	-9.1000e-03	-1.3000e-03	 7.0117e+00	 7.5310e+00
443	-7.8000e-03	-1.3000e-03	 7.0087e+00	 7.4923e+00
444	-6.5000e-03	-1.3000e-03	 6.9778e+00	 7.4515e+00
445	-5.2000e-03	-1.3000e-03	 6.9351e+00	 7.4265e+00
446	-3.9000e-03	-1.3000e-03	 6.8844e+00	 7.3644e+00
447	-2.6000e-03	-1.3000e-03	 6.8789e+00	 7.2750e+00
448	-1.3000e-03	-1.3000e-03	 6.8900e+00	 7.2487e+00
449	 0.0000e+00	-1.3000e-03	 6.8914e+00	 7.1593e+00
450	 1.3000e-03	-1.3000e-03	 6.9127e+00	 7.0675e+00
451	 2.6000e-03	-1.3000e-03	 6.9518e+00	 7.0800e+00
452	 3.9000e-03	-1.3000e-03	 6.9640e+00	 7.0991e+00
453	 5.2000e-03	-1.3000e-03	 6.9581e+00	 7.0449e+00
454	 6.5000e-03	-1.3000e-03	 6.9495e+00	 6.9055e+00
455	 7.8000e-03	-1.3000e-03	 6.9446e+00	 6.7760e+00
456	 9.1000e-03	-1.3000e-03	 6.9242e+00	 6.6238e+00
457	 1.0400e-02	-1.3000e-03	 6.9137e+00	 6.4775e+00
458	 1.1700e-02	-1.3000e-03	 6.9012e+00	 6.3924e+00
459	 1.3000e-02	-1.3000e-03	 6.8831e+00	 6.3641e+00
460	 1.4300e-02	-1.3000e-03	 6.8552e+00	 6.3164e+00
461	 1.5600e-02	-1.3000e-03	 6.8243e+00	 6.3569e+00
462	 1.6900e-02	-1.3000e-03	 6.7868e+00	 6.4177e+00
463	 1.8200e-02	-1.3000e-03	 6.7500e+00	 6.4775e+00
464	 1.9500e-02	-1.3000e-03	 6.6961e+00	 6.4417e+00
465	-1.9500e-02	 0.0000e+00	 6.5261e+00	 8.8870e+00
466	-1.8200e-02	 0.0000e+00	 6.6113e+00	 8.7204e+00
467	-1.6900e-02	 0.0000e+00	 6.6711e+00	 8.5902e+00
468	-1.5600e-02	 0.0000e+00	 6.7500e+00	 8.4794e+00
469	-1.4300e-02	 0.0000e+00	 6.7855e+00	 8.3423e+00
470	-1.3000e-02	 0.0000e+00	 6.8292e+00	 8.1513e+00
471	-1.1700e-02	 0.0000e+00	 6.8904e+00	 7.9291e+00
472	-1.0400e-02	 0.0000e+00	 6.9683e+00	 7.7378e+00
473	-9.1000e-03	 0.0000e+00	 7.0146e+00	 7.6477e+00
474	-7.8000e-03	 0.0000e+00	 7.0416e+00	 7.6014e+00
475	-6.5000e-03	 0.0000e+00	 7.0189e+00	 7.5827e+00
476	-5.2000e-03	 0.0000e+00	 6.9867e+00	 7.6195e+00
477	-3.9000e-03	 0.0000e+00	 6.9505e+00	 7.5577e+00
478	-2.6000e-03	 0.0000e+00	 6.9364e+00	 7.5370e+00
479	-1.3000e-03	 0.0000e+00	 6.9292e+00	 7.4002e+00
480	 0.0000e+00	 0.0000e+00	 6.9403e+00	 7.2815e+00
481	 1.3000e-03	 0.0000e+00	 6.9614e+00	 7.2385e+00
482	 2.6000e-03	 0.0000e+00	 7.0123e+00	 7.2220e+00
483	 3.9000e-03	 0.0000e+00	 7.0274e+00	 7.2289e+00
484	 5.2000e-03	 0.0000e+00	 7.0458e+00	 7.1629e+00
485	 6.5000e-03	 0.0000e+00	 7.0363e+00	 7.0521e+00
486	 7.8000e-03	 0.0000e+00	 7.0205e+00	 6.9301e+00
487	 9.1000e-03	 0.0000e+00	 6.9913e+00	 6.8371e+00
488	 1.0400e-02	 0.0000e+00	 6.9531e+00	 6.7129e+00
489	 1.1700e-02	 0.0000e+00	 6.9032e+00	 6.6665e+00
490	 1.3000e-02	 0.0000e+00	 6.8641e+00	 6.6705e+00
491	 1.4300e-02	 0.0000e+00	 6.8148e+00	 6.6366e+00
492	 1.5600e-02	 0.0000e+00	 6.8036e+00	 6.6448e+00
493	 1.6900e-02	 0.0000e+00	 6.7737e+00	 6.6708e+00
494	 1.8200e-02	 0.0000e+00	 6.7651e+00	 6.6507e+00
495	 1.9500e-02	 0.0000e+00	 6.7207e+00	 6.5791e+00
496	-1.9500e-02	 1.3000e-03	 6.5199e+00	 9.1602e+00
497	-1.8200e-02	 1.3000e-03	 6.5469e+00	 9.0471e+00
498	-1.6900e-02	 1.3000e-03	 6.6162e+00	 8.8864e+00
499	-1.5600e-02	 1.3000e-03	 6.6688e+00	 8.7621e+00
500	-1.4300e-02	 1.3000e-03	 6.7155e+00	 8.5902e+00
501	-1.3000e-02	 1.3000e-03	 6.7392e+00	 8.4594e+00
502	-1.1700e-02	 1.3000e-03	 6.8013e+00	 8.2391e+00
503	-1.0400e-02	 1.3000e-03	 6.8572e+00	 8.0317e+00
504	-9.1000e-03	 1.3000e-03	 6.9397e+00	 7.8821e+00
505	-7.8000e-03	 1.3000e-03	 6.9929e+00	 7.7891e+00
506	-6.5000e-03	 1.3000e-03	 7.0133e+00	 7.7549e+00
507	-5.2000e-03	 1.3000e-03	 7.0084e+00	 7.7740e+00
508	-3.9000e-03	 1.3000e-03	 6.9630e+00	 7.7648e+00
509	-2.6000e-03	 1.3000e-03	 6.9224e+00	 7.6859e+00
510	-1.3000e-03	 1.3000e-03	 6.9042e+00	 7.5258e+00
511	 0.0000e+00	 1.3000e-03	 6.8877e+00	 7.4380e+00
512	 1.3000e-03	 1.3000e-03	 6.9098e+00	 7.3522e+00
513	 2.6000e-03	 1.3000e-03	 6.9837e+00	 7.2967e+00
514	 3.9000e-03	 1.3000e-03	 7.0258e+00	 7.2756e+00
515	 5.2000e-03	 1.3000e-03	 7.0360e+00	 7.1990e+00
516	 6.5000e-03	 1.3000e-03	 7.0528e+00	 7.1356e+00
517	 7.8000e-03	 1.3000e-03	 7.0113e+00	 7.0463e+00
518	 9.1000e-03	 1.3000e-03	 6.9640e+00	 7.0245e+00
519	 1.0400e-02	 1.3000e-03	 6.9144e+00	 6.9610e+00
520	 1.1700e-02	 1.3000e-03	 6.8743e+00	 6.9877e+00
521	 1.3000e-02	 1.3000e-03	 6.8391e+00	 6.9410e+00
522	 1.4300e-02	 1.3000e-03	 6.8102e+00	 6.8720e+00
523	 1.5600e-02	 1.3000e-03	 6.7931e+00	 6.8404e+00
524	 1.6900e-02	 1.3000e-03	 6.7704e+00	 6.8108e+00
525	 1.8200e-02	 1.3000e-03	 6.7168e+00	 6.7395e+00
526	 1.9500e-02	 1.3000e-03	 6.6405e+00	 6.6596e+00
527	-1.9500e-02	 2.6000e-03	 6.5097e+00	 9.4491e+00
528	-1.8200e-02	 2.6000e-03	 6.5344e+00	 9.3042e+00
529	-1.6900e-02	 2.6000e-03	 6.5518e+00	 9.1138e+00
530	-1.5600e-02	 2.6000e-03	 6.6188e+00	 8.9738e+00
531	-1.4300e-02	 2.6000e-03	 6.6728e+00	 8.8749e+00
532	-1.3000e-02	 2.6000e-03	 6.6954e+00	 8.7743e+00
533	-1.1700e-02	 2.6000e-03	 6.7046e+00	 8.6070e+00
534	-1.0400e-02	 2.6000e-03	 6.7674e+00	 8.4123e+00
535	-9.1000e-03	 2.6000e-03	 6.8263e+00	 8.2388e+00
536	-7.8000e-03	 2.6000e-03	 6.8897e+00	 8.1185e+00
537	-6.5000e-03	 2.6000e-03	 6.9357e+00	 8.0399e+00
538	-5.2000e-03	 2.6000e-03	 6.9446e+00	 8.0225e+00
539	-3.9000e-03	 2.6000e-03	 6.9209e+00	 8.0218e+00
540	-2.6000e-03	 2.6000e-03	 6.8848e+00	 7.9301e+00
541	-1.3000e-03	 2.6000e-03	 6.8351e+00	 7.8078e+00
542	 0.0000e+00	 2.6000e-03	 6.8269e+00	 7.6777e+00
543	 1.3000e-03	 2.6000e-03	 6.8651e+00	 7.5475e+00
544	 2.6000e-03	 2.6000e-03	 6.9246e+00	 7.4544e+00
545	 3.9000e-03	 2.6000e-03	 6.9693e+00	 7.3736e+00
546	 5.2000e-03	 2.6000e-03	 7.0041e+00	 7.3621e+00
547	 6.5000e-03	 2.6000e-03	 7.0261e+00	 7.3016e+00
548	 7.8000e-03	 2.6000e-03	 6.9771e+00	 7.2720e+00
549	 9.1000e-03	 2.6000e-03	 6.9301e+00	 7.2339e+00
550	 1.0400e-02	 2.6000e-03	 6.8581e+00	 7.2474e+00
551	 1.1700e-02	 2.6000e-03	 6.8029e+00	 7.2132e+00
552	 1.3000e-02	 2.6000e-03	 6.7510e+00	 7.2148e+00
553	 1.4300e-02	 2.6000e-03	 6.7319e+00	 7.1616e+00
554	 1.5600e-02	 2.6000e-03	 6.7329e+00	 7.0620e+00
555	 1.6900e-02	 2.6000e-03	 6.6935e+00	 6.9913e+00
556	 1.8200e-02	 2.6000e-03	 6.6179e+00	 6.9232e+00
557	 1.9500e-02	 2.6000e-03	 6.5518e+00	 6.8371e+00
558	-1.9500e-02	 3.9000e-03	 6.4870e+00	 9.6339e+00
559	-1.8200e-02	 3.9000e-03	 6.5074e+00	 9.5898e+00
560	-1.6900e-02	 3.9000e-03	 6.5455e+00	 9.4245e+00
561	-1.5600e-02	 3.9000e-03	 6.6001e+00	 9.2933e+00
562	-1.4300e-02	 3.9000e-03	 6.6774e+00	 9.1661e+00
563	-1.3000e-02	 3.9000e-03	 6.7129e+00	 9.1309e+00
564	-1.1700e-02	 3.9000e-03	 6.7293e+00	 8.9669e+00
565	-1.0400e-02	 3.9000e-03	 6.7592e+00	 8.7914e+00
566	-9.1000e-03	 3.9000e-03	 6.7878e+00	 8.6116e+00
567	-7.8000e-03	 3.9000e-03	 6.8460e+00	 8.4354e+00
568	-6.5000e-03	 3.9000e-03	 6.9009e+00	 8.3404e+00
569	-5.2000e-03	 3.9000e-03	 6.9081e+00	 8.2993e+00
570	-3.9000e-03	 3.9000e-03	 6.8841e+00	 8.2858e+00
571	-2.6000e-03	 3.9000e-03	 6.8519e+00	 8.2256e+00
572	-1.3000e-03	 3.9000e-03	 6.8190e+00	 8.0922e+00
573	 0.0000e+00	 3.9000e-03	 6.8075e+00	 7.9441e+00
574	 1.3000e-03	 3.9000e-03	 6.8072e+00	 7.7723e+00
575	 2.6000e-03	 3.9000e-03	 6.8532e+00	 7.6435e+00
576	 3.9000e-03	 3.9000e-03	 6.9091e+00	 7.6155e+00
577	 5.2000e-03	 3.9000e-03	 6.9610e+00	 7.5659e+00
578	 6.5000e-03	 3.9000e-03	 6.9699e+00	 7.5386e+00
579	 7.8000e-03	 3.9000e-03	 6.9390e+00	 7.5485e+00
580	 9.1000e-03	 3.9000e-03	 6.8792e+00	 7.5189e+00
581	 1.0400e-02	 3.9000e-03	 6.8121e+00	 7.5866e+00
582	 1.1700e-02	 3.9000e-03	 6.7369e+00	 7.5435e+00
583	 1.3000e-02	 3.9000e-03	 6.6984e+00	 7.4857e+00
584	 1.4300e-02	 3.9000e-03	 6.6698e+00	 7.4600e+00
585	 1.5600e-02	 3.9000e-03	 6.6323e+00	 7.3654e+00
586	 1.6900e-02	 3.9000e-03	 6.5554e+00	 7.2917e+00
587	 1.8200e-02	 3.9000e-03	 6.4781e+00	 7.1931e+00
588	 1.9500e-02	 3.9000e-03	 6.4210e+00	 7.1583e+00
589	-1.9500e-02	 5.2000e-03	 6.4321e+00	 9.7983e+00
590	-1.8200e-02	 5.2000e-03	 6.5064e+00	 9.7345e+00
591	-1.6900e-02	 5.2000e-03	 6.5702e+00	 9.6589e+00
592	-1.5600e-02	 5.2000e-03	 6.6481e+00	 9.4988e+00
593	-1.4300e-02	 5.2000e-03	 6.6958e+00	 9.4823e+00
594	-1.3000e-02	 5.2000e-03	 6.7322e+00	 9.4031e+00
595	-1.1700e-02	 5.2000e-03	 6.7503e+00	 9.2874e+00
596	-1.0400e-02	 5.2000e-03	 6.7559e+00	 9.1129e+00
597	-9.1000e-03	 5.2000e-03	 6.7924e+00	 8.9350e+00
598	-7.8000e-03	 5.2000e-03	 6.8266e+00	 8.7739e+00
599	-6.5000e-03	 5.2000e-03	 6.8621e+00	 8.6198e+00
600	-5.2000e-03	 5.2000e-03	 6.8654e+00	 8.5613e+00
601	-3.9000e-03	 5.2000e-03	 6.8687e+00	 8.5050e+00
602	-2.6000e-03	 5.2000e-03	 6.8493e+00	 8.4702e+00
603	-1.3000e-03	 5.2000e-03	 6.7845e+00	 8.3860e+00
604	 0.0000e+00	 5.2000e-03	 6.7398e+00	 8.2470e+00
605	 1.3000e-03	 5.2000e-03	 6.7424e+00	 8.1257e+00
606	 2.6000e-03	 5.2000e-03	 6.7760e+00	 7.9291e+00
607	 3.9000e-03	 5.2000e-03	 6.8194e+00	 7.8801e+00
608	 5.2000e-03	 5.2000e-03	 6.8976e+00	 7.8463e+00
609	 6.5000e-03	 5.2000e-03	 6.9190e+00	 7.8696e+00
610	 7.8000e-03	 5.2000e-03	 6.9091e+00	 7.8443e+00
611	 9.1000e-03	 5.2000e-03	 6.8519e+00	 7.8417e+00
612	 1.0400e-02	 5.2000e-03	 6.7779e+00	 7.8045e+00
613	 1.1700e-02	 5.2000e-03	 6.7076e+00	 7.7746e+00
614	 1.3000e-02	 5.2000e-03	 6.6820e+00	 7.7526e+00
615	 1.4300e-02	 5.2000e-03	 6.6182e+00	 7.6964e+00
616	 1.5600e-02	 5.2000e-03	 6.5436e+00	 7.6050e+00
617	 1.6900e-02	 5.2000e-03	 6.4430e+00	 7.5258e+00
618	 1.8200e-02	 5.2000e-03	 6.3401e+00	 7.5100e+00
619	 1.9500e-02	 5.2000e-03	 6.2796e+00	 7.4387e+00
620	-1.9500e-02	 6.5000e-03	 6.3776e+00	 9.8042e+00
621	-1.8200e-02	 6.5000e-03	 6.4624e+00	 9.8321e+00
622	-1.6900e-02	 6.5000e-03	 6.5551e+00	 9.7812e+00
623	-1.5600e-02	 6.5000e-03	 6.6359e+00	 9.7088e+00
624	-1.4300e-02	 6.5000e-03	 6.6981e+00	 9.6977e+00
625	-1.3000e-02	 6.5000e-03	 6.7178e+00	 9.6309e+00
626	-1.1700e-02	 6.5000e-03	 6.7250e+00	 9.5310e+00
627	-1.0400e-02	 6.5000e-03	 6.7421e+00	 9.4232e+00
628	-9.1000e-03	 6.5000e-03	 6.7592e+00	 9.2490e+00
629	-7.8000e-03	 6.5000e-03	 6.7783e+00	 9.0652e+00
630	-6.5000e-03	 6.5000e-03	 6.8141e+00	 8.8745e+00
631	-5.2000e-03	 6.5000e-03	 6.8282e+00	 8.8048e+00
632	-3.9000e-03	 6.5000e-03	 6.8394e+00	 8.7868e+00
633	-2.6000e-03	 6.5000e-03	 6.8141e+00	 8.7828e+00
634	-1.3000e-03	 6.5000e-03	 6.7710e+00	 8.7641e+00
635	 0.0000e+00	 6.5000e-03	 6.6977e+00	 8.6592e+00
636	 1.3000e-03	 6.5000e-03	 6.6705e+00	 8.4978e+00
637	 2.6000e-03	 6.5000e-03	 6.6790e+00	 8.2792e+00
638	 3.9000e-03	 6.5000e-03	 6.7299e+00	 8.1356e+00
639	 5.2000e-03	 6.5000e-03	 6.7947e+00	 8.1283e+00
640	 6.5000e-03	 6.5000e-03	 6.8424e+00	 8.1342e+00
641	 7.8000e-03	 6.5000e-03	 6.8325e+00	 8.1247e+00
642	 9.1000e-03	 6.5000e-03	 6.7822e+00	 8.0915e+00
643	 1.0400e-02	 6.5000e-03	 6.7125e+00	 8.0583e+00
644	 1.1700e-02	 6.5000e-03	 6.6474e+00	 8.0563e+00
645	 1.3000e-02	 6.5000e-03	 6.6409e+00	 8.0054e+00
646	 1.4300e-02	 6.5000e-03	 6.5748e+00	 7.9929e+00
647	 1.5600e-02	 6.5000e-03	 6.4719e+00	 7.9673e+00
648	 1.6900e-02	 6.5000e-03	 6.3476e+00	 7.9617e+00
649	 1.8200e-02	 6.5000e-03	 6.2198e+00	 7.8969e+00
650	 1.9500e-02	 6.5000e-03	 6.2237e+00	 7.8512e+00
651	-1.9500e-02	 7.8000e-03	 6.3233e+00	 8.7023e+00
652	-1.8200e-02	 7.8000e-03	 6.4025e+00	 9.7785e+00
653	-1.6900e-02	 7.8000e-03	 6.4650e+00	 9.8663e+00
654	-1.5600e-02	 7.8000e-03	 6.5383e+00	 9.8670e+00
655	-1.4300e-02	 7.8000e-03	 6.6307e+00	 9.8647e+00
656	-1.3000e-02	 7.8000e-03	 6.6797e+00	 9.8400e+00
657	-1.1700e-02	 7.8000e-03	 6.6987e+00	 9.7900e+00
658	-1.0400e-02	 7.8000e-03	 6.7010e+00	 9.7249e+00
659	-9.1000e-03	 7.8000e-03	 6.7092e+00	 9.5681e+00
660	-7.8000e-03	 7.8000e-03	 6.7161e+00	 9.4163e+00
661	-6.5000e-03	 7.8000e-03	 6.7326e+00	 9.2572e+00
662	-5.2000e-03	 7.8000e-03	 6.7497e+00	 9.1520e+00
663	-3.9000e-03	 7.8000e-03	 6.7825e+00	 9.0898e+00
664	-2.6000e-03	 7.8000e-03	 6.7750e+00	 9.0869e+00
665	-1.3000e-03	 7.8000e-03	 6.7490e+00	 9.1477e+00
666	 0.0000e+00	 7.8000e-03	 6.6833e+00	 9.0984e+00
667	 1.3000e-03	 7.8000e-03	 6.6399e+00	 8.9485e+00
668	 2.6000e-03	 7.8000e-03	 6.6280e+00	 8.7409e+00
669	 3.9000e-03	 7.8000e-03	 6.6806e+00	 8.5849e+00
670	 5.2000e-03	 7.8000e-03	 6.7602e+00	 8.5136e+00
671	 6.5000e-03	 7.8000e-03	 6.7796e+00	 8.4603e+00
672	 7.8000e-03	 7.8000e-03	 6.7424e+00	 8.4054e+00
673	 9.1000e-03	 7.8000e-03	 6.7119e+00	 8.3857e+00
674	 1.0400e-02	 7.8000e-03	 6.6586e+00	 8.3512e+00
675	 1.1700e-02	 7.8000e-03	 6.6165e+00	 8.3173e+00
676	 1.3000e-02	 7.8000e-03	 6.5659e+00	 8.2786e+00
677	 1.4300e-02	 7.8000e-03	 6.4929e+00	 8.3367e+00
678	 1.5600e-02	 7.8000e-03	 6.3970e+00	 8.4363e+00
679	 1.6900e-02	 7.8000e-03	 6.2852e+00	 8.4465e+00
680	 1.8200e-02	 7.8000e-03	 6.2047e+00	 8.4324e+00
681	 1.9500e-02	 7.8000e-03	 6.1139e+00	 8.2595e+00
682	-1.9500e-02	 9.1000e-03	 6.2099e+00	 1.4383e-01
683	-1.8200e-02	 9.1000e-03	 6.3112e+00	 2.8879e-01
684	-1.6900e-02	 9.1000e-03	 6.4394e+00	 1.8952e-01
685	-1.5600e-02	 9.1000e-03	 6.5268e+00	 1.7276e-01
686	-1.4300e-02	 9.1000e-03	 6.5870e+00	 1.1589e-01
687	-1.3000e-02	 9.1000e-03	 6.6803e+00	 4.9407e-01
688	-1.1700e-02	 9.1000e-03	 6.7043e+00	 9.9163e+00
689	-1.0400e-02	 9.1000e-03	 6.6849e+00	 9.8847e+00
690	-9.1000e-03	 9.1000e-03	 6.6639e+00	 9.8430e+00
691	-7.8000e-03	 9.1000e-03	 6.6734e+00	 9.6894e+00
692	-6.5000e-03	 9.1000e-03	 6.6760e+00	 9.5478e+00
693	-5.2000e-03	 9.1000e-03	 6.6935e+00	 9.3936e+00
694	-3.9000e-03	 9.1000e-03	 6.7332e+00	 9.3275e+00
695	-2.6000e-03	 9.1000e-03	 6.7582e+00	 9.3788e+00
696	-1.3000e-03	 9.1000e-03	 6.7589e+00	 9.4169e+00
697	 0.0000e+00	 9.1000e-03	 6.7395e+00	 9.4235e+00
698	 1.3000e-03	 9.1000e-03	 6.7073e+00	 9.3643e+00
699	 2.6000e-03	 9.1000e-03	 6.7168e+00	 9.1737e+00
700	 3.9000e-03	 9.1000e-03	 6.7290e+00	 8.9879e+00
701	 5.2000e-03	 9.1000e-03	 6.7372e+00	 8.8410e+00
702	 6.5000e-03	 9.1000e-03	 6.7309e+00	 8.7692e+00
703	 7.8000e-03	 9.1000e-03	 6.7046e+00	 8.6783e+00
704	 9.1000e-03	 9.1000e-03	 6.6843e+00	 8.6046e+00
705	 1.0400e-02	 9.1000e-03	 6.6346e+00	 8.5008e+00
706	 1.1700e-02	 9.1000e-03	 6.5735e+00	 8.4768e+00
707	 1.3000e-02	 9.1000e-03	 6.4870e+00	 8.5583e+00
708	 1.4300e-02	 9.1000e-03	 6.4328e+00	 8.6793e+00
709	 1.5600e-02	 9.1000e-03	 6.3910e+00	 8.7651e+00
710	 1.6900e-02	 9.1000e-03	 6.3315e+00	 8.8469e+00
711	 1.8200e-02	 9.1000e-03	 6.2681e+00	 8.8127e+00
712	 1.9500e-02	 9.1000e-03	 6.2004e+00	 8.6997e+00
713	-1.9500e-02	 1.0400e-02	 6.0857e+00	 2.7203e-01
714	-1.8200e-02	 1.0400e-02	 6.2194e+00	 3.4472e+00
715	-1.6900e-02	 1.0400e-02	 6.3631e+00	 9.8091e+00
716	-1.5600e-02	 1.0400e-02	 6.4985e+00	 3.8838e+00
717	-1.4300e-02	 1.0400e-02	 6.6317e+00	 1.4515e-01
718	-1.3000e-02	 1.0400e-02	 6.6843e+00	 1.3792e-01
719	-1.1700e-02	 1.0400e-02	 6.6944e+00	 1.7933e-01
720	-1.0400e-02	 1.0400e-02	 6.6777e+00	 1.9150e-01
721	-9.1000e-03	 1.0400e-02	 6.6353e+00	 1.4022e-01
722	-7.8000e-03	 1.0400e-02	 6.6090e+00	 9.8762e+00
723	-6.5000e-03	 1.0400e-02	 6.6195e+00	 9.7111e+00
724	-5.2000e-03	 1.0400e-02	 6.6649e+00	 9.5856e+00
725	-3.9000e-03	 1.0400e-02	 6.7201e+00	 9.5057e+00
726	-2.6000e-03	 1.0400e-02	 6.7523e+00	 9.5317e+00
727	-1.3000e-03	 1.0400e-02	 6.7730e+00	 9.5977e+00
728	 0.0000e+00	 1.0400e-02	 6.7727e+00	 9.6392e+00
729	 1.3000e-03	 1.0400e-02	 6.7543e+00	 9.5596e+00
730	 2.6000e-03	 1.0400e-02	 6.7296e+00	 9.4794e+00
731	 3.9000e-03	 1.0400e-02	 6.7092e+00	 9.3818e+00
732	 5.2000e-03	 1.0400e-02	 6.6767e+00	 9.2200e+00
733	 6.5000e-03	 1.0400e-02	 6.6698e+00	 9.0596e+00
734	 7.8000e-03	 1.0400e-02	 6.6520e+00	 8.9672e+00
735	 9.1000e-03	 1.0400e-02	 6.6356e+00	 8.8091e+00
736	 1.0400e-02	 1.0400e-02	 6.5666e+00	 8.7483e+00
737	 1.1700e-02	 1.0400e-02	 6.5100e+00	 8.7345e+00
738	 1.3000e-02	 1.0400e-02	 6.4443e+00	 8.8075e+00
739	 1.4300e-02	 1.0400e-02	 6.4203e+00	 8.8811e+00
740	 1.5600e-02	 1.0400e-02	 6.3901e+00	 8.9383e+00
741	 1.6900e-02	 1.0400e-02	 6.3569e+00	 8.9501e+00
742	 1.8200e-02	 1.0400e-02	 6.3338e+00	 8.8962e+00
743	 1.9500e-02	 1.0400e-02	 6.2770e+00	 8.8463e+00
744	-1.9500e-02	 1.1700e-02	 5.9607e+00	 3.1279e-01
745	-1.8200e-02	 1.1700e-02	 6.1060e+00	 2.2190e-01
746	-1.6900e-02	 1.1700e-02	 6.2352e+00	 2.2535e-01
747	-1.5600e-02	 1.1700e-02	 6.4039e+00	 1.5369e-01
748	-1.4300e-02	 1.1700e-02	 6.5350e+00	 1.6093e-01
749	-1.3000e-02	 1.1700e-02	 6.6455e+00	 2.7828e-01
750	-1.1700e-02	 1.1700e-02	 6.6678e+00	 3.2791e-01
751	-1.0400e-02	 1.1700e-02	 6.6619e+00	 3.7327e-01
752	-9.1000e-03	 1.1700e-02	 6.6067e+00	 3.7656e-01
753	-7.8000e-03	 1.1700e-02	 6.5327e+00	 2.2108e-01
754	-6.5000e-03	 1.1700e-02	 6.5100e+00	 9.8614e+00
755	-5.2000e-03	 1.1700e-02	 6.5403e+00	 9.7700e+00
756	-3.9000e-03	 1.1700e-02	 6.6238e+00	 9.6592e+00
757	-2.6000e-03	 1.1700e-02	 6.6685e+00	 9.7016e+00
758	-1.3000e-03	 1.1700e-02	 6.7002e+00	 9.7558e+00
759	 0.0000e+00	 1.1700e-02	 6.6862e+00	 9.7746e+00
760	 1.3000e-03	 1.1700e-02	 6.6892e+00	 9.8144e+00
761	 2.6000e-03	 1.1700e-02	 6.6586e+00	 9.7782e+00
762	 3.9000e-03	 1.1700e-02	 6.6228e+00	 9.7276e+00
763	 5.2000e-03	 1.1700e-02	 6.6001e+00	 9.5859e+00
764	 6.5000e-03	 1.1700e-02	 6.5794e+00	 9.3495e+00
765	 7.8000e-03	 1.1700e-02	 6.5429e+00	 9.1786e+00
766	 9.1000e-03	 1.1700e-02	 6.5252e+00	 9.0465e+00
767	 1.0400e-02	 1.1700e-02	 6.4887e+00	 9.0031e+00
768	 1.1700e-02	 1.1700e-02	 6.4440e+00	 8.9531e+00
769	 1.3000e-02	 1.1700e-02	 6.3855e+00	 8.9572e+00
770	 1.4300e-02	 1.1700e-02	 6.3707e+00	 8.9505e+00
771	 1.5600e-02	 1.1700e-02	 6.3467e+00	 8.9505e+00
772	 1.6900e-02	 1.1700e-02	 6.3381e+00	 8.9232e+00
773	 1.8200e-02	 1.1700e-02	 6.3171e+00	 8.8085e+00
774	 1.9500e-02	 1.1700e-02	 6.2494e+00	 8.7565e+00
775	-1.9500e-02	 1.3000e-02	 5.8302e+00	 7.3124e-01
776	-1.8200e-02	 1.3000e-02	 5.8999e+00	 5.3960e-01
777	-1.6900e-02	 1.3000e-02	 6.0479e+00	 4.5677e-01
778	-1.5600e-02	 1.3000e-02	 6.1987e+00	 4.1206e-01
779	-1.4300e-02	 1.3000e-02	 6.3473e+00	 3.7064e-01
780	-1.3000e-02	 1.3000e-02	 6.5008e+00	 4.2127e-01
781	-1.1700e-02	 1.3000e-02	 6.5498e+00	 5.1002e-01
782	-1.0400e-02	 1.3000e-02	 6.5884e+00	 5.7576e-01
783	-9.1000e-03	 1.3000e-02	 6.5669e+00	 6.7076e-01
784	-7.8000e-03	 1.3000e-02	 6.4860e+00	 5.9844e-01
785	-6.5000e-03	 1.3000e-02	 6.3480e+00	 3.9037e-01
786	-5.2000e-03	 1.3000e-02	 6.3450e+00	 1.8262e-01
787	-3.9000e-03	 1.3000e-02	 6.4200e+00	 9.8620e+00
788	-2.6000e-03	 1.3000e-02	 6.4673e+00	 9.7900e+00
789	-1.3000e-03	 1.3000e-02	 6.4910e+00	 9.7986e+00
790	 0.0000e+00	 1.3000e-02	 6.5314e+00	 1.7243e-01
791	 1.3000e-03	 1.3000e-02	 6.5482e+00	 1.5731e-01
792	 2.6000e-03	 1.3000e-02	 6.5347e+00	 1.6093e-01
793	 3.9000e-03	 1.3000e-02	 6.5317e+00	 6.1345e+00
794	 5.2000e-03	 1.3000e-02	 6.4795e+00	 9.8706e+00
795	 6.5000e-03	 1.3000e-02	 6.3953e+00	 9.7072e+00
796	 7.8000e-03	 1.3000e-02	 6.3690e+00	 9.5067e+00
797	 9.1000e-03	 1.3000e-02	 6.3457e+00	 9.3137e+00
798	 1.0400e-02	 1.3000e-02	 6.3404e+00	 9.1954e+00
799	 1.1700e-02	 1.3000e-02	 6.3194e+00	 9.1553e+00
800	 1.3000e-02	 1.3000e-02	 6.2681e+00	 9.0359e+00
801	 1.4300e-02	 1.3000e-02	 6.2217e+00	 8.9893e+00
802	 1.5600e-02	 1.3000e-02	 6.1659e+00	 8.8923e+00
803	 1.6900e-02	 1.3000e-02	 6.1461e+00	 8.8226e+00
804	 1.8200e-02	 1.3000e-02	 6.1090e+00	 8.6845e+00
805	 1.9500e-02	 1.3000e-02	 6.0541e+00	 8.6645e+00
806	-1.9500e-02	 1.4300e-02	 5.7270e+00	 1.5823e+00
807	-1.8200e-02	 1.4300e-02	 5.7323e+00	 1.3975e+00
808	-1.6900e-02	 1.4300e-02	 5.8069e+00	 1.1878e+00
809	-1.5600e-02	 1.4300e-02	 5.9354e+00	 8.9231e-01
810	-1.4300e-02	 1.4300e-02	 6.1392e+00	 7.3058e-01
811	-1.3000e-02	 1.4300e-02	 6.2931e+00	 6.5859e-01
812	-1.1700e-02	 1.4300e-02	 6.4167e+00	 6.8144e-01
813	-1.0400e-02	 1.4300e-02	 6.5130e+00	 8.2328e-01
814	-9.1000e-03	 1.4300e-02	 6.5380e+00	 9.6660e-01
815	-7.8000e-03	 1.4300e-02	 6.4824e+00	 1.0448e+00
816	-6.5000e-03	 1.4300e-02	 6.3756e+00	 9.7613e-01
817	-5.2000e-03	 1.4300e-02	 6.3161e+00	 8.1506e-01
818	-3.9000e-03	 1.4300e-02	 6.2510e+00	 5.9252e-01
819	-2.6000e-03	 1.4300e-02	 6.2822e+00	 4.4099e-01
820	-1.3000e-03	 1.4300e-02	 6.3647e+00	 3.9102e-01
821	 0.0000e+00	 1.4300e-02	 6.4269e+00	 3.7656e-01
822	 1.3000e-03	 1.4300e-02	 6.4085e+00	 3.8182e-01
823	 2.6000e-03	 1.4300e-02	 6.3973e+00	 4.0253e-01
824	 3.9000e-03	 1.4300e-02	 6.3483e+00	 3.4172e-01
825	 5.2000e-03	 1.4300e-02	 6.3204e+00	 2.8649e-01
826	 6.5000e-03	 1.4300e-02	 6.2444e+00	 1.9741e-01
827	 7.8000e-03	 1.4300e-02	 6.1534e+00	 9.8127e+00
828	 9.1000e-03	 1.4300e-02	 6.0899e+00	 9.7388e+00
829	 1.0400e-02	 1.4300e-02	 6.0712e+00	 9.5721e+00
830	 1.1700e-02	 1.4300e-02	 6.0426e+00	 9.4156e+00
831	 1.3000e-02	 1.4300e-02	 5.9690e+00	 9.3492e+00
832	 1.4300e-02	 1.4300e-02	 5.8730e+00	 9.3223e+00
833	 1.5600e-02	 1.4300e-02	 5.8270e+00	 9.2010e+00
834	 1.6900e-02	 1.4300e-02	 5.7395e+00	 9.0215e+00
835	 1.8200e-02	 1.4300e-02	 5.7323e+00	 8.8502e+00
836	 1.9500e-02	 1.4300e-02	 5.7119e+00	 8.8430e+00
837	-1.9500e-02	 1.5600e-02	 5.9341e+00	 1.9606e+00
838	-1.8200e-02	 1.5600e-02	 5.8630e+00	 1.9304e+00
839	-1.6900e-02	 1.5600e-02	 5.8181e+00	 1.8301e+00
840	-1.5600e-02	 1.5600e-02	 5.8528e+00	 1.3436e+00
841	-1.4300e-02	 1.5600e-02	 6.0097e+00	 1.1260e+00
842	-1.3000e-02	 1.5600e-02	 6.2267e+00	 1.0179e+00
843	-1.1700e-02	 1.5600e-02	 6.3894e+00	 1.0169e+00
844	-1.0400e-02	 1.5600e-02	 6.4887e+00	 1.0639e+00
845	-9.1000e-03	 1.5600e-02	 6.5189e+00	 1.2062e+00
846	-7.8000e-03	 1.5600e-02	 6.4926e+00	 1.2884e+00
847	-6.5000e-03	 1.5600e-02	 6.4288e+00	 1.3292e+00
848	-5.2000e-03	 1.5600e-02	 6.3536e+00	 1.2684e+00
849	-3.9000e-03	 1.5600e-02	 6.2770e+00	 1.0731e+00
850	-2.6000e-03	 1.5600e-02	 6.2658e+00	 9.1072e-01
851	-1.3000e-03	 1.5600e-02	 6.2937e+00	 7.7627e-01
852	 0.0000e+00	 1.5600e-02	 6.3237e+00	 7.6641e-01
853	 1.3000e-03	 1.5600e-02	 6.3365e+00	 8.1572e-01
854	 2.6000e-03	 1.5600e-02	 6.3483e+00	 8.4958e-01
855	 3.9000e-03	 1.5600e-02	 6.3434e+00	 8.2525e-01
856	 5.2000e-03	 1.5600e-02	 6.3526e+00	 7.9567e-01
857	 6.5000e-03	 1.5600e-02	 6.2905e+00	 7.0461e-01
858	 7.8000e-03	 1.5600e-02	 6.1683e+00	 6.1652e-01
859	 9.1000e-03	 1.5600e-02	 6.0068e+00	 4.2488e-01
860	 1.0400e-02	 1.5600e-02	 5.9943e+00	 3.2134e-01
861	 1.1700e-02	 1.5600e-02	 5.8738e+00	 2.5625e-01
862	 1.3000e-02	 1.5600e-02	 5.7934e+00	 3.5125e-01
863	 1.4300e-02	 1.5600e-02	 5.7484e+00	 3.6473e-01
864	 1.5600e-02	 1.5600e-02	 5.6005e+00	 9.5675e+00
865	 1.6900e-02	 1.5600e-02	 5.4945e+00	 9.4781e+00
866	 1.8200e-02	 1.5600e-02	 5.3270e+00	 9.3755e+00
867	 1.9500e-02	 1.5600e-02	 5.4105e+00	 9.1839e+00
868	-1.9500e-02	 1.6900e-02	 5.9736e+00	 1.9258e+00
869	-1.8200e-02	 1.6900e-02	 5.9331e+00	 1.8992e+00
870	-1.6900e-02	 1.6900e-02	 5.8976e+00	 1.6835e+00
871	-1.5600e-02	 1.6900e-02	 5.9611e+00	 1.4117e+00
872	-1.4300e-02	 1.6900e-02	 6.0804e+00	 1.2641e+00
873	-1.3000e-02	 1.6900e-02	 6.2129e+00	 1.1454e+00
874	-1.1700e-02	 1.6900e-02	 6.3917e+00	 1.1408e+00
875	-1.0400e-02	 1.6900e-02	 6.4486e+00	 1.1947e+00
876	-9.1000e-03	 1.6900e-02	 6.4670e+00	 1.3155e+00
877	-7.8000e-03	 1.6900e-02	 6.4403e+00	 1.4695e+00
878	-6.5000e-03	 1.6900e-02	 6.3993e+00	 1.5287e+00
879	-5.2000e-03	 1.6900e-02	 6.3490e+00	 1.5247e+00
880	-3.9000e-03	 1.6900e-02	 6.3200e+00	 1.4478e+00
881	-2.6000e-03	 1.6900e-02	 6.3010e+00	 1.3012e+00
882	-1.3000e-03	 1.6900e-02	 6.3250e+00	 1.2102e+00
883	 0.0000e+00	 1.6900e-02	 6.3646e+00	 1.1125e+00
884	 1.3000e-03	 1.6900e-02	 6.4045e+00	 1.0394e+00
885	 2.6000e-03	 1.6900e-02	 6.4344e+00	 9.8533e-01
886	 3.9000e-03	 1.6900e-02	 6.4328e+00	 8.9198e-01
887	 5.2000e-03	 1.6900e-02	 6.4242e+00	 8.6700e-01
888	 6.5000e-03	 1.6900e-02	 6.3753e+00	 8.2788e-01
889	 7.8000e-03	 1.6900e-02	 6.3115e+00	 7.4143e-01
890	 9.1000e-03	 1.6900e-02	 6.2277e+00	 6.7256e-01
891	 1.0400e-02	 1.6900e-02	 6.1133e+00	 5.4355e-01
892	 1.1700e-02	 1.6900e-02	 6.0051e+00	 4.3573e-01
893	 1.3000e-02	 1.6900e-02	 5.8444e+00	 4.2225e-01
894	 1.4300e-02	 1.6900e-02	 5.7017e+00	 3.5224e-01
895	 1.5600e-02	 1.6900e-02	 5.6100e+00	 3.5914e-01
896	 1.6900e-02	 1.6900e-02	 5.4499e+00	 4.0138e-01
897	 1.8200e-02	 1.6900e-02	 5.3533e+00	 6.8275e-01
898	 1.9500e-02	 1.6900e-02	 5.1843e+00	 7.6444e-01
899	-1.9500e-02	 1.8200e-02	 5.9098e+00	 1.9491e+00
900	-1.8200e-02	 1.8200e-02	 5.9170e+00	 1.9373e+00
901	-1.6900e-02	 1.8200e-02	 5.9216e+00	 1.8272e+00
902	-1.5600e-02	 1.8200e-02	 5.9039e+00	 1.6273e+00
903	-1.4300e-02	 1.8200e-02	 5.9223e+00	 1.4544e+00
904	-1.3000e-02	 1.8200e-02	 6.0202e+00	 1.2542e+00
905	-1.1700e-02	 1.8200e-02	 6.1603e+00	 1.1638e+00
906	-1.0400e-02	 1.8200e-02	 6.2277e+00	 1.1224e+00
907	-9.1000e-03	 1.8200e-02	 6.3164e+00	 1.2585e+00
908	-7.8000e-03	 1.8200e-02	 6.3289e+00	 1.3328e+00
909	-6.5000e-03	 1.8200e-02	 6.3256e+00	 1.4278e+00
910	-5.2000e-03	 1.8200e-02	 6.3174e+00	 1.5379e+00
911	-3.9000e-03	 1.8200e-02	 6.3036e+00	 1.5435e+00
912	-2.6000e-03	 1.8200e-02	 6.2901e+00	 1.5997e+00
913	-1.3000e-03	 1.8200e-02	 6.2500e+00	 1.4863e+00
914	 0.0000e+00	 1.8200e-02	 6.2425e+00	 1.3597e+00
915	 1.3000e-03	 1.8200e-02	 6.2747e+00	 1.2411e+00
916	 2.6000e-03	 1.8200e-02	 6.2944e+00	 1.0912e+00
917	 3.9000e-03	 1.8200e-02	 6.3345e+00	 1.0143e+00
918	 5.2000e-03	 1.8200e-02	 6.3495e+00	 9.0513e-01
919	 6.5000e-03	 1.8200e-02	 6.3493e+00	 7.8975e-01
920	 7.8000e-03	 1.8200e-02	 6.2596e+00	 7.6017e-01
921	 9.1000e-03	 1.8200e-02	 6.1715e+00	 6.5974e-01
922	 1.0400e-02	 1.8200e-02	 6.1051e+00	 5.6425e-01
923	 1.1700e-02	 1.8200e-02	 5.9285e+00	 4.2094e-01
924	 1.3000e-02	 1.8200e-02	 5.8033e+00	 4.3211e-01
925	 1.4300e-02	 1.8200e-02	 5.6090e+00	 4.1995e-01
926	 1.5600e-02	 1.8200e-02	 5.4792e+00	 6.0469e-01
927	 1.6900e-02	 1.8200e-02	 5.3980e+00	 5.6984e-01
928	 1.8200e-02	 1.8200e-02	 5.3720e+00	 5.6656e-01
929	 1.9500e-02	 1.8200e-02	 5.4292e+00	 9.3791e+00
930	-1.9500e-02	 1.9500e-02	 5.8381e+00	 2.0408e+00
931	-1.8200e-02	 1.9500e-02	 5.8358e+00	 2.1999e+00
932	-1.6900e-02	 1.9500e-02	 5.7750e+00	 2.2561e+00
933	-1.5600e-02	 1.9500e-02	 5.7691e+00	 2.2545e+00
934	-1.4300e-02	 1.9500e-02	 5.6057e+00	 2.1276e+00
935	-1.3000e-02	 1.9500e-02	 5.5545e+00	 1.8932e+00
936	-1.1700e-02	 1.9500e-02	 5.5765e+00	 1.5888e+00
937	-1.0400e-02	 1.9500e-02	 5.6984e+00	 1.2730e+00
938	-9.1000e-03	 1.9500e-02	 5.8970e+00	 1.2368e+00
939	-7.8000e-03	 1.9500e-02	 5.9946e+00	 1.2207e+00
940	-6.5000e-03	 1.9500e-02	 6.0626e+00	 1.3328e+00
941	-5.2000e-03	 1.9500e-02	 6.1195e+00	 1.5727e+00
942	-3.9000e-03	 1.9500e-02	 6.1185e+00	 1.7262e+00
943	-2.6000e-03	 1.9500e-02	 6.1129e+00	 1.8899e+00
944	-1.3000e-03	 1.9500e-02	 6.0439e+00	 1.9452e+00
945	 0.0000e+00	 1.9500e-02	 5.9828e+00	 1.9008e+00
946	 1.3000e-03	 1.9500e-02	 5.9700e+00	 1.6520e+00
947	 2.6000e-03	 1.9500e-02	 6.0078e+00	 1.4575e+00
948	 3.9000e-03	 1.9500e-02	 6.0406e+00	 1.2184e+00
949	 5.2000e-03	 1.9500e-02	 6.0692e+00	 1.0021e+00
950	 6.5000e-03	 1.9500e-02	 6.1192e+00	 9.1499e-01
951	 7.8000e-03	 1.9500e-02	 6.0949e+00	 8.8212e-01
952	 9.1000e-03	 1.9500e-02	 5.9870e+00	 7.3650e-01
953	 1.0400e-02	 1.9500e-02	 5.8549e+00	 7.1185e-01
954	 1.1700e-02	 1.9500e-02	 5.6833e+00	 5.7149e-01
955	 1.3000e-02	 1.9500e-02	 5.4943e+00	 4.8175e-01
956	 1.4300e-02	 1.9500e-02	 5.3500e+00	 4.8964e-01
957	 1.5600e-02	 1.9500e-02	 5.1120e+00	 7.4110e-01
958	 1.6900e-02	 1.9500e-02	 5.0903e+00	 1.4687e+00
959	 1.8200e-02	 1.9500e-02	 5.0896e+00	 9.3653e+00
960	 1.9500e-02	 1.9500e-02	 5.2126e+00	 9.4041e+00
