	x (m)	y (m)	Mesure ch1 (V)	Mesure ch2 (V)
0	-7.5000e-03	-7.5000e-03	 4.6945e+00	 2.8879e+00
1	-7.0000e-03	-7.5000e-03	 4.5655e+00	 2.2951e+00
2	-6.5000e-03	-7.5000e-03	 4.6229e+00	 2.2313e+00
3	-6.0000e-03	-7.5000e-03	 4.5463e+00	 1.6289e+00
4	-5.5000e-03	-7.5000e-03	 4.4874e+00	 1.9895e+00
5	-5.0000e-03	-7.5000e-03	 4.3165e+00	 2.2824e+00
6	-4.5000e-03	-7.5000e-03	 4.2920e+00	 4.8183e+00
7	-4.0000e-03	-7.5000e-03	 4.3274e+00	 4.1919e+00
8	-3.5000e-03	-7.5000e-03	 4.4214e+00	 3.6106e+00
9	-3.0000e-03	-7.5000e-03	 4.4033e+00	 2.5701e+00
10	-2.5000e-03	-7.5000e-03	 4.4937e+00	 2.0163e+00
11	-2.0000e-03	-7.5000e-03	 4.6945e+00	 1.5586e+00
12	-1.5000e-03	-7.5000e-03	 4.8425e+00	 1.3765e+00
13	-1.0000e-03	-7.5000e-03	 5.0180e+00	 9.3767e-01
14	-5.0000e-04	-7.5000e-03	 5.0367e+00	 9.4753e-01
15	 0.0000e+00	-7.5000e-03	 5.0068e+00	 9.7613e-01
16	 5.0000e-04	-7.5000e-03	 4.9690e+00	 1.1886e+00
17	 1.0000e-03	-7.5000e-03	 4.9710e+00	 8.7309e+00
18	 1.5000e-03	-7.5000e-03	 4.9246e+00	 8.9288e+00
19	 2.0000e-03	-7.5000e-03	 4.6649e+00	 2.6019e+00
20	 2.5000e-03	-7.5000e-03	 4.5847e+00	 5.6297e+00
21	 3.0000e-03	-7.5000e-03	 4.3905e+00	 4.4355e+00
22	 3.5000e-03	-7.5000e-03	 4.4677e+00	 2.6092e+00
23	 4.0000e-03	-7.5000e-03	 4.4884e+00	 2.6910e+00
24	 4.5000e-03	-7.5000e-03	 4.4210e+00	 1.7486e+00
25	 5.0000e-03	-7.5000e-03	 4.4904e+00	 3.5056e+00
26	 5.5000e-03	-7.5000e-03	 4.3763e+00	 6.2545e+00
27	 6.0000e-03	-7.5000e-03	 4.2596e+00	 4.1377e+00
28	 6.5000e-03	-7.5000e-03	 4.4667e+00	 2.1641e+00
29	 7.0000e-03	-7.5000e-03	 4.3569e+00	 2.7206e+00
30	 7.5000e-03	-7.5000e-03	 4.4631e+00	 2.6223e+00
31	-7.5000e-03	-7.0000e-03	 4.5933e+00	 2.0655e+00
32	-7.0000e-03	-7.0000e-03	 4.6722e+00	 1.9208e+00
33	-6.5000e-03	-7.0000e-03	 4.6893e+00	 1.7069e+00
34	-6.0000e-03	-7.0000e-03	 4.5693e+00	 1.9402e+00
35	-5.5000e-03	-7.0000e-03	 4.4365e+00	 2.3962e+00
36	-5.0000e-03	-7.0000e-03	 4.3970e+00	 2.7528e+00
37	-4.5000e-03	-7.0000e-03	 4.4861e+00	 2.8054e+00
38	-4.0000e-03	-7.0000e-03	 4.4529e+00	 3.1040e+00
39	-3.5000e-03	-7.0000e-03	 4.5410e+00	 2.3311e+00
40	-3.0000e-03	-7.0000e-03	 4.7775e+00	 1.9333e+00
41	-2.5000e-03	-7.0000e-03	 4.7849e+00	 1.2411e+00
42	-2.0000e-03	-7.0000e-03	 4.9582e+00	 9.3866e-01
43	-1.5000e-03	-7.0000e-03	 4.9940e+00	 1.0830e+00
44	-1.0000e-03	-7.0000e-03	 5.0479e+00	 9.0396e+00
45	-5.0000e-04	-7.0000e-03	 5.0778e+00	 9.2725e+00
46	 0.0000e+00	-7.0000e-03	 5.0827e+00	 9.1257e+00
47	 5.0000e-04	-7.0000e-03	 4.9442e+00	 8.9212e+00
48	 1.0000e-03	-7.0000e-03	 4.9250e+00	 8.9220e+00
49	 1.5000e-03	-7.0000e-03	 4.7603e+00	 8.5843e+00
50	 2.0000e-03	-7.0000e-03	 4.6656e+00	 8.3985e+00
51	 2.5000e-03	-7.0000e-03	 4.5736e+00	 6.5669e+00
52	 3.0000e-03	-7.0000e-03	 4.4276e+00	 3.4665e+00
53	 3.5000e-03	-7.0000e-03	 4.3885e+00	 5.8588e+00
54	 4.0000e-03	-7.0000e-03	 4.4352e+00	 3.6762e+00
55	 4.5000e-03	-7.0000e-03	 4.4214e+00	 3.4546e+00
56	 5.0000e-03	-7.0000e-03	 4.4763e+00	 3.2799e+00
57	 5.5000e-03	-7.0000e-03	 4.1752e+00	 3.6232e+00
58	 6.0000e-03	-7.0000e-03	 4.3793e+00	 4.2590e+00
59	 6.5000e-03	-7.0000e-03	 4.3201e+00	 3.8879e+00
60	 7.0000e-03	-7.0000e-03	 4.4145e+00	 4.2291e+00
61	 7.5000e-03	-7.0000e-03	 4.3135e+00	 4.7269e+00
62	-7.5000e-03	-6.5000e-03	 4.4141e+00	 1.6875e+00
63	-7.0000e-03	-6.5000e-03	 4.6505e+00	 1.3571e+00
64	-6.5000e-03	-6.5000e-03	 4.6045e+00	 1.4735e+00
65	-6.0000e-03	-6.5000e-03	 4.4838e+00	 1.8936e+00
66	-5.5000e-03	-6.5000e-03	 4.3569e+00	 2.2180e+00
67	-5.0000e-03	-6.5000e-03	 4.4726e+00	 2.1355e+00
68	-4.5000e-03	-6.5000e-03	 4.5897e+00	 2.1168e+00
69	-4.0000e-03	-6.5000e-03	 4.7105e+00	 1.4462e+00
70	-3.5000e-03	-6.5000e-03	 4.9568e+00	 1.2421e+00
71	-3.0000e-03	-6.5000e-03	 5.0259e+00	 1.0244e+00
72	-2.5000e-03	-6.5000e-03	 5.1028e+00	 7.9698e-01
73	-2.0000e-03	-6.5000e-03	 5.0867e+00	 1.8061e+00
74	-1.5000e-03	-6.5000e-03	 5.0587e+00	 9.2634e+00
75	-1.0000e-03	-6.5000e-03	 5.0085e+00	 9.1385e+00
76	-5.0000e-04	-6.5000e-03	 4.9483e+00	 8.9176e+00
77	 0.0000e+00	-6.5000e-03	 4.7994e+00	 8.7759e+00
78	 5.0000e-04	-6.5000e-03	 4.7244e+00	 8.6737e+00
79	 1.0000e-03	-6.5000e-03	 4.6255e+00	 7.5744e+00
80	 1.5000e-03	-6.5000e-03	 4.5430e+00	 2.9052e+00
81	 2.0000e-03	-6.5000e-03	 4.6521e+00	 1.3502e+00
82	 2.5000e-03	-6.5000e-03	 4.7189e+00	 1.8051e+00
83	 3.0000e-03	-6.5000e-03	 4.6771e+00	 3.2461e+00
84	 3.5000e-03	-6.5000e-03	 4.5446e+00	 1.3698e+00
85	 4.0000e-03	-6.5000e-03	 4.5413e+00	 1.9823e+00
86	 4.5000e-03	-6.5000e-03	 4.4628e+00	 1.6998e+00
87	 5.0000e-03	-6.5000e-03	 4.3671e+00	 2.1463e+00
88	 5.5000e-03	-6.5000e-03	 4.3875e+00	 3.3820e+00
89	 6.0000e-03	-6.5000e-03	 4.3382e+00	 3.1847e+00
90	 6.5000e-03	-6.5000e-03	 4.3150e+00	 3.6532e+00
91	 7.0000e-03	-6.5000e-03	 4.3372e+00	 4.1395e+00
92	 7.5000e-03	-6.5000e-03	 4.2790e+00	 4.5476e+00
93	-7.5000e-03	-6.0000e-03	 4.4989e+00	 1.6776e+00
94	-7.0000e-03	-6.0000e-03	 4.5647e+00	 1.9682e+00
95	-6.5000e-03	-6.0000e-03	 4.3823e+00	 2.0628e+00
96	-6.0000e-03	-6.0000e-03	 4.3776e+00	 2.4599e+00
97	-5.5000e-03	-6.0000e-03	 4.4325e+00	 2.2459e+00
98	-5.0000e-03	-6.0000e-03	 4.7396e+00	 1.4962e+00
99	-4.5000e-03	-6.0000e-03	 4.8714e+00	 1.1333e+00
100	-4.0000e-03	-6.0000e-03	 5.0088e+00	 9.8007e-01
101	-3.5000e-03	-6.0000e-03	 5.1728e+00	 7.2072e-01
102	-3.0000e-03	-6.0000e-03	 5.2642e+00	 7.1020e-01
103	-2.5000e-03	-6.0000e-03	 5.2376e+00	 9.3175e-01
104	-2.0000e-03	-6.0000e-03	 5.1804e+00	 9.0540e+00
105	-1.5000e-03	-6.0000e-03	 5.0591e+00	 6.3094e+00
106	-1.0000e-03	-6.0000e-03	 4.9121e+00	 1.1569e+00
107	-5.0000e-04	-6.0000e-03	 4.8609e+00	 1.1563e+00
108	 0.0000e+00	-6.0000e-03	 4.8536e+00	 9.9684e-01
109	 5.0000e-04	-6.0000e-03	 4.9427e+00	 1.2138e+00
110	 1.0000e-03	-6.0000e-03	 4.9279e+00	 1.2263e+00
111	 1.5000e-03	-6.0000e-03	 5.0798e+00	 1.0774e+00
112	 2.0000e-03	-6.0000e-03	 5.0436e+00	 1.0274e+00
113	 2.5000e-03	-6.0000e-03	 5.0541e+00	 1.0527e+00
114	 3.0000e-03	-6.0000e-03	 5.0357e+00	 9.3274e-01
115	 3.5000e-03	-6.0000e-03	 4.9841e+00	 9.3931e-01
116	 4.0000e-03	-6.0000e-03	 4.8730e+00	 9.2091e-01
117	 4.5000e-03	-6.0000e-03	 4.8232e+00	 7.9895e-01
118	 5.0000e-03	-6.0000e-03	 4.7327e+00	 1.3137e+00
119	 5.5000e-03	-6.0000e-03	 4.6424e+00	 1.7759e+00
120	 6.0000e-03	-6.0000e-03	 4.4851e+00	 2.6328e+00
121	 6.5000e-03	-6.0000e-03	 4.3205e+00	 2.6351e+00
122	 7.0000e-03	-6.0000e-03	 4.2001e+00	 4.3172e+00
123	 7.5000e-03	-6.0000e-03	 4.1791e+00	 5.5551e+00
124	-7.5000e-03	-5.5000e-03	 4.3277e+00	 2.3409e+00
125	-7.0000e-03	-5.5000e-03	 4.3732e+00	 2.6342e+00
126	-6.5000e-03	-5.5000e-03	 4.4467e+00	 2.1644e+00
127	-6.0000e-03	-5.5000e-03	 4.3645e+00	 1.9274e+00
128	-5.5000e-03	-5.5000e-03	 4.6363e+00	 1.4993e+00
129	-5.0000e-03	-5.5000e-03	 4.7797e+00	 1.2195e+00
130	-4.5000e-03	-5.5000e-03	 5.0177e+00	 6.6320e+00
131	-4.0000e-03	-5.5000e-03	 5.2054e+00	 7.6538e+00
132	-3.5000e-03	-5.5000e-03	 5.2566e+00	 9.4143e+00
133	-3.0000e-03	-5.5000e-03	 5.3066e+00	 9.4649e+00
134	-2.5000e-03	-5.5000e-03	 5.2928e+00	 9.4288e+00
135	-2.0000e-03	-5.5000e-03	 5.2425e+00	 6.0896e-01
136	-1.5000e-03	-5.5000e-03	 5.2599e+00	 8.0520e-01
137	-1.0000e-03	-5.5000e-03	 5.2626e+00	 7.9074e-01
138	-5.0000e-04	-5.5000e-03	 5.2823e+00	 9.6693e-01
139	 0.0000e+00	-5.5000e-03	 5.3628e+00	 1.1799e+00
140	 5.0000e-04	-5.5000e-03	 5.4723e+00	 1.2118e+00
141	 1.0000e-03	-5.5000e-03	 5.4039e+00	 1.2329e+00
142	 1.5000e-03	-5.5000e-03	 5.4427e+00	 1.1260e+00
143	 2.0000e-03	-5.5000e-03	 5.4253e+00	 1.1737e+00
144	 2.5000e-03	-5.5000e-03	 5.4193e+00	 9.7712e-01
145	 3.0000e-03	-5.5000e-03	 5.2672e+00	 8.3840e-01
146	 3.5000e-03	-5.5000e-03	 5.1679e+00	 7.6806e-01
147	 4.0000e-03	-5.5000e-03	 5.1054e+00	 8.3314e-01
148	 4.5000e-03	-5.5000e-03	 5.0538e+00	 9.1170e-01
149	 5.0000e-03	-5.5000e-03	 4.8947e+00	 9.5904e-01
150	 5.5000e-03	-5.5000e-03	 4.8257e+00	 1.1694e+00
151	 6.0000e-03	-5.5000e-03	 4.6390e+00	 1.2292e+00
152	 6.5000e-03	-5.5000e-03	 4.4861e+00	 2.3252e+00
153	 7.0000e-03	-5.5000e-03	 4.3711e+00	 2.8807e+00
154	 7.5000e-03	-5.5000e-03	 4.3356e+00	 3.4533e+00
155	-7.5000e-03	-5.0000e-03	 4.5088e+00	 2.1549e+00
156	-7.0000e-03	-5.0000e-03	 4.4976e+00	 1.8985e+00
157	-6.5000e-03	-5.0000e-03	 4.5893e+00	 1.4935e+00
158	-6.0000e-03	-5.0000e-03	 4.4487e+00	 1.4192e+00
159	-5.5000e-03	-5.0000e-03	 4.6469e+00	 1.2910e+00
160	-5.0000e-03	-5.0000e-03	 4.8789e+00	 1.0205e+00
161	-4.5000e-03	-5.0000e-03	 4.9868e+00	 8.8459e+00
162	-4.0000e-03	-5.0000e-03	 5.1094e+00	 8.9097e+00
163	-3.5000e-03	-5.0000e-03	 5.1643e+00	 9.3528e+00
164	-3.0000e-03	-5.0000e-03	 5.1998e+00	 1.3772e+00
165	-2.5000e-03	-5.0000e-03	 5.2356e+00	 6.7996e-01
166	-2.0000e-03	-5.0000e-03	 5.2668e+00	 6.1060e-01
167	-1.5000e-03	-5.0000e-03	 5.3437e+00	 7.4866e-01
168	-1.0000e-03	-5.0000e-03	 5.3906e+00	 8.9658e-01
169	-5.0000e-04	-5.0000e-03	 5.4535e+00	 1.1214e+00
170	 0.0000e+00	-5.0000e-03	 5.5466e+00	 1.1589e+00
171	 5.0000e-04	-5.0000e-03	 5.5689e+00	 1.1701e+00
172	 1.0000e-03	-5.0000e-03	 5.5275e+00	 1.1872e+00
173	 1.5000e-03	-5.0000e-03	 5.4575e+00	 1.1638e+00
174	 2.0000e-03	-5.0000e-03	 5.4631e+00	 1.2020e+00
175	 2.5000e-03	-5.0000e-03	 5.4253e+00	 1.1494e+00
176	 3.0000e-03	-5.0000e-03	 5.2829e+00	 1.0031e+00
177	 3.5000e-03	-5.0000e-03	 5.1942e+00	 9.9355e-01
178	 4.0000e-03	-5.0000e-03	 5.1807e+00	 9.0825e-01
179	 4.5000e-03	-5.0000e-03	 5.1245e+00	 8.5023e-01
180	 5.0000e-03	-5.0000e-03	 5.0660e+00	 8.9559e-01
181	 5.5000e-03	-5.0000e-03	 5.0165e+00	 1.0169e+00
182	 6.0000e-03	-5.0000e-03	 4.7997e+00	 1.3423e+00
183	 6.5000e-03	-5.0000e-03	 4.6327e+00	 1.4087e+00
184	 7.0000e-03	-5.0000e-03	 4.5795e+00	 2.0780e+00
185	 7.5000e-03	-5.0000e-03	 4.5325e+00	 2.6233e+00
186	-7.5000e-03	-4.5000e-03	 4.4092e+00	 1.9869e+00
187	-7.0000e-03	-4.5000e-03	 4.6617e+00	 1.3541e+00
188	-6.5000e-03	-4.5000e-03	 4.6255e+00	 1.1770e+00
189	-6.0000e-03	-4.5000e-03	 4.7544e+00	 1.5951e+00
190	-5.5000e-03	-4.5000e-03	 4.8267e+00	 7.4051e+00
191	-5.0000e-03	-4.5000e-03	 4.8944e+00	 1.8258e+00
192	-4.5000e-03	-4.5000e-03	 4.9697e+00	 2.1996e+00
193	-4.0000e-03	-4.5000e-03	 4.9897e+00	 8.4990e-01
194	-3.5000e-03	-4.5000e-03	 5.1321e+00	 7.3683e-01
195	-3.0000e-03	-4.5000e-03	 5.2224e+00	 7.5918e-01
196	-2.5000e-03	-4.5000e-03	 5.1906e+00	 8.2985e-01
197	-2.0000e-03	-4.5000e-03	 5.1462e+00	 1.0208e+00
198	-1.5000e-03	-4.5000e-03	 5.1113e+00	 1.1201e+00
199	-1.0000e-03	-4.5000e-03	 5.2208e+00	 1.3262e+00
200	-5.0000e-04	-4.5000e-03	 5.2573e+00	 1.4294e+00
201	 0.0000e+00	-4.5000e-03	 5.2238e+00	 1.5563e+00
202	 5.0000e-04	-4.5000e-03	 5.4200e+00	 1.5251e+00
203	 1.0000e-03	-4.5000e-03	 5.3957e+00	 1.6194e+00
204	 1.5000e-03	-4.5000e-03	 5.3944e+00	 1.4889e+00
205	 2.0000e-03	-4.5000e-03	 5.3033e+00	 1.5948e+00
206	 2.5000e-03	-4.5000e-03	 5.3451e+00	 1.6092e+00
207	 3.0000e-03	-4.5000e-03	 5.3322e+00	 1.4518e+00
208	 3.5000e-03	-4.5000e-03	 5.2856e+00	 1.3706e+00
209	 4.0000e-03	-4.5000e-03	 5.3033e+00	 1.3417e+00
210	 4.5000e-03	-4.5000e-03	 5.2842e+00	 1.1132e+00
211	 5.0000e-03	-4.5000e-03	 5.2849e+00	 1.0685e+00
212	 5.5000e-03	-4.5000e-03	 5.2070e+00	 1.1566e+00
213	 6.0000e-03	-4.5000e-03	 5.0601e+00	 1.1730e+00
214	 6.5000e-03	-4.5000e-03	 4.9739e+00	 1.3752e+00
215	 7.0000e-03	-4.5000e-03	 4.8674e+00	 1.6326e+00
216	 7.5000e-03	-4.5000e-03	 4.7340e+00	 1.6283e+00
217	-7.5000e-03	-4.0000e-03	 4.5744e+00	 1.9820e+00
218	-7.0000e-03	-4.0000e-03	 4.8267e+00	 1.0945e+00
219	-6.5000e-03	-4.0000e-03	 4.7728e+00	 1.2000e+00
220	-6.0000e-03	-4.0000e-03	 4.8763e+00	 3.6540e+00
221	-5.5000e-03	-4.0000e-03	 4.9276e+00	 1.1339e+00
222	-5.0000e-03	-4.0000e-03	 4.9591e+00	 9.3668e-01
223	-4.5000e-03	-4.0000e-03	 5.1419e+00	 8.9888e-01
224	-4.0000e-03	-4.0000e-03	 5.2501e+00	 9.9717e-01
225	-3.5000e-03	-4.0000e-03	 5.2662e+00	 1.0935e+00
226	-3.0000e-03	-4.0000e-03	 5.2596e+00	 1.2785e+00
227	-2.5000e-03	-4.0000e-03	 5.1330e+00	 1.4452e+00
228	-2.0000e-03	-4.0000e-03	 4.9342e+00	 1.9343e+00
229	-1.5000e-03	-4.0000e-03	 5.0430e+00	 2.5707e+00
230	-1.0000e-03	-4.0000e-03	 5.1745e+00	 2.9290e+00
231	-5.0000e-04	-4.0000e-03	 5.2497e+00	 2.9888e+00
232	 0.0000e+00	-4.0000e-03	 5.2793e+00	 3.0727e+00
233	 5.0000e-04	-4.0000e-03	 5.3378e+00	 2.9349e+00
234	 1.0000e-03	-4.0000e-03	 5.3326e+00	 2.8899e+00
235	 1.5000e-03	-4.0000e-03	 5.3559e+00	 2.7676e+00
236	 2.0000e-03	-4.0000e-03	 5.3010e+00	 2.5293e+00
237	 2.5000e-03	-4.0000e-03	 5.3230e+00	 2.2854e+00
238	 3.0000e-03	-4.0000e-03	 5.2895e+00	 2.0392e+00
239	 3.5000e-03	-4.0000e-03	 5.3089e+00	 1.7466e+00
240	 4.0000e-03	-4.0000e-03	 5.3825e+00	 1.4968e+00
241	 4.5000e-03	-4.0000e-03	 5.3674e+00	 1.1806e+00
242	 5.0000e-03	-4.0000e-03	 5.3888e+00	 1.1375e+00
243	 5.5000e-03	-4.0000e-03	 5.3313e+00	 9.2682e-01
244	 6.0000e-03	-4.0000e-03	 5.2905e+00	 1.0586e+00
245	 6.5000e-03	-4.0000e-03	 5.2282e+00	 8.7571e-01
246	 7.0000e-03	-4.0000e-03	 5.0831e+00	 1.1385e+00
247	 7.5000e-03	-4.0000e-03	 4.9825e+00	 1.3673e+00
248	-7.5000e-03	-3.5000e-03	 4.5772e+00	 1.1909e+00
249	-7.0000e-03	-3.5000e-03	 4.8217e+00	 1.0070e+00
250	-6.5000e-03	-3.5000e-03	 4.8957e+00	 2.6542e+00
251	-6.0000e-03	-3.5000e-03	 5.0098e+00	 8.6487e+00
252	-5.5000e-03	-3.5000e-03	 5.0154e+00	 8.9232e+00
253	-5.0000e-03	-3.5000e-03	 5.1021e+00	 8.0191e-01
254	-4.5000e-03	-3.5000e-03	 5.2267e+00	 7.8745e-01
255	-4.0000e-03	-3.5000e-03	 5.3033e+00	 1.0001e+00
256	-3.5000e-03	-3.5000e-03	 5.1998e+00	 1.3716e+00
257	-3.0000e-03	-3.5000e-03	 4.9996e+00	 1.7844e+00
258	-2.5000e-03	-3.5000e-03	 5.0456e+00	 2.6575e+00
259	-2.0000e-03	-3.5000e-03	 5.2330e+00	 3.3337e+00
260	-1.5000e-03	-3.5000e-03	 5.4881e+00	 3.6407e+00
261	-1.0000e-03	-3.5000e-03	 5.6481e+00	 3.7699e+00
262	-5.0000e-04	-3.5000e-03	 5.7781e+00	 3.9023e+00
263	 0.0000e+00	-3.5000e-03	 5.7855e+00	 3.9253e+00
264	 5.0000e-04	-3.5000e-03	 5.7586e+00	 3.9286e+00
265	 1.0000e-03	-3.5000e-03	 5.7556e+00	 3.9151e+00
266	 1.5000e-03	-3.5000e-03	 5.6840e+00	 3.7863e+00
267	 2.0000e-03	-3.5000e-03	 5.5847e+00	 3.6039e+00
268	 2.5000e-03	-3.5000e-03	 5.4788e+00	 3.4277e+00
269	 3.0000e-03	-3.5000e-03	 5.3441e+00	 2.8958e+00
270	 3.5000e-03	-3.5000e-03	 5.3299e+00	 2.2459e+00
271	 4.0000e-03	-3.5000e-03	 5.2819e+00	 1.7726e+00
272	 4.5000e-03	-3.5000e-03	 5.3296e+00	 1.2802e+00
273	 5.0000e-03	-3.5000e-03	 5.3602e+00	 1.0547e+00
274	 5.5000e-03	-3.5000e-03	 5.3668e+00	 8.7357e-01
275	 6.0000e-03	-3.5000e-03	 5.3661e+00	 7.2532e-01
276	 6.5000e-03	-3.5000e-03	 5.3589e+00	 8.1703e-01
277	 7.0000e-03	-3.5000e-03	 5.1761e+00	 8.2920e-01
278	 7.5000e-03	-3.5000e-03	 5.1403e+00	 1.0761e+00
279	-7.5000e-03	-3.0000e-03	 4.6981e+00	 1.3765e+00
280	-7.0000e-03	-3.0000e-03	 4.9730e+00	 1.3857e+00
281	-6.5000e-03	-3.0000e-03	 5.0068e+00	 9.0964e+00
282	-6.0000e-03	-3.0000e-03	 5.0127e+00	 8.8256e+00
283	-5.5000e-03	-3.0000e-03	 5.0032e+00	 9.1072e-01
284	-5.0000e-03	-3.0000e-03	 5.1462e+00	 8.3281e-01
285	-4.5000e-03	-3.0000e-03	 5.1869e+00	 1.0981e+00
286	-4.0000e-03	-3.0000e-03	 5.0729e+00	 1.2621e+00
287	-3.5000e-03	-3.0000e-03	 4.8517e+00	 2.0875e+00
288	-3.0000e-03	-3.0000e-03	 5.0062e+00	 3.3527e+00
289	-2.5000e-03	-3.0000e-03	 5.3234e+00	 3.8875e+00
290	-2.0000e-03	-3.0000e-03	 5.6294e+00	 4.0391e+00
291	-1.5000e-03	-3.0000e-03	 5.8151e+00	 4.2774e+00
292	-1.0000e-03	-3.0000e-03	 5.9532e+00	 4.3523e+00
293	-5.0000e-04	-3.0000e-03	 6.0170e+00	 4.4247e+00
294	 0.0000e+00	-3.0000e-03	 6.0717e+00	 4.5588e+00
295	 5.0000e-04	-3.0000e-03	 6.0564e+00	 4.5755e+00
296	 1.0000e-03	-3.0000e-03	 6.0935e+00	 4.6804e+00
297	 1.5000e-03	-3.0000e-03	 6.0423e+00	 4.5834e+00
298	 2.0000e-03	-3.0000e-03	 5.9683e+00	 4.4904e+00
299	 2.5000e-03	-3.0000e-03	 5.8408e+00	 4.3773e+00
300	 3.0000e-03	-3.0000e-03	 5.6550e+00	 4.1068e+00
301	 3.5000e-03	-3.0000e-03	 5.4614e+00	 3.7685e+00
302	 4.0000e-03	-3.0000e-03	 5.1771e+00	 3.0983e+00
303	 4.5000e-03	-3.0000e-03	 5.0811e+00	 2.3178e+00
304	 5.0000e-03	-3.0000e-03	 5.1636e+00	 1.3918e+00
305	 5.5000e-03	-3.0000e-03	 5.2241e+00	 1.0573e+00
306	 6.0000e-03	-3.0000e-03	 5.2050e+00	 7.7496e-01
307	 6.5000e-03	-3.0000e-03	 5.2185e+00	 6.6024e-01
308	 7.0000e-03	-3.0000e-03	 5.3244e+00	 7.3288e-01
309	 7.5000e-03	-3.0000e-03	 5.2494e+00	 8.6108e-01
310	-7.5000e-03	-2.5000e-03	 4.8944e+00	 1.1523e+00
311	-7.0000e-03	-2.5000e-03	 4.9808e+00	 1.1563e+00
312	-6.5000e-03	-2.5000e-03	 4.9976e+00	 8.9814e+00
313	-6.0000e-03	-2.5000e-03	 4.8523e+00	 8.6326e+00
314	-5.5000e-03	-2.5000e-03	 5.0252e+00	 9.3931e-01
315	-5.0000e-03	-2.5000e-03	 5.0055e+00	 1.1030e+00
316	-4.5000e-03	-2.5000e-03	 4.9684e+00	 1.3841e+00
317	-4.0000e-03	-2.5000e-03	 4.5962e+00	 2.4106e+00
318	-3.5000e-03	-2.5000e-03	 5.0255e+00	 3.7472e+00
319	-3.0000e-03	-2.5000e-03	 5.4355e+00	 4.3287e+00
320	-2.5000e-03	-2.5000e-03	 5.7753e+00	 4.5561e+00
321	-2.0000e-03	-2.5000e-03	 5.9999e+00	 4.6317e+00
322	-1.5000e-03	-2.5000e-03	 6.1185e+00	 4.7839e+00
323	-1.0000e-03	-2.5000e-03	 6.2073e+00	 4.9516e+00
324	-5.0000e-04	-2.5000e-03	 6.2681e+00	 5.0979e+00
325	 0.0000e+00	-2.5000e-03	 6.3141e+00	 5.2320e+00
326	 5.0000e-04	-2.5000e-03	 6.3588e+00	 5.2806e+00
327	 1.0000e-03	-2.5000e-03	 6.3743e+00	 5.2356e+00
328	 1.5000e-03	-2.5000e-03	 6.3391e+00	 5.1606e+00
329	 2.0000e-03	-2.5000e-03	 6.2970e+00	 5.1048e+00
330	 2.5000e-03	-2.5000e-03	 6.2056e+00	 4.9421e+00
331	 3.0000e-03	-2.5000e-03	 6.0857e+00	 4.8290e+00
332	 3.5000e-03	-2.5000e-03	 5.9312e+00	 4.4779e+00
333	 4.0000e-03	-2.5000e-03	 5.6754e+00	 4.3132e+00
334	 4.5000e-03	-2.5000e-03	 5.3523e+00	 3.7107e+00
335	 5.0000e-03	-2.5000e-03	 4.9864e+00	 2.8907e+00
336	 5.5000e-03	-2.5000e-03	 4.9358e+00	 1.9511e+00
337	 6.0000e-03	-2.5000e-03	 4.9910e+00	 1.2381e+00
338	 6.5000e-03	-2.5000e-03	 5.0745e+00	 8.4136e-01
339	 7.0000e-03	-2.5000e-03	 5.2484e+00	 6.0173e-01
340	 7.5000e-03	-2.5000e-03	 5.3194e+00	 7.4143e-01
341	-7.5000e-03	-2.0000e-03	 4.8924e+00	 8.6972e+00
342	-7.0000e-03	-2.0000e-03	 4.9693e+00	 8.4787e+00
343	-6.5000e-03	-2.0000e-03	 4.9121e+00	 3.9017e+00
344	-6.0000e-03	-2.0000e-03	 4.8007e+00	 1.0304e+00
345	-5.5000e-03	-2.0000e-03	 4.9904e+00	 1.2263e+00
346	-5.0000e-03	-2.0000e-03	 4.9634e+00	 1.4702e+00
347	-4.5000e-03	-2.0000e-03	 4.7688e+00	 2.6371e+00
348	-4.0000e-03	-2.0000e-03	 5.0716e+00	 4.0217e+00
349	-3.5000e-03	-2.0000e-03	 5.5262e+00	 4.5282e+00
350	-3.0000e-03	-2.0000e-03	 5.8661e+00	 4.7320e+00
351	-2.5000e-03	-2.0000e-03	 6.0735e+00	 4.8697e+00
352	-2.0000e-03	-2.0000e-03	 6.2316e+00	 5.0545e+00
353	-1.5000e-03	-2.0000e-03	 6.3404e+00	 5.2806e+00
354	-1.0000e-03	-2.0000e-03	 6.4341e+00	 5.4864e+00
355	-5.0000e-04	-2.0000e-03	 6.5127e+00	 5.6139e+00
356	 0.0000e+00	-2.0000e-03	 6.5607e+00	 5.7346e+00
357	 5.0000e-04	-2.0000e-03	 6.5893e+00	 5.7418e+00
358	 1.0000e-03	-2.0000e-03	 6.5735e+00	 5.7333e+00
359	 1.5000e-03	-2.0000e-03	 6.5521e+00	 5.5962e+00
360	 2.0000e-03	-2.0000e-03	 6.5114e+00	 5.4644e+00
361	 2.5000e-03	-2.0000e-03	 6.4137e+00	 5.3336e+00
362	 3.0000e-03	-2.0000e-03	 6.3102e+00	 5.1413e+00
363	 3.5000e-03	-2.0000e-03	 6.1527e+00	 4.9026e+00
364	 4.0000e-03	-2.0000e-03	 5.9893e+00	 4.6263e+00
365	 4.5000e-03	-2.0000e-03	 5.7675e+00	 4.2642e+00
366	 5.0000e-03	-2.0000e-03	 5.4420e+00	 3.8395e+00
367	 5.5000e-03	-2.0000e-03	 5.0929e+00	 3.2354e+00
368	 6.0000e-03	-2.0000e-03	 4.7304e+00	 2.2568e+00
369	 6.5000e-03	-2.0000e-03	 4.9187e+00	 1.1628e+00
370	 7.0000e-03	-2.0000e-03	 5.1311e+00	 5.3336e-01
371	 7.5000e-03	-2.0000e-03	 5.2218e+00	 4.5808e-01
372	-7.5000e-03	-1.5000e-03	 5.0456e+00	 8.1635e+00
373	-7.0000e-03	-1.5000e-03	 5.0029e+00	 1.7496e+00
374	-6.5000e-03	-1.5000e-03	 4.9128e+00	 9.8369e-01
375	-6.0000e-03	-1.5000e-03	 4.9762e+00	 1.2233e+00
376	-5.5000e-03	-1.5000e-03	 4.9455e+00	 1.4873e+00
377	-5.0000e-03	-1.5000e-03	 4.8079e+00	 2.3475e+00
378	-4.5000e-03	-1.5000e-03	 4.9292e+00	 3.7265e+00
379	-4.0000e-03	-1.5000e-03	 5.4479e+00	 4.4329e+00
380	-3.5000e-03	-1.5000e-03	 5.8408e+00	 4.7504e+00
381	-3.0000e-03	-1.5000e-03	 6.1202e+00	 4.8996e+00
382	-2.5000e-03	-1.5000e-03	 6.2451e+00	 5.1735e+00
383	-2.0000e-03	-1.5000e-03	 6.3805e+00	 5.4611e+00
384	-1.5000e-03	-1.5000e-03	 6.5020e+00	 5.6659e+00
385	-1.0000e-03	-1.5000e-03	 6.5840e+00	 5.8293e+00
386	-5.0000e-04	-1.5000e-03	 6.6392e+00	 5.9446e+00
387	 0.0000e+00	-1.5000e-03	 6.6737e+00	 6.0446e+00
388	 5.0000e-04	-1.5000e-03	 6.6741e+00	 6.0663e+00
389	 1.0000e-03	-1.5000e-03	 6.6527e+00	 6.0574e+00
390	 1.5000e-03	-1.5000e-03	 6.6320e+00	 5.9683e+00
391	 2.0000e-03	-1.5000e-03	 6.5883e+00	 5.8362e+00
392	 2.5000e-03	-1.5000e-03	 6.5130e+00	 5.7063e+00
393	 3.0000e-03	-1.5000e-03	 6.4210e+00	 5.5206e+00
394	 3.5000e-03	-1.5000e-03	 6.2875e+00	 5.3178e+00
395	 4.0000e-03	-1.5000e-03	 6.1100e+00	 5.0525e+00
396	 4.5000e-03	-1.5000e-03	 5.9437e+00	 4.7008e+00
397	 5.0000e-03	-1.5000e-03	 5.7359e+00	 4.2692e+00
398	 5.5000e-03	-1.5000e-03	 5.4338e+00	 3.8977e+00
399	 6.0000e-03	-1.5000e-03	 4.9509e+00	 3.3139e+00
400	 6.5000e-03	-1.5000e-03	 4.5686e+00	 1.6359e+00
401	 7.0000e-03	-1.5000e-03	 5.0167e+00	 7.6247e-01
402	 7.5000e-03	-1.5000e-03	 5.1731e+00	 9.3438e-01
403	-7.5000e-03	-1.0000e-03	 4.8918e+00	 8.8140e+00
404	-7.0000e-03	-1.0000e-03	 4.8638e+00	 2.3100e+00
405	-6.5000e-03	-1.0000e-03	 4.9003e+00	 9.9519e-01
406	-6.0000e-03	-1.0000e-03	 4.8816e+00	 1.1957e+00
407	-5.5000e-03	-1.0000e-03	 4.7044e+00	 2.1414e+00
408	-5.0000e-03	-1.0000e-03	 4.7175e+00	 3.2469e+00
409	-4.5000e-03	-1.0000e-03	 5.2872e+00	 4.5757e+00
410	-4.0000e-03	-1.0000e-03	 5.7763e+00	 4.8773e+00
411	-3.5000e-03	-1.0000e-03	 6.0584e+00	 4.9749e+00
412	-3.0000e-03	-1.0000e-03	 6.2040e+00	 5.2455e+00
413	-2.5000e-03	-1.0000e-03	 6.3716e+00	 5.5761e+00
414	-2.0000e-03	-1.0000e-03	 6.5025e+00	 5.8178e+00
415	-1.5000e-03	-1.0000e-03	 6.5860e+00	 5.9925e+00
416	-1.0000e-03	-1.0000e-03	 6.6182e+00	 6.2119e+00
417	-5.0000e-04	-1.0000e-03	 6.6445e+00	 6.3493e+00
418	 0.0000e+00	-1.0000e-03	 6.6948e+00	 6.4732e+00
419	 5.0000e-04	-1.0000e-03	 6.6990e+00	 6.5018e+00
420	 1.0000e-03	-1.0000e-03	 6.7184e+00	 6.4712e+00
421	 1.5000e-03	-1.0000e-03	 6.6862e+00	 6.4265e+00
422	 2.0000e-03	-1.0000e-03	 6.6514e+00	 6.2789e+00
423	 2.5000e-03	-1.0000e-03	 6.5902e+00	 6.0801e+00
424	 3.0000e-03	-1.0000e-03	 6.5163e+00	 5.8934e+00
425	 3.5000e-03	-1.0000e-03	 6.4117e+00	 5.7020e+00
426	 4.0000e-03	-1.0000e-03	 6.2691e+00	 5.4506e+00
427	 4.5000e-03	-1.0000e-03	 6.0830e+00	 5.1314e+00
428	 5.0000e-03	-1.0000e-03	 5.8470e+00	 4.7790e+00
429	 5.5000e-03	-1.0000e-03	 5.6001e+00	 4.3494e+00
430	 6.0000e-03	-1.0000e-03	 5.2653e+00	 3.9700e+00
431	 6.5000e-03	-1.0000e-03	 4.6429e+00	 3.2416e+00
432	 7.0000e-03	-1.0000e-03	 4.6544e+00	 1.3298e+00
433	 7.5000e-03	-1.0000e-03	 5.0311e+00	 9.3734e-01
434	-7.5000e-03	-5.0000e-04	 4.8546e+00	 8.6520e+00
435	-7.0000e-03	-5.0000e-04	 4.8605e+00	 9.4753e-01
436	-6.5000e-03	-5.0000e-04	 4.8116e+00	 1.1277e+00
437	-6.0000e-03	-5.0000e-04	 4.7918e+00	 1.7565e+00
438	-5.5000e-03	-5.0000e-04	 4.7152e+00	 2.7683e+00
439	-5.0000e-03	-5.0000e-04	 5.0137e+00	 4.2215e+00
440	-4.5000e-03	-5.0000e-04	 5.5748e+00	 4.8053e+00
441	-4.0000e-03	-5.0000e-04	 5.9423e+00	 5.0298e+00
442	-3.5000e-03	-5.0000e-04	 6.2040e+00	 5.2451e+00
443	-3.0000e-03	-5.0000e-04	 6.3539e+00	 5.5564e+00
444	-2.5000e-03	-5.0000e-04	 6.4752e+00	 5.8266e+00
445	-2.0000e-03	-5.0000e-04	 6.5317e+00	 6.1041e+00
446	-1.5000e-03	-5.0000e-04	 6.5971e+00	 6.3802e+00
447	-1.0000e-03	-5.0000e-04	 6.6491e+00	 6.6149e+00
448	-5.0000e-04	-5.0000e-04	 6.7000e+00	 6.8171e+00
449	 0.0000e+00	-5.0000e-04	 6.7441e+00	 6.9377e+00
450	 5.0000e-04	-5.0000e-04	 6.7615e+00	 6.9393e+00
451	 1.0000e-03	-5.0000e-04	 6.7625e+00	 6.8979e+00
452	 1.5000e-03	-5.0000e-04	 6.7592e+00	 6.7825e+00
453	 2.0000e-03	-5.0000e-04	 6.7089e+00	 6.6248e+00
454	 2.5000e-03	-5.0000e-04	 6.6622e+00	 6.4134e+00
455	 3.0000e-03	-5.0000e-04	 6.5886e+00	 6.2194e+00
456	 3.5000e-03	-5.0000e-04	 6.5114e+00	 5.9463e+00
457	 4.0000e-03	-5.0000e-04	 6.3970e+00	 5.7270e+00
458	 4.5000e-03	-5.0000e-04	 6.2122e+00	 5.4637e+00
459	 5.0000e-03	-5.0000e-04	 6.0199e+00	 5.1478e+00
460	 5.5000e-03	-5.0000e-04	 5.7497e+00	 4.7208e+00
461	 6.0000e-03	-5.0000e-04	 5.4203e+00	 4.3320e+00
462	 6.5000e-03	-5.0000e-04	 4.9256e+00	 4.0118e+00
463	 7.0000e-03	-5.0000e-04	 4.3223e+00	 2.4437e+00
464	 7.5000e-03	-5.0000e-04	 4.7392e+00	 1.2664e+00
465	-7.5000e-03	 0.0000e+00	 4.8010e+00	 8.1855e+00
466	-7.0000e-03	 0.0000e+00	 4.8185e+00	 1.3022e+00
467	-6.5000e-03	 0.0000e+00	 4.7652e+00	 1.2043e+00
468	-6.0000e-03	 0.0000e+00	 4.6442e+00	 2.3922e+00
469	-5.5000e-03	 0.0000e+00	 4.8083e+00	 3.4875e+00
470	-5.0000e-03	 0.0000e+00	 5.2527e+00	 4.4276e+00
471	-4.5000e-03	 0.0000e+00	 5.7491e+00	 4.9338e+00
472	-4.0000e-03	 0.0000e+00	 6.0456e+00	 5.1896e+00
473	-3.5000e-03	 0.0000e+00	 6.2694e+00	 5.4463e+00
474	-3.0000e-03	 0.0000e+00	 6.4052e+00	 5.7155e+00
475	-2.5000e-03	 0.0000e+00	 6.4584e+00	 6.0515e+00
476	-2.0000e-03	 0.0000e+00	 6.5163e+00	 6.4377e+00
477	-1.5000e-03	 0.0000e+00	 6.5807e+00	 6.7944e+00
478	-1.0000e-03	 0.0000e+00	 6.6435e+00	 7.0481e+00
479	-5.0000e-04	 0.0000e+00	 6.7000e+00	 7.2730e+00
480	 0.0000e+00	 0.0000e+00	 6.7536e+00	 7.4406e+00
481	 5.0000e-04	 0.0000e+00	 6.7885e+00	 7.4558e+00
482	 1.0000e-03	 0.0000e+00	 6.7888e+00	 7.4305e+00
483	 1.5000e-03	 0.0000e+00	 6.7786e+00	 7.2835e+00
484	 2.0000e-03	 0.0000e+00	 6.7332e+00	 7.0623e+00
485	 2.5000e-03	 0.0000e+00	 6.6783e+00	 6.8026e+00
486	 3.0000e-03	 0.0000e+00	 6.6034e+00	 6.5160e+00
487	 3.5000e-03	 0.0000e+00	 6.5511e+00	 6.2168e+00
488	 4.0000e-03	 0.0000e+00	 6.4499e+00	 5.9279e+00
489	 4.5000e-03	 0.0000e+00	 6.3118e+00	 5.6754e+00
490	 5.0000e-03	 0.0000e+00	 6.1287e+00	 5.3868e+00
491	 5.5000e-03	 0.0000e+00	 5.9200e+00	 5.0367e+00
492	 6.0000e-03	 0.0000e+00	 5.5272e+00	 4.6344e+00
493	 6.5000e-03	 0.0000e+00	 5.1232e+00	 4.0276e+00
494	 7.0000e-03	 0.0000e+00	 4.5104e+00	 3.0819e+00
495	 7.5000e-03	 0.0000e+00	 4.6160e+00	 1.7261e+00
496	-7.5000e-03	 5.0000e-04	 4.8178e+00	 1.5307e+00
497	-7.0000e-03	 5.0000e-04	 4.8093e+00	 9.7547e-01
498	-6.5000e-03	 5.0000e-04	 4.7596e+00	 1.7401e+00
499	-6.0000e-03	 5.0000e-04	 4.4592e+00	 3.1824e+00
500	-5.5000e-03	 5.0000e-04	 4.8066e+00	 4.1397e+00
501	-5.0000e-03	 5.0000e-04	 5.4739e+00	 4.7846e+00
502	-4.5000e-03	 5.0000e-04	 5.9180e+00	 5.0081e+00
503	-4.0000e-03	 5.0000e-04	 6.1517e+00	 5.3483e+00
504	-3.5000e-03	 5.0000e-04	 6.3115e+00	 5.5890e+00
505	-3.0000e-03	 5.0000e-04	 6.3828e+00	 5.8549e+00
506	-2.5000e-03	 5.0000e-04	 6.4150e+00	 6.3158e+00
507	-2.0000e-03	 5.0000e-04	 6.4893e+00	 6.8549e+00
508	-1.5000e-03	 5.0000e-04	 6.5413e+00	 7.2115e+00
509	-1.0000e-03	 5.0000e-04	 6.6185e+00	 7.6047e+00
510	-5.0000e-04	 5.0000e-04	 6.7175e+00	 7.8958e+00
511	 0.0000e+00	 5.0000e-04	 6.8019e+00	 8.0284e+00
512	 5.0000e-04	 5.0000e-04	 6.8555e+00	 8.0577e+00
513	 1.0000e-03	 5.0000e-04	 6.8503e+00	 8.0097e+00
514	 1.5000e-03	 5.0000e-04	 6.8177e+00	 7.8522e+00
515	 2.0000e-03	 5.0000e-04	 6.7763e+00	 7.6020e+00
516	 2.5000e-03	 5.0000e-04	 6.6981e+00	 7.2858e+00
517	 3.0000e-03	 5.0000e-04	 6.6169e+00	 6.9288e+00
518	 3.5000e-03	 5.0000e-04	 6.5429e+00	 6.5587e+00
519	 4.0000e-03	 5.0000e-04	 6.4689e+00	 6.1803e+00
520	 4.5000e-03	 5.0000e-04	 6.3447e+00	 5.9190e+00
521	 5.0000e-03	 5.0000e-04	 6.2040e+00	 5.5946e+00
522	 5.5000e-03	 5.0000e-04	 6.0117e+00	 5.2885e+00
523	 6.0000e-03	 5.0000e-04	 5.7002e+00	 5.0085e+00
524	 6.5000e-03	 5.0000e-04	 5.1975e+00	 4.3089e+00
525	 7.0000e-03	 5.0000e-04	 4.7445e+00	 3.6006e+00
526	 7.5000e-03	 5.0000e-04	 4.3678e+00	 3.4766e+00
527	-7.5000e-03	 1.0000e-03	 4.8589e+00	 1.4975e+00
528	-7.0000e-03	 1.0000e-03	 4.8135e+00	 1.1211e+00
529	-6.5000e-03	 1.0000e-03	 4.6334e+00	 1.6007e+00
530	-6.0000e-03	 1.0000e-03	 4.5032e+00	 3.6482e+00
531	-5.5000e-03	 1.0000e-03	 5.0525e+00	 4.8259e+00
532	-5.0000e-03	 1.0000e-03	 5.6573e+00	 4.9019e+00
533	-4.5000e-03	 1.0000e-03	 5.9700e+00	 5.1511e+00
534	-4.0000e-03	 1.0000e-03	 6.2109e+00	 5.4887e+00
535	-3.5000e-03	 1.0000e-03	 6.3394e+00	 5.6978e+00
536	-3.0000e-03	 1.0000e-03	 6.3486e+00	 6.0416e+00
537	-2.5000e-03	 1.0000e-03	 6.3424e+00	 6.7027e+00
538	-2.0000e-03	 1.0000e-03	 6.4282e+00	 7.2405e+00
539	-1.5000e-03	 1.0000e-03	 6.5235e+00	 7.7493e+00
540	-1.0000e-03	 1.0000e-03	 6.6731e+00	 8.1760e+00
541	-5.0000e-04	 1.0000e-03	 6.8052e+00	 8.4367e+00
542	 0.0000e+00	 1.0000e-03	 6.9088e+00	 8.5854e+00
543	 5.0000e-04	 1.0000e-03	 6.9574e+00	 8.6199e+00
544	 1.0000e-03	 1.0000e-03	 6.9594e+00	 8.5685e+00
545	 1.5000e-03	 1.0000e-03	 6.9127e+00	 8.4058e+00
546	 2.0000e-03	 1.0000e-03	 6.8338e+00	 8.1408e+00
547	 2.5000e-03	 1.0000e-03	 6.7276e+00	 7.7865e+00
548	 3.0000e-03	 1.0000e-03	 6.6129e+00	 7.3433e+00
549	 3.5000e-03	 1.0000e-03	 6.5278e+00	 6.8628e+00
550	 4.0000e-03	 1.0000e-03	 6.4683e+00	 6.4581e+00
551	 4.5000e-03	 1.0000e-03	 6.3743e+00	 6.1172e+00
552	 5.0000e-03	 1.0000e-03	 6.2438e+00	 5.7875e+00
553	 5.5000e-03	 1.0000e-03	 6.0906e+00	 5.4493e+00
554	 6.0000e-03	 1.0000e-03	 5.7747e+00	 5.2024e+00
555	 6.5000e-03	 1.0000e-03	 5.3615e+00	 4.7379e+00
556	 7.0000e-03	 1.0000e-03	 4.8165e+00	 3.9431e+00
557	 7.5000e-03	 1.0000e-03	 4.2468e+00	 2.8689e+00
558	-7.5000e-03	 1.5000e-03	 4.6807e+00	 1.1208e+00
559	-7.0000e-03	 1.5000e-03	 4.7642e+00	 1.3039e+00
560	-6.5000e-03	 1.5000e-03	 4.4957e+00	 1.5902e+00
561	-6.0000e-03	 1.5000e-03	 4.4187e+00	 4.3011e+00
562	-5.5000e-03	 1.5000e-03	 5.1932e+00	 4.8599e+00
563	-5.0000e-03	 1.5000e-03	 5.7073e+00	 5.0252e+00
564	-4.5000e-03	 1.5000e-03	 6.0341e+00	 5.2767e+00
565	-4.0000e-03	 1.5000e-03	 6.2566e+00	 5.5630e+00
566	-3.5000e-03	 1.5000e-03	 6.3276e+00	 5.8181e+00
567	-3.0000e-03	 1.5000e-03	 6.3003e+00	 6.3378e+00
568	-2.5000e-03	 1.5000e-03	 6.3059e+00	 6.9824e+00
569	-2.0000e-03	 1.5000e-03	 6.3808e+00	 7.6277e+00
570	-1.5000e-03	 1.5000e-03	 6.5685e+00	 8.2726e+00
571	-1.0000e-03	 1.5000e-03	 6.7715e+00	 8.6260e+00
572	-5.0000e-04	 1.5000e-03	 6.9170e+00	 8.8387e+00
573	 0.0000e+00	 1.5000e-03	 7.0228e+00	 8.9449e+00
574	 5.0000e-04	 1.5000e-03	 7.0889e+00	 9.0004e+00
575	 1.0000e-03	 1.5000e-03	 7.0817e+00	 8.9311e+00
576	 1.5000e-03	 1.5000e-03	 7.0189e+00	 8.7864e+00
577	 2.0000e-03	 1.5000e-03	 6.9035e+00	 8.5215e+00
578	 2.5000e-03	 1.5000e-03	 6.7671e+00	 8.1563e+00
579	 3.0000e-03	 1.5000e-03	 6.6215e+00	 7.7007e+00
580	 3.5000e-03	 1.5000e-03	 6.5186e+00	 7.1228e+00
581	 4.0000e-03	 1.5000e-03	 6.4397e+00	 6.6869e+00
582	 4.5000e-03	 1.5000e-03	 6.3697e+00	 6.2780e+00
583	 5.0000e-03	 1.5000e-03	 6.2592e+00	 5.9653e+00
584	 5.5000e-03	 1.5000e-03	 6.1087e+00	 5.6005e+00
585	 6.0000e-03	 1.5000e-03	 5.9042e+00	 5.2987e+00
586	 6.5000e-03	 1.5000e-03	 5.5025e+00	 4.9999e+00
587	 7.0000e-03	 1.5000e-03	 5.1107e+00	 4.3487e+00
588	 7.5000e-03	 1.5000e-03	 4.4671e+00	 3.6975e+00
589	-7.5000e-03	 2.0000e-03	 4.6617e+00	 1.5149e+00
590	-7.0000e-03	 2.0000e-03	 4.4749e+00	 1.8232e+00
591	-6.5000e-03	 2.0000e-03	 4.4159e+00	 2.3183e+00
592	-6.0000e-03	 2.0000e-03	 4.5568e+00	 4.7682e+00
593	-5.5000e-03	 2.0000e-03	 5.3641e+00	 4.9759e+00
594	-5.0000e-03	 2.0000e-03	 5.7816e+00	 5.0617e+00
595	-4.5000e-03	 2.0000e-03	 6.0794e+00	 5.3727e+00
596	-4.0000e-03	 2.0000e-03	 6.2737e+00	 5.6044e+00
597	-3.5000e-03	 2.0000e-03	 6.2766e+00	 5.9318e+00
598	-3.0000e-03	 2.0000e-03	 6.2395e+00	 6.5850e+00
599	-2.5000e-03	 2.0000e-03	 6.2398e+00	 7.2358e+00
600	-2.0000e-03	 2.0000e-03	 6.3730e+00	 8.0938e+00
601	-1.5000e-03	 2.0000e-03	 6.6202e+00	 8.6116e+00
602	-1.0000e-03	 2.0000e-03	 6.8217e+00	 8.9137e+00
603	-5.0000e-04	 2.0000e-03	 7.0054e+00	 9.1372e+00
604	 0.0000e+00	 2.0000e-03	 7.1320e+00	 9.2266e+00
605	 5.0000e-04	 2.0000e-03	 7.2020e+00	 9.2420e+00
606	 1.0000e-03	 2.0000e-03	 7.1928e+00	 9.1895e+00
607	 1.5000e-03	 2.0000e-03	 7.1228e+00	 9.0382e+00
608	 2.0000e-03	 2.0000e-03	 6.9956e+00	 8.7996e+00
609	 2.5000e-03	 2.0000e-03	 6.8138e+00	 8.4630e+00
610	 3.0000e-03	 2.0000e-03	 6.6399e+00	 7.9508e+00
611	 3.5000e-03	 2.0000e-03	 6.5229e+00	 7.3726e+00
612	 4.0000e-03	 2.0000e-03	 6.4272e+00	 6.8558e+00
613	 4.5000e-03	 2.0000e-03	 6.3486e+00	 6.4180e+00
614	 5.0000e-03	 2.0000e-03	 6.2563e+00	 6.0554e+00
615	 5.5000e-03	 2.0000e-03	 6.1353e+00	 5.7113e+00
616	 6.0000e-03	 2.0000e-03	 5.9588e+00	 5.3322e+00
617	 6.5000e-03	 2.0000e-03	 5.6261e+00	 5.0140e+00
618	 7.0000e-03	 2.0000e-03	 5.1373e+00	 4.5367e+00
619	 7.5000e-03	 2.0000e-03	 4.6252e+00	 3.7449e+00
620	-7.5000e-03	 2.5000e-03	 4.5591e+00	 3.3780e+00
621	-7.0000e-03	 2.5000e-03	 4.5006e+00	 2.3143e+00
622	-6.5000e-03	 2.5000e-03	 4.3514e+00	 3.3491e+00
623	-6.0000e-03	 2.5000e-03	 4.7616e+00	 4.3819e+00
624	-5.5000e-03	 2.5000e-03	 5.4092e+00	 4.8855e+00
625	-5.0000e-03	 2.5000e-03	 5.8135e+00	 5.0643e+00
626	-4.5000e-03	 2.5000e-03	 6.1034e+00	 5.4108e+00
627	-4.0000e-03	 2.5000e-03	 6.2533e+00	 5.7089e+00
628	-3.5000e-03	 2.5000e-03	 6.2408e+00	 6.1018e+00
629	-3.0000e-03	 2.5000e-03	 6.2125e+00	 6.7756e+00
630	-2.5000e-03	 2.5000e-03	 6.2063e+00	 7.4791e+00
631	-2.0000e-03	 2.5000e-03	 6.3855e+00	 8.2874e+00
632	-1.5000e-03	 2.5000e-03	 6.6419e+00	 8.7283e+00
633	-1.0000e-03	 2.5000e-03	 6.8509e+00	 9.0553e+00
634	-5.0000e-04	 2.5000e-03	 7.0643e+00	 9.2565e+00
635	 0.0000e+00	 2.5000e-03	 7.1938e+00	 9.3265e+00
636	 5.0000e-04	 2.5000e-03	 7.2671e+00	 9.3601e+00
637	 1.0000e-03	 2.5000e-03	 7.2631e+00	 9.3157e+00
638	 1.5000e-03	 2.5000e-03	 7.1879e+00	 9.1733e+00
639	 2.0000e-03	 2.5000e-03	 7.0623e+00	 8.9728e+00
640	 2.5000e-03	 2.5000e-03	 6.8621e+00	 8.6415e+00
641	 3.0000e-03	 2.5000e-03	 6.6751e+00	 8.1770e+00
642	 3.5000e-03	 2.5000e-03	 6.5209e+00	 7.5610e+00
643	 4.0000e-03	 2.5000e-03	 6.4177e+00	 7.0317e+00
644	 4.5000e-03	 2.5000e-03	 6.3375e+00	 6.5281e+00
645	 5.0000e-03	 2.5000e-03	 6.2668e+00	 6.1221e+00
646	 5.5000e-03	 2.5000e-03	 6.1553e+00	 5.7707e+00
647	 6.0000e-03	 2.5000e-03	 5.9381e+00	 5.4161e+00
648	 6.5000e-03	 2.5000e-03	 5.6057e+00	 5.1136e+00
649	 7.0000e-03	 2.5000e-03	 5.2303e+00	 4.5312e+00
650	 7.5000e-03	 2.5000e-03	 4.7580e+00	 3.4329e+00
651	-7.5000e-03	 3.0000e-03	 4.6242e+00	 2.2052e+00
652	-7.0000e-03	 3.0000e-03	 4.3622e+00	 3.3000e+00
653	-6.5000e-03	 3.0000e-03	 4.3928e+00	 3.0273e+00
654	-6.0000e-03	 3.0000e-03	 4.8093e+00	 4.2333e+00
655	-5.5000e-03	 3.0000e-03	 5.4243e+00	 4.8273e+00
656	-5.0000e-03	 3.0000e-03	 5.8319e+00	 5.1797e+00
657	-4.5000e-03	 3.0000e-03	 6.0870e+00	 5.5311e+00
658	-4.0000e-03	 3.0000e-03	 6.2339e+00	 5.8033e+00
659	-3.5000e-03	 3.0000e-03	 6.2434e+00	 6.2089e+00
660	-3.0000e-03	 3.0000e-03	 6.2185e+00	 6.8598e+00
661	-2.5000e-03	 3.0000e-03	 6.2004e+00	 7.5886e+00
662	-2.0000e-03	 3.0000e-03	 6.4006e+00	 8.3193e+00
663	-1.5000e-03	 3.0000e-03	 6.6442e+00	 8.7499e+00
664	-1.0000e-03	 3.0000e-03	 6.8545e+00	 9.1040e+00
665	-5.0000e-04	 3.0000e-03	 7.0679e+00	 9.2749e+00
666	 0.0000e+00	 3.0000e-03	 7.1954e+00	 9.3811e+00
667	 5.0000e-04	 3.0000e-03	 7.2723e+00	 9.4268e+00
668	 1.0000e-03	 3.0000e-03	 7.2720e+00	 9.3995e+00
669	 1.5000e-03	 3.0000e-03	 7.2020e+00	 9.2562e+00
670	 2.0000e-03	 3.0000e-03	 7.0827e+00	 9.0392e+00
671	 2.5000e-03	 3.0000e-03	 6.8943e+00	 8.7236e+00
672	 3.0000e-03	 3.0000e-03	 6.6849e+00	 8.2578e+00
673	 3.5000e-03	 3.0000e-03	 6.5367e+00	 7.6648e+00
674	 4.0000e-03	 3.0000e-03	 6.4420e+00	 7.1060e+00
675	 4.5000e-03	 3.0000e-03	 6.3352e+00	 6.6560e+00
676	 5.0000e-03	 3.0000e-03	 6.2536e+00	 6.2155e+00
677	 5.5000e-03	 3.0000e-03	 6.1093e+00	 5.8971e+00
678	 6.0000e-03	 3.0000e-03	 5.8888e+00	 5.5377e+00
679	 6.5000e-03	 3.0000e-03	 5.6011e+00	 5.0860e+00
680	 7.0000e-03	 3.0000e-03	 5.2093e+00	 4.3714e+00
681	 7.5000e-03	 3.0000e-03	 4.8615e+00	 3.6446e+00
682	-7.5000e-03	 3.5000e-03	 4.6156e+00	 1.6664e+00
683	-7.0000e-03	 3.5000e-03	 4.4888e+00	 1.8403e+00
684	-6.5000e-03	 3.5000e-03	 4.5466e+00	 3.0398e+00
685	-6.0000e-03	 3.5000e-03	 4.7757e+00	 4.2225e+00
686	-5.5000e-03	 3.5000e-03	 5.3776e+00	 4.7609e+00
687	-5.0000e-03	 3.5000e-03	 5.7819e+00	 5.0880e+00
688	-4.5000e-03	 3.5000e-03	 6.0705e+00	 5.5663e+00
689	-4.0000e-03	 3.5000e-03	 6.2260e+00	 5.8572e+00
690	-3.5000e-03	 3.5000e-03	 6.2224e+00	 6.3237e+00
691	-3.0000e-03	 3.5000e-03	 6.2425e+00	 6.8539e+00
692	-2.5000e-03	 3.5000e-03	 6.2549e+00	 7.4996e+00
693	-2.0000e-03	 3.5000e-03	 6.3973e+00	 8.2023e+00
694	-1.5000e-03	 3.5000e-03	 6.6044e+00	 8.6234e+00
695	-1.0000e-03	 3.5000e-03	 6.8246e+00	 8.9850e+00
696	-5.0000e-04	 3.5000e-03	 7.0255e+00	 9.1832e+00
697	 0.0000e+00	 3.5000e-03	 7.1530e+00	 9.2864e+00
698	 5.0000e-04	 3.5000e-03	 7.2204e+00	 9.3551e+00
699	 1.0000e-03	 3.5000e-03	 7.2451e+00	 9.3213e+00
700	 1.5000e-03	 3.5000e-03	 7.1721e+00	 9.1858e+00
701	 2.0000e-03	 3.5000e-03	 7.0534e+00	 8.9600e+00
702	 2.5000e-03	 3.5000e-03	 6.8871e+00	 8.6510e+00
703	 3.0000e-03	 3.5000e-03	 6.6971e+00	 8.2204e+00
704	 3.5000e-03	 3.5000e-03	 6.5603e+00	 7.6405e+00
705	 4.0000e-03	 3.5000e-03	 6.4502e+00	 7.1583e+00
706	 4.5000e-03	 3.5000e-03	 6.3463e+00	 6.6915e+00
707	 5.0000e-03	 3.5000e-03	 6.2408e+00	 6.2747e+00
708	 5.5000e-03	 3.5000e-03	 6.0745e+00	 5.9203e+00
709	 6.0000e-03	 3.5000e-03	 5.8529e+00	 5.5919e+00
710	 6.5000e-03	 3.5000e-03	 5.5071e+00	 4.9559e+00
711	 7.0000e-03	 3.5000e-03	 5.1265e+00	 4.2649e+00
712	 7.5000e-03	 3.5000e-03	 4.8226e+00	 3.2883e+00
713	-7.5000e-03	 4.0000e-03	 4.8250e+00	 1.1451e+00
714	-7.0000e-03	 4.0000e-03	 4.4730e+00	 2.1253e+00
715	-6.5000e-03	 4.0000e-03	 4.5663e+00	 2.6608e+00
716	-6.0000e-03	 4.0000e-03	 4.6636e+00	 4.0463e+00
717	-5.5000e-03	 4.0000e-03	 5.2698e+00	 4.6893e+00
718	-5.0000e-03	 4.0000e-03	 5.6547e+00	 5.1297e+00
719	-4.5000e-03	 4.0000e-03	 6.0002e+00	 5.5538e+00
720	-4.0000e-03	 4.0000e-03	 6.1797e+00	 5.9216e+00
721	-3.5000e-03	 4.0000e-03	 6.2592e+00	 6.3289e+00
722	-3.0000e-03	 4.0000e-03	 6.2832e+00	 6.8180e+00
723	-2.5000e-03	 4.0000e-03	 6.3069e+00	 7.3713e+00
724	-2.0000e-03	 4.0000e-03	 6.4338e+00	 7.9446e+00
725	-1.5000e-03	 4.0000e-03	 6.5843e+00	 8.3936e+00
726	-1.0000e-03	 4.0000e-03	 6.7888e+00	 8.7753e+00
727	-5.0000e-04	 4.0000e-03	 6.9624e+00	 8.9952e+00
728	 0.0000e+00	 4.0000e-03	 7.0685e+00	 9.1089e+00
729	 5.0000e-04	 4.0000e-03	 7.1366e+00	 9.1875e+00
730	 1.0000e-03	 4.0000e-03	 7.1458e+00	 9.1793e+00
731	 1.5000e-03	 4.0000e-03	 7.0984e+00	 9.0402e+00
732	 2.0000e-03	 4.0000e-03	 6.9942e+00	 8.8259e+00
733	 2.5000e-03	 4.0000e-03	 6.8424e+00	 8.5123e+00
734	 3.0000e-03	 4.0000e-03	 6.6813e+00	 8.1096e+00
735	 3.5000e-03	 4.0000e-03	 6.5607e+00	 7.6030e+00
736	 4.0000e-03	 4.0000e-03	 6.4660e+00	 7.1254e+00
737	 4.5000e-03	 4.0000e-03	 6.3473e+00	 6.6622e+00
738	 5.0000e-03	 4.0000e-03	 6.2296e+00	 6.2855e+00
739	 5.5000e-03	 4.0000e-03	 6.0755e+00	 5.9453e+00
740	 6.0000e-03	 4.0000e-03	 5.7796e+00	 5.6054e+00
741	 6.5000e-03	 4.0000e-03	 5.4371e+00	 5.0525e+00
742	 7.0000e-03	 4.0000e-03	 5.0374e+00	 4.0591e+00
743	 7.5000e-03	 4.0000e-03	 4.7534e+00	 2.8804e+00
744	-7.5000e-03	 4.5000e-03	 4.9565e+00	 8.3117e-01
745	-7.0000e-03	 4.5000e-03	 4.8309e+00	 1.2266e+00
746	-6.5000e-03	 4.5000e-03	 4.4549e+00	 1.9258e+00
747	-6.0000e-03	 4.5000e-03	 4.6317e+00	 3.2866e+00
748	-5.5000e-03	 4.5000e-03	 5.1291e+00	 4.6051e+00
749	-5.0000e-03	 4.5000e-03	 5.5403e+00	 5.0969e+00
750	-4.5000e-03	 4.5000e-03	 5.9437e+00	 5.5906e+00
751	-4.0000e-03	 4.5000e-03	 6.1560e+00	 5.9049e+00
752	-3.5000e-03	 4.5000e-03	 6.2434e+00	 6.3056e+00
753	-3.0000e-03	 4.5000e-03	 6.3184e+00	 6.7326e+00
754	-2.5000e-03	 4.5000e-03	 6.3592e+00	 7.1652e+00
755	-2.0000e-03	 4.5000e-03	 6.4604e+00	 7.6487e+00
756	-1.5000e-03	 4.5000e-03	 6.6021e+00	 8.0652e+00
757	-1.0000e-03	 4.5000e-03	 6.7608e+00	 8.4584e+00
758	-5.0000e-04	 4.5000e-03	 6.8963e+00	 8.6862e+00
759	 0.0000e+00	 4.5000e-03	 6.9847e+00	 8.8798e+00
760	 5.0000e-04	 4.5000e-03	 7.0311e+00	 8.9455e+00
761	 1.0000e-03	 4.5000e-03	 7.0472e+00	 8.9551e+00
762	 1.5000e-03	 4.5000e-03	 6.9906e+00	 8.8315e+00
763	 2.0000e-03	 4.5000e-03	 6.9124e+00	 8.6490e+00
764	 2.5000e-03	 4.5000e-03	 6.8049e+00	 8.3118e+00
765	 3.0000e-03	 4.5000e-03	 6.6866e+00	 7.9133e+00
766	 3.5000e-03	 4.5000e-03	 6.5685e+00	 7.4732e+00
767	 4.0000e-03	 4.5000e-03	 6.4473e+00	 7.0557e+00
768	 4.5000e-03	 4.5000e-03	 6.3555e+00	 6.6619e+00
769	 5.0000e-03	 4.5000e-03	 6.2017e+00	 6.2757e+00
770	 5.5000e-03	 4.5000e-03	 6.0094e+00	 5.9374e+00
771	 6.0000e-03	 4.5000e-03	 5.7126e+00	 5.6171e+00
772	 6.5000e-03	 4.5000e-03	 5.3871e+00	 4.9932e+00
773	 7.0000e-03	 4.5000e-03	 4.9398e+00	 3.9460e+00
774	 7.5000e-03	 4.5000e-03	 4.8326e+00	 2.4619e+00
775	-7.5000e-03	 5.0000e-03	 5.0696e+00	 9.2649e-01
776	-7.0000e-03	 5.0000e-03	 4.9131e+00	 1.0126e+00
777	-6.5000e-03	 5.0000e-03	 4.6702e+00	 1.5024e+00
778	-6.0000e-03	 5.0000e-03	 4.5900e+00	 2.6121e+00
779	-5.5000e-03	 5.0000e-03	 4.9473e+00	 4.1998e+00
780	-5.0000e-03	 5.0000e-03	 5.3973e+00	 4.9098e+00
781	-4.5000e-03	 5.0000e-03	 5.7872e+00	 5.5551e+00
782	-4.0000e-03	 5.0000e-03	 6.0548e+00	 5.8799e+00
783	-3.5000e-03	 5.0000e-03	 6.2014e+00	 6.1892e+00
784	-3.0000e-03	 5.0000e-03	 6.3256e+00	 6.6254e+00
785	-2.5000e-03	 5.0000e-03	 6.4157e+00	 6.9568e+00
786	-2.0000e-03	 5.0000e-03	 6.4903e+00	 7.3634e+00
787	-1.5000e-03	 5.0000e-03	 6.6054e+00	 7.7953e+00
788	-1.0000e-03	 5.0000e-03	 6.7322e+00	 8.0991e+00
789	-5.0000e-04	 5.0000e-03	 6.8348e+00	 8.4022e+00
790	 0.0000e+00	 5.0000e-03	 6.9107e+00	 8.5491e+00
791	 5.0000e-04	 5.0000e-03	 6.9489e+00	 8.6237e+00
792	 1.0000e-03	 5.0000e-03	 6.9482e+00	 8.6244e+00
793	 1.5000e-03	 5.0000e-03	 6.9104e+00	 8.5419e+00
794	 2.0000e-03	 5.0000e-03	 6.8249e+00	 8.3420e+00
795	 2.5000e-03	 5.0000e-03	 6.7490e+00	 8.0248e+00
796	 3.0000e-03	 5.0000e-03	 6.6619e+00	 7.6908e+00
797	 3.5000e-03	 5.0000e-03	 6.5755e+00	 7.3141e+00
798	 4.0000e-03	 5.0000e-03	 6.4535e+00	 6.9780e+00
799	 4.5000e-03	 5.0000e-03	 6.3171e+00	 6.5659e+00
800	 5.0000e-03	 5.0000e-03	 6.1415e+00	 6.2865e+00
801	 5.5000e-03	 5.0000e-03	 5.8894e+00	 5.9676e+00
802	 6.0000e-03	 5.0000e-03	 5.6041e+00	 5.5932e+00
803	 6.5000e-03	 5.0000e-03	 5.2478e+00	 4.8898e+00
804	 7.0000e-03	 5.0000e-03	 4.8632e+00	 3.8678e+00
805	 7.5000e-03	 5.0000e-03	 4.9723e+00	 2.2026e+00
806	-7.5000e-03	 5.5000e-03	 5.0772e+00	 9.0940e-01
807	-7.0000e-03	 5.5000e-03	 5.0229e+00	 8.0356e-01
808	-6.5000e-03	 5.5000e-03	 4.7836e+00	 1.4120e+00
809	-6.0000e-03	 5.5000e-03	 4.6738e+00	 2.2190e+00
810	-5.5000e-03	 5.5000e-03	 4.7790e+00	 3.7222e+00
811	-5.0000e-03	 5.5000e-03	 5.2155e+00	 4.7152e+00
812	-4.5000e-03	 5.5000e-03	 5.6228e+00	 5.2997e+00
813	-4.0000e-03	 5.5000e-03	 5.9650e+00	 5.8069e+00
814	-3.5000e-03	 5.5000e-03	 6.1659e+00	 6.1435e+00
815	-3.0000e-03	 5.5000e-03	 6.3315e+00	 6.4966e+00
816	-2.5000e-03	 5.5000e-03	 6.4542e+00	 6.7954e+00
817	-2.0000e-03	 5.5000e-03	 6.5347e+00	 7.0906e+00
818	-1.5000e-03	 5.5000e-03	 6.6106e+00	 7.4505e+00
819	-1.0000e-03	 5.5000e-03	 6.7276e+00	 7.7924e+00
820	-5.0000e-04	 5.5000e-03	 6.8082e+00	 8.0070e+00
821	 0.0000e+00	 5.5000e-03	 6.8575e+00	 8.1569e+00
822	 5.0000e-04	 5.5000e-03	 6.8897e+00	 8.2306e+00
823	 1.0000e-03	 5.5000e-03	 6.8858e+00	 8.2158e+00
824	 1.5000e-03	 5.5000e-03	 6.8348e+00	 8.1458e+00
825	 2.0000e-03	 5.5000e-03	 6.7891e+00	 7.9627e+00
826	 2.5000e-03	 5.5000e-03	 6.7135e+00	 7.7178e+00
827	 3.0000e-03	 5.5000e-03	 6.6576e+00	 7.3943e+00
828	 3.5000e-03	 5.5000e-03	 6.5505e+00	 7.1501e+00
829	 4.0000e-03	 5.5000e-03	 6.4354e+00	 6.8016e+00
830	 4.5000e-03	 5.5000e-03	 6.2697e+00	 6.5025e+00
831	 5.0000e-03	 5.5000e-03	 6.0715e+00	 6.2280e+00
832	 5.5000e-03	 5.5000e-03	 5.7569e+00	 5.9062e+00
833	 6.0000e-03	 5.5000e-03	 5.4325e+00	 5.2967e+00
834	 6.5000e-03	 5.5000e-03	 5.0706e+00	 4.7152e+00
835	 7.0000e-03	 5.5000e-03	 4.7481e+00	 3.5572e+00
836	 7.5000e-03	 5.5000e-03	 4.9266e+00	 1.9067e+00
837	-7.5000e-03	 6.0000e-03	 5.1002e+00	 1.0521e+00
838	-7.0000e-03	 6.0000e-03	 4.9631e+00	 9.7251e-01
839	-6.5000e-03	 6.0000e-03	 4.8464e+00	 1.2874e+00
840	-6.0000e-03	 6.0000e-03	 4.7184e+00	 1.8212e+00
841	-5.5000e-03	 6.0000e-03	 4.6199e+00	 3.0247e+00
842	-5.0000e-03	 6.0000e-03	 5.0039e+00	 4.1893e+00
843	-4.5000e-03	 6.0000e-03	 5.3648e+00	 5.1508e+00
844	-4.0000e-03	 6.0000e-03	 5.7796e+00	 5.6827e+00
845	-3.5000e-03	 6.0000e-03	 6.0778e+00	 6.0133e+00
846	-3.0000e-03	 6.0000e-03	 6.2855e+00	 6.3608e+00
847	-2.5000e-03	 6.0000e-03	 6.4256e+00	 6.6090e+00
848	-2.0000e-03	 6.0000e-03	 6.5422e+00	 6.8434e+00
849	-1.5000e-03	 6.0000e-03	 6.6188e+00	 7.0984e+00
850	-1.0000e-03	 6.0000e-03	 6.7165e+00	 7.4212e+00
851	-5.0000e-04	 6.0000e-03	 6.7947e+00	 7.6303e+00
852	 0.0000e+00	 6.0000e-03	 6.8476e+00	 7.7667e+00
853	 5.0000e-04	 6.0000e-03	 6.8519e+00	 7.8068e+00
854	 1.0000e-03	 6.0000e-03	 6.8466e+00	 7.8065e+00
855	 1.5000e-03	 6.0000e-03	 6.8121e+00	 7.6865e+00
856	 2.0000e-03	 6.0000e-03	 6.7674e+00	 7.5514e+00
857	 2.5000e-03	 6.0000e-03	 6.7046e+00	 7.3680e+00
858	 3.0000e-03	 6.0000e-03	 6.6146e+00	 7.1556e+00
859	 3.5000e-03	 6.0000e-03	 6.4936e+00	 6.8802e+00
860	 4.0000e-03	 6.0000e-03	 6.3539e+00	 6.6612e+00
861	 4.5000e-03	 6.0000e-03	 6.1613e+00	 6.3720e+00
862	 5.0000e-03	 6.0000e-03	 5.8687e+00	 6.0870e+00
863	 5.5000e-03	 6.0000e-03	 5.5784e+00	 5.6209e+00
864	 6.0000e-03	 6.0000e-03	 5.2879e+00	 4.9549e+00
865	 6.5000e-03	 6.0000e-03	 4.9519e+00	 4.2534e+00
866	 7.0000e-03	 6.0000e-03	 4.6347e+00	 2.9188e+00
867	 7.5000e-03	 6.0000e-03	 4.8803e+00	 1.9748e+00
868	-7.5000e-03	 6.5000e-03	 5.0752e+00	 1.0272e+00
869	-7.0000e-03	 6.5000e-03	 5.0928e+00	 1.1431e+00
870	-6.5000e-03	 6.5000e-03	 4.8717e+00	 1.0225e+00
871	-6.0000e-03	 6.5000e-03	 4.8296e+00	 1.6789e+00
872	-5.5000e-03	 6.5000e-03	 4.6866e+00	 2.3863e+00
873	-5.0000e-03	 6.5000e-03	 4.9457e+00	 3.6163e+00
874	-4.5000e-03	 6.5000e-03	 5.1396e+00	 4.6428e+00
875	-4.0000e-03	 6.5000e-03	 5.5633e+00	 5.3220e+00
876	-3.5000e-03	 6.5000e-03	 5.9216e+00	 5.8316e+00
877	-3.0000e-03	 6.5000e-03	 6.1790e+00	 6.1596e+00
878	-2.5000e-03	 6.5000e-03	 6.3421e+00	 6.3920e+00
879	-2.0000e-03	 6.5000e-03	 6.4933e+00	 6.6566e+00
880	-1.5000e-03	 6.5000e-03	 6.5902e+00	 6.8029e+00
881	-1.0000e-03	 6.5000e-03	 6.6895e+00	 7.0587e+00
882	-5.0000e-04	 6.5000e-03	 6.7474e+00	 7.2641e+00
883	 0.0000e+00	 6.5000e-03	 6.7967e+00	 7.4028e+00
884	 5.0000e-04	 6.5000e-03	 6.8121e+00	 7.4489e+00
885	 1.0000e-03	 6.5000e-03	 6.8118e+00	 7.4048e+00
886	 1.5000e-03	 6.5000e-03	 6.7651e+00	 7.3322e+00
887	 2.0000e-03	 6.5000e-03	 6.7079e+00	 7.2020e+00
888	 2.5000e-03	 6.5000e-03	 6.6179e+00	 7.0015e+00
889	 3.0000e-03	 6.5000e-03	 6.5317e+00	 6.8289e+00
890	 3.5000e-03	 6.5000e-03	 6.4071e+00	 6.6274e+00
891	 4.0000e-03	 6.5000e-03	 6.2024e+00	 6.3808e+00
892	 4.5000e-03	 6.5000e-03	 5.9867e+00	 6.1018e+00
893	 5.0000e-03	 6.5000e-03	 5.7089e+00	 5.6974e+00
894	 5.5000e-03	 6.5000e-03	 5.4128e+00	 5.2317e+00
895	 6.0000e-03	 6.5000e-03	 5.1883e+00	 4.5486e+00
896	 6.5000e-03	 6.5000e-03	 4.8536e+00	 3.8731e+00
897	 7.0000e-03	 6.5000e-03	 4.6912e+00	 2.5020e+00
898	 7.5000e-03	 6.5000e-03	 4.8816e+00	 1.6520e+00
899	-7.5000e-03	 7.0000e-03	 4.9720e+00	 1.3509e+00
900	-7.0000e-03	 7.0000e-03	 5.0527e+00	 1.1227e+00
901	-6.5000e-03	 7.0000e-03	 4.9591e+00	 1.1346e+00
902	-6.0000e-03	 7.0000e-03	 4.9112e+00	 1.5113e+00
903	-5.5000e-03	 7.0000e-03	 4.9011e+00	 1.8623e+00
904	-5.0000e-03	 7.0000e-03	 4.9529e+00	 2.9806e+00
905	-4.5000e-03	 7.0000e-03	 5.0466e+00	 3.8750e+00
906	-4.0000e-03	 7.0000e-03	 5.3283e+00	 4.9158e+00
907	-3.5000e-03	 7.0000e-03	 5.6899e+00	 5.5942e+00
908	-3.0000e-03	 7.0000e-03	 5.9880e+00	 5.9861e+00
909	-2.5000e-03	 7.0000e-03	 6.1912e+00	 6.2079e+00
910	-2.0000e-03	 7.0000e-03	 6.3598e+00	 6.3753e+00
911	-1.5000e-03	 7.0000e-03	 6.4966e+00	 6.5406e+00
912	-1.0000e-03	 7.0000e-03	 6.6087e+00	 6.7092e+00
913	-5.0000e-04	 7.0000e-03	 6.6803e+00	 6.8831e+00
914	 0.0000e+00	 7.0000e-03	 6.7102e+00	 7.0126e+00
915	 5.0000e-04	 7.0000e-03	 6.7148e+00	 7.0574e+00
916	 1.0000e-03	 7.0000e-03	 6.7032e+00	 6.9913e+00
917	 1.5000e-03	 7.0000e-03	 6.6596e+00	 6.9794e+00
918	 2.0000e-03	 7.0000e-03	 6.6014e+00	 6.8443e+00
919	 2.5000e-03	 7.0000e-03	 6.5209e+00	 6.6787e+00
920	 3.0000e-03	 7.0000e-03	 6.4042e+00	 6.5584e+00
921	 3.5000e-03	 7.0000e-03	 6.2135e+00	 6.3187e+00
922	 4.0000e-03	 7.0000e-03	 6.0446e+00	 6.0594e+00
923	 4.5000e-03	 7.0000e-03	 5.7625e+00	 5.6873e+00
924	 5.0000e-03	 7.0000e-03	 5.4950e+00	 5.3483e+00
925	 5.5000e-03	 7.0000e-03	 5.2113e+00	 4.7001e+00
926	 6.0000e-03	 7.0000e-03	 5.0019e+00	 3.9944e+00
927	 6.5000e-03	 7.0000e-03	 4.7764e+00	 3.0809e+00
928	 7.0000e-03	 7.0000e-03	 4.7632e+00	 1.8944e+00
929	 7.5000e-03	 7.0000e-03	 4.8707e+00	 1.3870e+00
930	-7.5000e-03	 7.5000e-03	 4.9098e+00	 1.4797e+00
931	-7.0000e-03	 7.5000e-03	 4.9483e+00	 1.3564e+00
932	-6.5000e-03	 7.5000e-03	 5.0091e+00	 1.1832e+00
933	-6.0000e-03	 7.5000e-03	 4.9664e+00	 1.3449e+00
934	-5.5000e-03	 7.5000e-03	 4.9624e+00	 1.6336e+00
935	-5.0000e-03	 7.5000e-03	 4.9877e+00	 2.5385e+00
936	-4.5000e-03	 7.5000e-03	 5.0742e+00	 3.1801e+00
937	-4.0000e-03	 7.5000e-03	 5.0989e+00	 4.0680e+00
938	-3.5000e-03	 7.5000e-03	 5.3733e+00	 5.0683e+00
939	-3.0000e-03	 7.5000e-03	 5.7635e+00	 5.6238e+00
940	-2.5000e-03	 7.5000e-03	 5.9752e+00	 5.9003e+00
941	-2.0000e-03	 7.5000e-03	 6.1780e+00	 6.0929e+00
942	-1.5000e-03	 7.5000e-03	 6.3072e+00	 6.2306e+00
943	-1.0000e-03	 7.5000e-03	 6.4190e+00	 6.4094e+00
944	-5.0000e-04	 7.5000e-03	 6.5031e+00	 6.5551e+00
945	 0.0000e+00	 7.5000e-03	 6.5712e+00	 6.6530e+00
946	 5.0000e-04	 7.5000e-03	 6.5837e+00	 6.6803e+00
947	 1.0000e-03	 7.5000e-03	 6.5676e+00	 6.6708e+00
948	 1.5000e-03	 7.5000e-03	 6.5169e+00	 6.6326e+00
949	 2.0000e-03	 7.5000e-03	 6.4680e+00	 6.4801e+00
950	 2.5000e-03	 7.5000e-03	 6.3384e+00	 6.3503e+00
951	 3.0000e-03	 7.5000e-03	 6.1964e+00	 6.2027e+00
952	 3.5000e-03	 7.5000e-03	 5.9660e+00	 5.9746e+00
953	 4.0000e-03	 7.5000e-03	 5.7921e+00	 5.6761e+00
954	 4.5000e-03	 7.5000e-03	 5.5745e+00	 5.2951e+00
955	 5.0000e-03	 7.5000e-03	 5.2474e+00	 4.8592e+00
956	 5.5000e-03	 7.5000e-03	 4.9743e+00	 4.0723e+00
957	 6.0000e-03	 7.5000e-03	 4.9384e+00	 3.1394e+00
958	 6.5000e-03	 7.5000e-03	 4.9854e+00	 2.3508e+00
959	 7.0000e-03	 7.5000e-03	 5.0320e+00	 1.7996e+00
960	 7.5000e-03	 7.5000e-03	 5.0541e+00	 1.2828e+00
