idx	pos (m)	Mesure ch1 (V)	Mesure ch2 (V)	pos Moteur (m)
0	-1.0000e-02	 6.4334e+00	 7.2753e+00	 2.8610e+02
1	-9.9500e-03	 6.4440e+00	 7.0196e+00	 2.8605e+02
2	-9.9000e-03	 6.4749e+00	 6.7240e+00	 2.8600e+02
3	-9.8500e-03	 6.4867e+00	 6.4256e+00	 2.8595e+02
4	-9.8000e-03	 6.5038e+00	 6.1507e+00	 2.8590e+02
5	-9.7500e-03	 6.5156e+00	 5.8339e+00	 2.8585e+02
6	-9.7000e-03	 6.5376e+00	 5.4966e+00	 2.8580e+02
7	-9.6500e-03	 6.5324e+00	 5.1853e+00	 2.8575e+02
8	-9.6000e-03	 6.5235e+00	 4.8592e+00	 2.8570e+02
9	-9.5500e-03	 6.5261e+00	 4.5371e+00	 2.8565e+02
10	-9.5000e-03	 6.5304e+00	 4.2291e+00	 2.8560e+02
11	-9.4500e-03	 6.5215e+00	 3.9086e+00	 2.8555e+02
12	-9.4000e-03	 6.5186e+00	 3.6173e+00	 2.8550e+02
13	-9.3500e-03	 6.5120e+00	 3.3369e+00	 2.8545e+02
14	-9.3000e-03	 6.5018e+00	 3.0102e+00	 2.8540e+02
15	-9.2500e-03	 6.4939e+00	 2.6756e+00	 2.8535e+02
16	-9.2000e-03	 6.4801e+00	 2.4047e+00	 2.8530e+02
17	-9.1500e-03	 6.4900e+00	 2.1694e+00	 2.8525e+02
18	-9.1000e-03	 6.4824e+00	 1.9079e+00	 2.8520e+02
19	-9.0500e-03	 6.5130e+00	 1.6437e+00	 2.8515e+02
20	-9.0000e-03	 6.5324e+00	 1.3476e+00	 2.8510e+02
21	-8.9500e-03	 6.5761e+00	 1.0846e+00	 2.8505e+02
22	-8.9000e-03	 6.5797e+00	 7.4307e-01	 2.8500e+02
23	-8.8500e-03	 6.5876e+00	 4.2537e-01	 2.8495e+02
24	-8.8000e-03	 6.5971e+00	 1.3857e-01	 2.8490e+02
25	-8.7500e-03	 6.6031e+00	 9.7884e+00	 2.8485e+02
26	-8.7000e-03	 6.5916e+00	 9.4850e+00	 2.8480e+02
27	-8.6500e-03	 6.5932e+00	 9.1645e+00	 2.8475e+02
28	-8.6000e-03	 6.5718e+00	 8.8772e+00	 2.8470e+02
29	-8.5500e-03	 6.5623e+00	 8.5761e+00	 2.8465e+02
30	-8.5000e-03	 6.5567e+00	 8.2871e+00	 2.8460e+02
31	-8.4500e-03	 6.5511e+00	 7.9857e+00	 2.8455e+02
32	-8.4000e-03	 6.5307e+00	 7.6796e+00	 2.8450e+02
33	-8.3500e-03	 6.5235e+00	 7.4255e+00	 2.8445e+02
34	-8.3000e-03	 6.5222e+00	 7.1685e+00	 2.8440e+02
35	-8.2500e-03	 6.5288e+00	 6.9167e+00	 2.8435e+02
36	-8.2000e-03	 6.5432e+00	 6.6300e+00	 2.8430e+02
37	-8.1500e-03	 6.5551e+00	 6.4025e+00	 2.8425e+02
38	-8.1000e-03	 6.5822e+00	 6.1011e+00	 2.8420e+02
39	-8.0500e-03	 6.6221e+00	 5.7704e+00	 2.8415e+02
40	-8.0000e-03	 6.6307e+00	 5.4447e+00	 2.8410e+02
41	-7.9500e-03	 6.6570e+00	 5.1225e+00	 2.8405e+02
42	-7.9000e-03	 6.6409e+00	 4.7593e+00	 2.8400e+02
43	-7.8500e-03	 6.6517e+00	 4.4171e+00	 2.8395e+02
44	-7.8000e-03	 6.6234e+00	 4.0874e+00	 2.8390e+02
45	-7.7500e-03	 6.6050e+00	 3.7948e+00	 2.8385e+02
46	-7.7000e-03	 6.5978e+00	 3.4796e+00	 2.8380e+02
47	-7.6500e-03	 6.5774e+00	 3.1683e+00	 2.8375e+02
48	-7.6000e-03	 6.5847e+00	 2.9162e+00	 2.8370e+02
49	-7.5500e-03	 6.5557e+00	 2.5954e+00	 2.8365e+02
50	-7.5000e-03	 6.5498e+00	 2.3531e+00	 2.8360e+02
51	-7.4500e-03	 6.5373e+00	 2.0845e+00	 2.8355e+02
52	-7.4000e-03	 6.5564e+00	 1.7788e+00	 2.8350e+02
53	-7.3500e-03	 6.5794e+00	 1.5566e+00	 2.8345e+02
54	-7.3000e-03	 6.6044e+00	 1.2937e+00	 2.8340e+02
55	-7.2500e-03	 6.6195e+00	 1.0360e+00	 2.8335e+02
56	-7.2000e-03	 6.6530e+00	 7.1809e-01	 2.8330e+02
57	-7.1500e-03	 6.6826e+00	 3.9628e-01	 2.8325e+02
58	-7.1000e-03	 6.6958e+00	 1.6060e-01	 2.8320e+02
59	-7.0500e-03	 6.7040e+00	 9.7302e+00	 2.8315e+02
60	-7.0000e-03	 6.7142e+00	 9.3967e+00	 2.8310e+02
61	-6.9500e-03	 6.6977e+00	 9.0632e+00	 2.8305e+02
62	-6.9000e-03	 6.6941e+00	 8.7253e+00	 2.8300e+02
63	-6.8500e-03	 6.6517e+00	 8.4294e+00	 2.8295e+02
64	-6.8000e-03	 6.6264e+00	 8.1250e+00	 2.8290e+02
65	-6.7500e-03	 6.6238e+00	 7.8696e+00	 2.8285e+02
66	-6.7000e-03	 6.5968e+00	 7.5905e+00	 2.8280e+02
67	-6.6500e-03	 6.5702e+00	 7.3670e+00	 2.8275e+02
68	-6.6000e-03	 6.5886e+00	 7.0827e+00	 2.8270e+02
69	-6.5500e-03	 6.5837e+00	 6.8322e+00	 2.8265e+02
70	-6.5000e-03	 6.6011e+00	 6.5656e+00	 2.8260e+02
71	-6.4500e-03	 6.6294e+00	 6.3164e+00	 2.8255e+02
72	-6.4000e-03	 6.6353e+00	 6.0078e+00	 2.8250e+02
73	-6.3500e-03	 6.6678e+00	 5.7089e+00	 2.8245e+02
74	-6.3000e-03	 6.6951e+00	 5.4046e+00	 2.8240e+02
75	-6.2500e-03	 6.7119e+00	 5.0811e+00	 2.8235e+02
76	-6.2000e-03	 6.7198e+00	 4.7169e+00	 2.8230e+02
77	-6.1500e-03	 6.7286e+00	 4.3941e+00	 2.8225e+02
78	-6.1000e-03	 6.7255e+00	 4.0029e+00	 2.8220e+02
79	-6.0500e-03	 6.7037e+00	 3.7048e+00	 2.8215e+02
80	-6.0000e-03	 6.6925e+00	 3.3738e+00	 2.8210e+02
81	-5.9500e-03	 6.6642e+00	 3.0595e+00	 2.8205e+02
82	-5.9000e-03	 6.6412e+00	 2.7913e+00	 2.8200e+02
83	-5.8500e-03	 6.6218e+00	 2.5122e+00	 2.8195e+02
84	-5.8000e-03	 6.6050e+00	 2.2519e+00	 2.8190e+02
85	-5.7500e-03	 6.6054e+00	 1.9843e+00	 2.8185e+02
86	-5.7000e-03	 6.6169e+00	 1.7550e+00	 2.8180e+02
87	-5.6500e-03	 6.6110e+00	 1.4567e+00	 2.8175e+02
88	-5.6000e-03	 6.6359e+00	 1.1855e+00	 2.8170e+02
89	-5.5500e-03	 6.6576e+00	 9.1729e-01	 2.8165e+02
90	-5.5000e-03	 6.6908e+00	 6.4019e-01	 2.8160e+02
91	-5.4500e-03	 6.7066e+00	 3.2397e-01	 2.8155e+02
92	-5.4000e-03	 6.7411e+00	 9.8913e+00	 2.8150e+02
93	-5.3500e-03	 6.7536e+00	 9.7019e+00	 2.8145e+02
94	-5.3000e-03	 6.7638e+00	 9.3538e+00	 2.8140e+02
95	-5.2500e-03	 6.7576e+00	 9.0113e+00	 2.8135e+02
96	-5.2000e-03	 6.7428e+00	 8.6556e+00	 2.8130e+02
97	-5.1500e-03	 6.7211e+00	 8.3538e+00	 2.8125e+02
98	-5.1000e-03	 6.6964e+00	 8.0340e+00	 2.8120e+02
99	-5.0500e-03	 6.6751e+00	 7.7464e+00	 2.8115e+02
100	-5.0000e-03	 6.6524e+00	 7.5093e+00	 2.8110e+02
101	-4.9500e-03	 6.6445e+00	 7.2697e+00	 2.8105e+02
102	-4.9000e-03	 6.6389e+00	 7.0334e+00	 2.8100e+02
103	-4.8500e-03	 6.6294e+00	 6.7641e+00	 2.8095e+02
104	-4.8000e-03	 6.6422e+00	 6.4883e+00	 2.8090e+02
105	-4.7500e-03	 6.6797e+00	 6.2027e+00	 2.8085e+02
106	-4.7000e-03	 6.6810e+00	 5.9187e+00	 2.8080e+02
107	-4.6500e-03	 6.7089e+00	 5.6186e+00	 2.8075e+02
108	-4.6000e-03	 6.7309e+00	 5.3148e+00	 2.8070e+02
109	-4.5500e-03	 6.7572e+00	 4.9887e+00	 2.8065e+02
110	-4.5000e-03	 6.7493e+00	 4.6797e+00	 2.8060e+02
111	-4.4500e-03	 6.7599e+00	 4.2942e+00	 2.8055e+02
112	-4.4000e-03	 6.7602e+00	 3.9543e+00	 2.8050e+02
113	-4.3500e-03	 6.7543e+00	 3.6446e+00	 2.8045e+02
114	-4.3000e-03	 6.7306e+00	 3.3126e+00	 2.8040e+02
115	-4.2500e-03	 6.7115e+00	 2.9931e+00	 2.8035e+02
116	-4.2000e-03	 6.6882e+00	 2.6887e+00	 2.8030e+02
117	-4.1500e-03	 6.6658e+00	 2.4271e+00	 2.8025e+02
118	-4.1000e-03	 6.6511e+00	 2.1588e+00	 2.8020e+02
119	-4.0500e-03	 6.6489e+00	 1.9074e+00	 2.8015e+02
120	-4.0000e-03	 6.6471e+00	 1.6815e+00	 2.8010e+02
121	-3.9500e-03	 6.6616e+00	 1.4064e+00	 2.8005e+02
122	-3.9000e-03	 6.6862e+00	 1.1359e+00	 2.8000e+02
123	-3.8500e-03	 6.7204e+00	 8.5746e-01	 2.7995e+02
124	-3.8000e-03	 6.7346e+00	 5.5604e-01	 2.7990e+02
125	-3.7500e-03	 6.7599e+00	 2.4639e-01	 2.7985e+02
126	-3.7000e-03	 6.7681e+00	 9.8903e+00	 2.7980e+02
127	-3.6500e-03	 6.7832e+00	 9.6342e+00	 2.7975e+02
128	-3.6000e-03	 6.7793e+00	 9.3101e+00	 2.7970e+02
129	-3.5500e-03	 6.7881e+00	 8.9745e+00	 2.7965e+02
130	-3.5000e-03	 6.7681e+00	 8.6283e+00	 2.7960e+02
131	-3.4500e-03	 6.7592e+00	 8.3384e+00	 2.7955e+02
132	-3.4000e-03	 6.7322e+00	 8.0333e+00	 2.7950e+02
133	-3.3500e-03	 6.7132e+00	 7.7043e+00	 2.7945e+02
134	-3.3000e-03	 6.6879e+00	 7.4778e+00	 2.7940e+02
135	-3.2500e-03	 6.6948e+00	 7.1948e+00	 2.7935e+02
136	-3.2000e-03	 6.6685e+00	 6.9387e+00	 2.7930e+02
137	-3.1500e-03	 6.6800e+00	 6.6573e+00	 2.7925e+02
138	-3.1000e-03	 6.6892e+00	 6.4348e+00	 2.7920e+02
139	-3.0500e-03	 6.7030e+00	 6.1504e+00	 2.7915e+02
140	-3.0000e-03	 6.7194e+00	 5.8582e+00	 2.7910e+02
141	-2.9500e-03	 6.7615e+00	 5.5683e+00	 2.7905e+02
142	-2.9000e-03	 6.7812e+00	 5.2221e+00	 2.7900e+02
143	-2.8500e-03	 6.7701e+00	 4.8914e+00	 2.7895e+02
144	-2.8000e-03	 6.7855e+00	 4.5584e+00	 2.7890e+02
145	-2.7500e-03	 6.7812e+00	 4.2195e+00	 2.7885e+02
146	-2.7000e-03	 6.7655e+00	 3.8931e+00	 2.7880e+02
147	-2.6500e-03	 6.7520e+00	 3.5762e+00	 2.7875e+02
148	-2.6000e-03	 6.7411e+00	 3.2906e+00	 2.7870e+02
149	-2.5500e-03	 6.7247e+00	 2.9612e+00	 2.7865e+02
150	-2.5000e-03	 6.7056e+00	 2.6529e+00	 2.7860e+02
151	-2.4500e-03	 6.6905e+00	 2.4047e+00	 2.7855e+02
152	-2.4000e-03	 6.6823e+00	 2.1204e+00	 2.7850e+02
153	-2.3500e-03	 6.6813e+00	 1.8636e+00	 2.7845e+02
154	-2.3000e-03	 6.6751e+00	 1.6046e+00	 2.7840e+02
155	-2.2500e-03	 6.6990e+00	 1.3676e+00	 2.7835e+02
156	-2.2000e-03	 6.7176e+00	 1.0826e+00	 2.7830e+02
157	-2.1500e-03	 6.7421e+00	 8.1670e-01	 2.7825e+02
158	-2.1000e-03	 6.7816e+00	 4.9342e-01	 2.7820e+02
159	-2.0500e-03	 6.8049e+00	 1.7112e-01	 2.7815e+02
160	-2.0000e-03	 6.8154e+00	 9.8502e+00	 2.7810e+02
161	-1.9500e-03	 6.8092e+00	 9.5044e+00	 2.7805e+02
162	-1.9000e-03	 6.8095e+00	 9.1727e+00	 2.7800e+02
163	-1.8500e-03	 6.7914e+00	 8.8696e+00	 2.7795e+02
164	-1.8000e-03	 6.7789e+00	 8.5688e+00	 2.7790e+02
165	-1.7500e-03	 6.7684e+00	 8.2638e+00	 2.7785e+02
166	-1.7000e-03	 6.7513e+00	 7.9258e+00	 2.7780e+02
167	-1.6500e-03	 6.7260e+00	 7.6537e+00	 2.7775e+02
168	-1.6000e-03	 6.7033e+00	 7.3936e+00	 2.7770e+02
169	-1.5500e-03	 6.6754e+00	 7.1405e+00	 2.7765e+02
170	-1.5000e-03	 6.6734e+00	 6.8963e+00	 2.7760e+02
171	-1.4500e-03	 6.6836e+00	 6.6228e+00	 2.7755e+02
172	-1.4000e-03	 6.6954e+00	 6.3802e+00	 2.7750e+02
173	-1.3500e-03	 6.7102e+00	 6.1093e+00	 2.7745e+02
174	-1.3000e-03	 6.7454e+00	 5.8164e+00	 2.7740e+02
175	-1.2500e-03	 6.7641e+00	 5.4943e+00	 2.7735e+02
176	-1.2000e-03	 6.7957e+00	 5.1764e+00	 2.7730e+02
177	-1.1500e-03	 6.8246e+00	 4.8175e+00	 2.7725e+02
178	-1.1000e-03	 6.8207e+00	 4.4976e+00	 2.7720e+02
179	-1.0500e-03	 6.8046e+00	 4.1410e+00	 2.7715e+02
180	-1.0000e-03	 6.7885e+00	 3.7853e+00	 2.7710e+02
181	-9.5000e-04	 6.7747e+00	 3.4927e+00	 2.7705e+02
182	-9.0000e-04	 6.7566e+00	 3.1890e+00	 2.7700e+02
183	-8.5000e-04	 6.7290e+00	 2.8800e+00	 2.7695e+02
184	-8.0000e-04	 6.7132e+00	 2.5553e+00	 2.7690e+02
185	-7.5000e-04	 6.6892e+00	 2.3025e+00	 2.7685e+02
186	-7.0000e-04	 6.6731e+00	 2.0484e+00	 2.7680e+02
187	-6.5000e-04	 6.6895e+00	 1.8048e+00	 2.7675e+02
188	-6.0000e-04	 6.6994e+00	 1.5527e+00	 2.7670e+02
189	-5.5000e-04	 6.6990e+00	 1.3121e+00	 2.7665e+02
190	-5.0000e-04	 6.7165e+00	 1.0221e+00	 2.7660e+02
191	-4.5000e-04	 6.7424e+00	 7.4307e-01	 2.7655e+02
192	-4.0000e-04	 6.7678e+00	 4.5874e-01	 2.7650e+02
193	-3.5000e-04	 6.7957e+00	 1.4548e-01	 2.7645e+02
194	-3.0000e-04	 6.8161e+00	 9.7963e+00	 2.7640e+02
195	-2.5000e-04	 6.8335e+00	 9.4702e+00	 2.7635e+02
196	-2.0000e-04	 6.8223e+00	 9.1027e+00	 2.7630e+02
197	-1.5000e-04	 6.8062e+00	 8.7822e+00	 2.7625e+02
198	-1.0000e-04	 6.7868e+00	 8.4912e+00	 2.7620e+02
199	-5.0000e-05	 6.7812e+00	 8.1707e+00	 2.7615e+02
200	 0.0000e+00	 6.7546e+00	 7.8538e+00	 2.7610e+02
201	 5.0000e-05	 6.7283e+00	 7.5797e+00	 2.7605e+02
202	 1.0000e-04	 6.7102e+00	 7.3098e+00	 2.7600e+02
203	 1.5000e-04	 6.6971e+00	 7.0491e+00	 2.7595e+02
204	 2.0000e-04	 6.6839e+00	 6.7937e+00	 2.7590e+02
205	 2.5000e-04	 6.6889e+00	 6.5863e+00	 2.7585e+02
206	 3.0000e-04	 6.7037e+00	 6.2993e+00	 2.7580e+02
207	 3.5000e-04	 6.7148e+00	 6.0452e+00	 2.7575e+02
208	 4.0000e-04	 6.7342e+00	 5.7359e+00	 2.7570e+02
209	 4.5000e-04	 6.7655e+00	 5.4332e+00	 2.7565e+02
210	 5.0000e-04	 6.7796e+00	 5.1153e+00	 2.7560e+02
211	 5.5000e-04	 6.7944e+00	 4.7882e+00	 2.7555e+02
212	 6.0000e-04	 6.8088e+00	 4.4414e+00	 2.7550e+02
213	 6.5000e-04	 6.8026e+00	 4.0808e+00	 2.7545e+02
214	 7.0000e-04	 6.7881e+00	 3.7662e+00	 2.7540e+02
215	 7.5000e-04	 6.7681e+00	 3.4303e+00	 2.7535e+02
216	 8.0000e-04	 6.7461e+00	 3.1157e+00	 2.7530e+02
217	 8.5000e-04	 6.7365e+00	 2.8383e+00	 2.7525e+02
218	 9.0000e-04	 6.7234e+00	 2.5184e+00	 2.7520e+02
219	 9.5000e-04	 6.7086e+00	 2.2535e+00	 2.7515e+02
220	 1.0000e-03	 6.6895e+00	 2.0104e+00	 2.7510e+02
221	 1.0500e-03	 6.6908e+00	 1.7289e+00	 2.7505e+02
222	 1.1000e-03	 6.6981e+00	 1.4860e+00	 2.7500e+02
223	 1.1500e-03	 6.7020e+00	 1.2052e+00	 2.7495e+02
224	 1.2000e-03	 6.7198e+00	 9.2419e-01	 2.7490e+02
225	 1.2500e-03	 6.7447e+00	 6.2145e-01	 2.7485e+02
226	 1.3000e-03	 6.7645e+00	 3.6111e-01	 2.7480e+02
227	 1.3500e-03	 6.7839e+00	 1.2247e-01	 2.7475e+02
228	 1.4000e-03	 6.8023e+00	 9.7651e+00	 2.7470e+02
229	 1.4500e-03	 6.8059e+00	 9.4028e+00	 2.7465e+02
230	 1.5000e-03	 6.8059e+00	 9.0793e+00	 2.7460e+02
231	 1.5500e-03	 6.7868e+00	 8.7575e+00	 2.7455e+02
232	 1.6000e-03	 6.7845e+00	 8.4271e+00	 2.7450e+02
233	 1.6500e-03	 6.7707e+00	 8.1346e+00	 2.7445e+02
234	 1.7000e-03	 6.7428e+00	 7.8118e+00	 2.7440e+02
235	 1.7500e-03	 6.7250e+00	 7.5172e+00	 2.7435e+02
236	 1.8000e-03	 6.7046e+00	 7.2546e+00	 2.7430e+02
237	 1.8500e-03	 6.6826e+00	 6.9923e+00	 2.7425e+02
238	 1.9000e-03	 6.6928e+00	 6.7418e+00	 2.7420e+02
239	 1.9500e-03	 6.6967e+00	 6.4726e+00	 2.7415e+02
240	 2.0000e-03	 6.7106e+00	 6.2083e+00	 2.7410e+02
241	 2.0500e-03	 6.7125e+00	 5.9285e+00	 2.7405e+02
242	 2.1000e-03	 6.7359e+00	 5.6320e+00	 2.7400e+02
243	 2.1500e-03	 6.7461e+00	 5.3296e+00	 2.7395e+02
244	 2.2000e-03	 6.7694e+00	 5.0200e+00	 2.7390e+02
245	 2.2500e-03	 6.7684e+00	 4.6853e+00	 2.7385e+02
246	 2.3000e-03	 6.7776e+00	 4.3563e+00	 2.7380e+02
247	 2.3500e-03	 6.7704e+00	 4.0269e+00	 2.7375e+02
248	 2.4000e-03	 6.7635e+00	 3.7196e+00	 2.7370e+02
249	 2.4500e-03	 6.7516e+00	 3.3987e+00	 2.7365e+02
250	 2.5000e-03	 6.7405e+00	 3.0957e+00	 2.7360e+02
251	 2.5500e-03	 6.7158e+00	 2.7679e+00	 2.7355e+02
252	 2.6000e-03	 6.7073e+00	 2.4902e+00	 2.7350e+02
253	 2.6500e-03	 6.6944e+00	 2.2193e+00	 2.7345e+02
254	 2.7000e-03	 6.6879e+00	 1.9195e+00	 2.7340e+02
255	 2.7500e-03	 6.6813e+00	 1.6441e+00	 2.7335e+02
256	 2.8000e-03	 6.6948e+00	 1.3910e+00	 2.7330e+02
257	 2.8500e-03	 6.7037e+00	 1.1194e+00	 2.7325e+02
258	 2.9000e-03	 6.7115e+00	 8.2492e-01	 2.7320e+02
259	 2.9500e-03	 6.7411e+00	 5.4618e-01	 2.7315e+02
260	 3.0000e-03	 6.7595e+00	 2.6151e-01	 2.7310e+02
261	 3.0500e-03	 6.7661e+00	 9.8916e+00	 2.7305e+02
262	 3.1000e-03	 6.7697e+00	 9.6211e+00	 2.7300e+02
263	 3.1500e-03	 6.7618e+00	 9.3085e+00	 2.7295e+02
264	 3.2000e-03	 6.7628e+00	 8.9965e+00	 2.7290e+02
265	 3.2500e-03	 6.7457e+00	 8.7046e+00	 2.7285e+02
266	 3.3000e-03	 6.7280e+00	 8.3837e+00	 2.7280e+02
267	 3.3500e-03	 6.7339e+00	 8.0935e+00	 2.7275e+02
268	 3.4000e-03	 6.7158e+00	 7.8042e+00	 2.7270e+02
269	 3.4500e-03	 6.7050e+00	 7.5317e+00	 2.7265e+02
270	 3.5000e-03	 6.6954e+00	 7.2204e+00	 2.7260e+02
271	 3.5500e-03	 6.7030e+00	 6.9384e+00	 2.7255e+02
272	 3.6000e-03	 6.6724e+00	 6.6619e+00	 2.7250e+02
273	 3.6500e-03	 6.6879e+00	 6.3950e+00	 2.7245e+02
274	 3.7000e-03	 6.6951e+00	 6.1475e+00	 2.7240e+02
275	 3.7500e-03	 6.7079e+00	 5.8556e+00	 2.7235e+02
276	 3.8000e-03	 6.7421e+00	 5.5489e+00	 2.7230e+02
277	 3.8500e-03	 6.7346e+00	 5.2389e+00	 2.7225e+02
278	 3.9000e-03	 6.7569e+00	 4.8724e+00	 2.7220e+02
279	 3.9500e-03	 6.7464e+00	 4.5358e+00	 2.7215e+02
280	 4.0000e-03	 6.7336e+00	 4.2061e+00	 2.7210e+02
281	 4.0500e-03	 6.7257e+00	 3.9063e+00	 2.7205e+02
282	 4.1000e-03	 6.6974e+00	 3.6259e+00	 2.7200e+02
283	 4.1500e-03	 6.6823e+00	 3.3169e+00	 2.7195e+02
284	 4.2000e-03	 6.6885e+00	 3.0388e+00	 2.7190e+02
285	 4.2500e-03	 6.6718e+00	 2.7453e+00	 2.7185e+02
286	 4.3000e-03	 6.6767e+00	 2.4659e+00	 2.7180e+02
287	 4.3500e-03	 6.6612e+00	 2.2098e+00	 2.7175e+02
288	 4.4000e-03	 6.6675e+00	 1.9093e+00	 2.7170e+02
289	 4.4500e-03	 6.6639e+00	 1.6040e+00	 2.7165e+02
290	 4.5000e-03	 6.6724e+00	 1.3305e+00	 2.7160e+02
291	 4.5500e-03	 6.7023e+00	 1.0692e+00	 2.7155e+02
292	 4.6000e-03	 6.6994e+00	 7.8285e-01	 2.7150e+02
293	 4.6500e-03	 6.7270e+00	 4.8109e-01	 2.7145e+02
294	 4.7000e-03	 6.7461e+00	 1.5238e-01	 2.7140e+02
295	 4.7500e-03	 6.7569e+00	 9.8453e+00	 2.7135e+02
296	 4.8000e-03	 6.7513e+00	 9.5090e+00	 2.7130e+02
297	 4.8500e-03	 6.7352e+00	 9.1641e+00	 2.7125e+02
298	 4.9000e-03	 6.7214e+00	 8.8538e+00	 2.7120e+02
299	 4.9500e-03	 6.6892e+00	 8.5231e+00	 2.7115e+02
300	 5.0000e-03	 6.6767e+00	 8.2700e+00	 2.7110e+02
301	 5.0500e-03	 6.6603e+00	 8.0011e+00	 2.7105e+02
302	 5.1000e-03	 6.6639e+00	 7.7342e+00	 2.7100e+02
303	 5.1500e-03	 6.6494e+00	 7.4406e+00	 2.7095e+02
304	 5.2000e-03	 6.6677e+00	 7.1724e+00	 2.7090e+02
305	 5.2500e-03	 6.6576e+00	 6.8848e+00	 2.7085e+02
306	 5.3000e-03	 6.6534e+00	 6.6162e+00	 2.7080e+02
307	 5.3500e-03	 6.6524e+00	 6.3279e+00	 2.7075e+02
308	 5.4000e-03	 6.6711e+00	 6.0656e+00	 2.7070e+02
309	 5.4500e-03	 6.6803e+00	 5.7753e+00	 2.7065e+02
310	 5.5000e-03	 6.7000e+00	 5.4966e+00	 2.7060e+02
311	 5.5500e-03	 6.7158e+00	 5.1265e+00	 2.7055e+02
312	 5.6000e-03	 6.7286e+00	 4.7830e+00	 2.7050e+02
313	 5.6500e-03	 6.7326e+00	 4.4348e+00	 2.7045e+02
314	 5.7000e-03	 6.7056e+00	 4.1068e+00	 2.7040e+02
315	 5.7500e-03	 6.6931e+00	 3.7718e+00	 2.7035e+02
316	 5.8000e-03	 6.6622e+00	 3.4671e+00	 2.7030e+02
317	 5.8500e-03	 6.6340e+00	 3.1986e+00	 2.7025e+02
318	 5.9000e-03	 6.6356e+00	 2.8909e+00	 2.7020e+02
319	 5.9500e-03	 6.6123e+00	 2.6338e+00	 2.7015e+02
320	 6.0000e-03	 6.6320e+00	 2.3807e+00	 2.7010e+02
321	 6.0500e-03	 6.6317e+00	 2.0908e+00	 2.7005e+02
322	 6.1000e-03	 6.6280e+00	 1.8002e+00	 2.7000e+02
323	 6.1500e-03	 6.6356e+00	 1.5231e+00	 2.6995e+02
324	 6.2000e-03	 6.6484e+00	 1.2365e+00	 2.6990e+02
325	 6.2500e-03	 6.6596e+00	 9.6331e-01	 2.6985e+02
326	 6.3000e-03	 6.6675e+00	 6.8391e-01	 2.6980e+02
327	 6.3500e-03	 6.6905e+00	 3.7064e-01	 2.6975e+02
328	 6.4000e-03	 6.7023e+00	 1.5863e-01	 2.6970e+02
329	 6.4500e-03	 6.7267e+00	 9.7470e+00	 2.6965e+02
330	 6.5000e-03	 6.7273e+00	 9.4018e+00	 2.6960e+02
331	 6.5500e-03	 6.7115e+00	 9.0461e+00	 2.6955e+02
332	 6.6000e-03	 6.6869e+00	 8.7306e+00	 2.6950e+02
333	 6.6500e-03	 6.6481e+00	 8.4722e+00	 2.6945e+02
334	 6.7000e-03	 6.6330e+00	 8.1467e+00	 2.6940e+02
335	 6.7500e-03	 6.6248e+00	 7.8972e+00	 2.6935e+02
336	 6.8000e-03	 6.6093e+00	 7.6053e+00	 2.6930e+02
337	 6.8500e-03	 6.6116e+00	 7.3624e+00	 2.6925e+02
338	 6.9000e-03	 6.6234e+00	 7.0715e+00	 2.6920e+02
339	 6.9500e-03	 6.6215e+00	 6.8056e+00	 2.6915e+02
340	 7.0000e-03	 6.6175e+00	 6.5156e+00	 2.6910e+02
341	 7.0500e-03	 6.6330e+00	 6.2464e+00	 2.6905e+02
342	 7.1000e-03	 6.6445e+00	 5.9269e+00	 2.6900e+02
343	 7.1500e-03	 6.6534e+00	 5.6435e+00	 2.6895e+02
344	 7.2000e-03	 6.6695e+00	 5.3322e+00	 2.6890e+02
345	 7.2500e-03	 6.6767e+00	 4.9956e+00	 2.6885e+02
346	 7.3000e-03	 6.6879e+00	 4.6768e+00	 2.6880e+02
347	 7.3500e-03	 6.6849e+00	 4.3458e+00	 2.6875e+02
348	 7.4000e-03	 6.6652e+00	 4.0085e+00	 2.6870e+02
349	 7.4500e-03	 6.6442e+00	 3.7156e+00	 2.6865e+02
350	 7.5000e-03	 6.6185e+00	 3.3560e+00	 2.6860e+02
351	 7.5500e-03	 6.6040e+00	 3.1055e+00	 2.6855e+02
352	 7.6000e-03	 6.5801e+00	 2.7955e+00	 2.6850e+02
353	 7.6500e-03	 6.5837e+00	 2.5352e+00	 2.6845e+02
354	 7.7000e-03	 6.5633e+00	 2.2453e+00	 2.6840e+02
355	 7.7500e-03	 6.5728e+00	 2.0070e+00	 2.6835e+02
356	 7.8000e-03	 6.5791e+00	 1.7138e+00	 2.6830e+02
357	 7.8500e-03	 6.5978e+00	 1.4261e+00	 2.6825e+02
358	 7.9000e-03	 6.6139e+00	 1.1661e+00	 2.6820e+02
359	 7.9500e-03	 6.6090e+00	 8.8705e-01	 2.6815e+02
360	 8.0000e-03	 6.6323e+00	 5.6557e-01	 2.6810e+02
361	 8.0500e-03	 6.6626e+00	 2.5527e-01	 2.6805e+02
362	 8.1000e-03	 6.6695e+00	 9.8449e+00	 2.6800e+02
363	 8.1500e-03	 6.6767e+00	 9.6036e+00	 2.6795e+02
364	 8.2000e-03	 6.6744e+00	 9.2923e+00	 2.6790e+02
365	 8.2500e-03	 6.6580e+00	 8.9574e+00	 2.6785e+02
366	 8.3000e-03	 6.6221e+00	 8.6375e+00	 2.6780e+02
367	 8.3500e-03	 6.6129e+00	 8.3512e+00	 2.6775e+02
368	 8.4000e-03	 6.5925e+00	 8.0646e+00	 2.6770e+02
369	 8.4500e-03	 6.5699e+00	 7.7953e+00	 2.6765e+02
370	 8.5000e-03	 6.5623e+00	 7.5228e+00	 2.6760e+02
371	 8.5500e-03	 6.5616e+00	 7.2556e+00	 2.6755e+02
372	 8.6000e-03	 6.5584e+00	 7.0044e+00	 2.6750e+02
373	 8.6500e-03	 6.5495e+00	 6.6958e+00	 2.6745e+02
374	 8.7000e-03	 6.5712e+00	 6.4173e+00	 2.6740e+02
375	 8.7500e-03	 6.5662e+00	 6.1701e+00	 2.6735e+02
376	 8.8000e-03	 6.5975e+00	 5.8488e+00	 2.6730e+02
377	 8.8500e-03	 6.6149e+00	 5.5341e+00	 2.6725e+02
378	 8.9000e-03	 6.6274e+00	 5.2201e+00	 2.6720e+02
379	 8.9500e-03	 6.6392e+00	 4.8648e+00	 2.6715e+02
380	 9.0000e-03	 6.6376e+00	 4.5312e+00	 2.6710e+02
381	 9.0500e-03	 6.6290e+00	 4.2110e+00	 2.6705e+02
382	 9.1000e-03	 6.6137e+00	 3.8412e+00	 2.6700e+02
383	 9.1500e-03	 6.5758e+00	 3.5713e+00	 2.6695e+02
384	 9.2000e-03	 6.5518e+00	 3.2722e+00	 2.6690e+02
385	 9.2500e-03	 6.5314e+00	 2.9750e+00	 2.6685e+02
386	 9.3000e-03	 6.5350e+00	 2.7065e+00	 2.6680e+02
387	 9.3500e-03	 6.5186e+00	 2.4156e+00	 2.6675e+02
388	 9.4000e-03	 6.5146e+00	 2.1710e+00	 2.6670e+02
389	 9.4500e-03	 6.5189e+00	 1.8702e+00	 2.6665e+02
390	 9.5000e-03	 6.5294e+00	 1.6349e+00	 2.6660e+02
391	 9.5500e-03	 6.5531e+00	 1.3407e+00	 2.6655e+02
392	 9.6000e-03	 6.5511e+00	 1.0646e+00	 2.6650e+02
393	 9.6500e-03	 6.5659e+00	 7.6181e-01	 2.6645e+02
394	 9.7000e-03	 6.6008e+00	 4.6893e-01	 2.6640e+02
395	 9.7500e-03	 6.6195e+00	 1.8098e-01	 2.6635e+02
396	 9.8000e-03	 6.6290e+00	 9.8071e+00	 2.6630e+02
397	 9.8500e-03	 6.6310e+00	 9.4659e+00	 2.6625e+02
398	 9.9000e-03	 6.6300e+00	 9.1211e+00	 2.6620e+02
399	 9.9500e-03	 6.6077e+00	 8.7822e+00	 2.6615e+02
400	 1.0000e-02	 6.5715e+00	 8.4682e+00	 2.6610e+02
