7 56 211 536 989 1253 1254 960 661 395 217 110 40 16 5 5 
		9 7 2 9 7 7 2 4 2 7 4 1 5 1 2 8 
		5 2 2 3 15 48 210 604 1178 1786 2192 2420 2537 2782 2866 2770 
		2735 2773 2713 2825 2691 2778 2628 2632 2582 2565 2578 2488 2469 2520 2437 2434 
		2350 2354 2313 2235 2257 2254 2257 2185 2162 2184 2099 2099 2157 2051 2053 2180 
		2056 2001 2125 1991 2044 1894 1989 1855 1987 1873 1796 1873 1859 1793 1803 1723 
		1776 1763 1735 1785 1698 1756 1768 1732 1674 1730 1758 1675 1574 1623 1658 1667 
		1633 1528 1605 1608 1572 1643 1520 1587 1466 1546 1506 1523 1532 1430 1556 1454 
		1515 1466 1455 1389 1496 1406 1434 1457 1385 1431 1407 1404 1416 1427 1383 1364 
		1393 1415 1414 1376 1383 1306 1336 1335 1376 1387 1358 1340 1273 1242 1272 1268 
		1270 1350 1323 1267 1277 1315 1294 1272 1260 1243 1239 1274 1216 1268 1270 1158 
		1263 1172 1268 1164 1234 1214 1255 1181 1154 1175 1201 1213 1160 1219 1114 1134 
		1152 1167 1122 1165 1138 1107 1133 1063 1069 1138 1198 1173 1115 1129 1109 1051 
		1144 1114 1114 1095 1049 1111 1102 1097 1088 1110 1075 1169 1098 1152 1027 1108 
		1029 1085 1046 1060 1060 1091 1027 1073 1089 996 1076 1058 1009 1025 1048 1060 
		1055 1037 1009 1007 1054 1011 1073 1032 1085 963 1058 964 1004 1043 1028 1048 
		1070 1035 1056 957 1059 954 991 966 1033 1048 1031 1001 940 973 973 990 
		1036 1018 1029 1004 1049 1022 990 1010 951 981 973 950 985 1030 1001 1031 
		979 1021 1013 1045 971 973 996 998 1027 968 945 999 977 932 1000 976 
		897 982 981 914 1029 982 1027 991 950 945 1011 959 998 924 994 917 
		995 977 977 949 969 981 969 966 951 949 991 952 979 960 967 967 
		916 1023 954 1009 1013 957 976 972 991 969 940 989 966 936 937 954 
		968 968 995 934 921 928 978 983 926 968 992 980 1024 951 998 952 
		993 864 956 949 997 965 967 1063 979 957 999 931 964 1029 947 953 
		935 971 990 970 926 1010 973 987 1010 1008 955 976 978 960 930 994 
		991 1003 1051 1000 949 1010 965 1047 1000 966 964 1060 970 988 954 1033 
		1012 1007 1023 994 1033 954 973 976 950 951 1001 978 920 1008 986 919 
		1007 966 957 910 963 952 949 908 977 949 930 961 920 881 939 942 
		940 911 885 885 875 908 870 896 858 826 820 807 805 778 831 807 
		752 739 694 786 782 765 712 743 721 678 766 682 679 684 689 699 
		737 728 701 674 644 706 684 641 733 644 689 626 658 684 655 647 
		637 625 595 619 621 633 670 567 630 597 638 602 609 629 587 562 
		583 625 601 588 590 555 566 536 595 509 559 587 631 606 586 629 
		568 569 545 582 550 506 558 556 577 538 597 545 591 573 519 507 
		559 546 525 526 518 545 556 568 541 552 493 493 499 527 524 539 
		492 528 495 534 479 525 504 515 465 479 525 497 477 477 516 509 
		527 448 463 499 449 489 468 491 492 472 450 491 483 422 496 509 
		426 457 506 423 440 462 420 488 469 417 441 458 435 437 450 466 
		461 441 445 455 485 466 415 441 443 443 404 449 482 444 417 426 
		441 418 431 468 474 407 397 444 417 418 435 416 422 398 411 436 
		402 472 424 445 430 426 445 418 429 431 424 401 426 434 455 397 
		386 445 412 415 408 438 413 432 408 403 420 414 384 459 391 425 
		396 379 400 400 448 420 415 410 434 419 418 374 400 376 396 417 
		386 406 380 437 394 371 392 392 402 381 387 387 411 392 389 395 
		430 362 388 370 387 408 357 369 382 371 386 421 369 372 428 427 
		400 404 430 398 429 388 410 396 386 399 409 391 423 440 350 431 
		392 410 432 374 409 405 364 402 397 370 396 412 377 347 374 401 
		370 395 386 433 391 389 383 435 411 374 392 438 415 402 404 401 
		390 354 369 368 396 362 385 404 398 392 372 414 390 360 419 385 
		417 399 408 373 439 371 388 383 362 407 419 376 424 388 403 350 
		419 428 402 425 406 417 435 403 380 447 461 383 377 414 403 384 
		379 376 390 401 392 403 419 425 427 413 366 430 423 403 427 391 
		376 398 407 424 413 410 411 421 423 415 424 377 405 402 380 406 
		449 404 407 451 418 471 423 417 402 382 404 416 403 428 392 453 
		452 486 456 468 421 443 399 456 424 393 422 427 402 408 393 378 
		391 389 433 406 389 408 440 463 446 433 421 460 463 429 436 444 
		444 416 448 396 410 425 459 387 435 431 395 420 390 445 450 405 
		415 450 432 437 435 438 449 459 440 439 439 451 433 427 458 447 
		467 432 472 423 424 423 437 454 423 458 434 474 490 485 529 501 
		480 509 479 521 452 489 499 492 527 530 521 537 495 568 520 574 
		582 545 535 596 543 598 559 577 572 626 616 629 581 627 669 576 
		671 645 651 658 684 675 680 690 700 677 680 650 693 690 709 700 
		681 682 768 729 668 697 681 745 731 766 703 765 725 725 678 774 
		776 700 769 745 741 793 700 730 747 718 730 763 768 765 790 780 
		744 746 820 806 790 763 828 779 794 807 760 794 805 778 803 771 
		800 851 800 829 824 778 835 839 859 782 804 756 844 841 824 792 
		852 807 845 819 799 870 783 817 841 837 844 893 843 818 774 817 
		901 833 853 837 863 789 855 819 886 870 846 842 837 865 856 793 
		886 830 820 842 849 840 837 847 880 814 851 882 919 797 881 872 
		840 823 809 856 824 863 837 865 841 880 915 884 825 894 902 852 
		902 871 901 877 866 854 888 863 913 840 916 927 922 919 899 960 
		880 890 861 869 867 847 925 916 874 844 919 891 917 911 890 852 
		925 903 918 893 911 883 922 928 972 895 1000 906 916 954 949 965 
		947 926 951 993 968 888 965 1007 945 874 977 951 910 929 964 958 
		937 1004 958 980 966 891 1004 966 999 1077 1001 1060 968 968 1005 998 
		986 1011 1034 1041 1011 991 957 1078 1056 1060 1044 1059 1006 1071 1007 1049 
		1051 1082 1056 982 1098 1013 1069 1066 1046 1051 1056 1080 1103 1064 1068 1049 
		1059 1069 1083 1078 1097 1026 1089 1182 1136 1052 1101 1142 1053 1101 1135 1126 
		1073 1172 1117 1113 1080 1132 1067 1099 1180 1137 1204 1194 1180 1173 1188 1174 
		1135 1199 1133 1231 1239 1209 1141 1227 1200 1229 1269 1242 1202 1276 1245 1240 
		1207 1231 1254 1305 1262 1248 1267 1225 1366 1330 1258 1263 1340 1276 1252 1240 
		1317 1301 1290 1378 1331 1401 1347 1297 1354 1351 1376 1363 1435 1361 1433 1382 
		1318 1369 1362 1412 1326 1440 1475 1432 1449 1468 1444 1443 1441 1493 1439 1477 
		1445 1478 1503 1536 1511 1447 1568 1528 1514 1548 1562 1573 1501 1625 1583 1605 
		1644 1611 1638 1639 1587 1586 1621 1695 1669 1723 1695 1698 1684 1695 1712 1769 
		1737 1687 1724 1783 1730 1833 1738 1749 1826 1769 1844 1878 1882 1867 1820 2016 
		1921 1945 1923 1933 1959 1974 1986 2018 2149 2120 1991 2086 2115 2017 2105 2190 
		2210 2234 2391 2591 3089 4058 6205 10365 17356 29062 46585 70578 101451 137395 174392 206648 
		231648 241458 235217 214482 184385 146941 110256 77230 51108 31825 18417 10302 5707 3155 1852 1249 
		976 765 735 688 628 628 608 583 603 565 546 550 513 495 494 490 
		472 474 446 439 458 438 418 422 401 396 419 394 420 353 405 366 
		372 361 347 368 345 348 365 373 355 379 349 339 334 339 295 341 
		351 316 315 344 311 329 297 326 328 286 288 341 289 300 282 307 
		311 298 313 299 285 309 306 303 298 276 294 294 281 268 261 304 
		274 291 262 289 275 280 271 295 260 287 271 269 277 283 274 280 
		289 279 255 294 267 254 289 284 302 252 251 287 252 295 274 269 
		271 263 242 272 312 314 311 266 290 276 279 290 289 262 290 282 
		318 258 307 313 256 317 301 314 328 373 378 507 754 1145 1860 3013 
		4890 7548 11303 15057 19642 23823 27170 29090 29308 27399 24298 20353 15524 11513 7997 5194 
		3106 1881 1001 639 355 249 225 149 133 112 145 129 107 115 120 120 
		106 128 115 125 119 97 106 102 125 92 92 81 100 85 90 93 
		113 109 104 95 87 98 81 90 94 100 83 90 67 63 60 67 
		80 70 59 72 84 98 67 79 88 74 69 80 79 67 70 65 
		76 69 68 79 67 77 64 55 59 75 73 49 54 69 78 84 
		80 60 70 68 67 63 58 55 60 60 50 55 63 60 56 70 
		58 56 57 61 55 55 42 64 55 45 47 48 72 53 43 58 
		48 53 52 58 56 54 55 43 54 46 55 53 31 53 46 51 
		45 59 47 48 43 54 46 47 55 48 55 43 38 58 47 40 
		42 43 49 64 57 62 50 43 47 38 37 49 48 45 49 38 
		54 45 44 37 34 49 47 33 50 42 45 49 35 44 33 36 
		47 44 40 38 44 41 49 44 39 40 43 39 39 40 31 51 
		32 44 27 34 40 27 32 56 39 30 34 34 36 34 36 41 
		40 34 39 37 40 32 42 31 42 42 43 46 44 41 42 34 
		46 28 49 38 35 40 33 41 34 39 30 24 34 33 38 29 
		40 45 47 40 39 26 31 31 34 26 35 30 43 34 40 35 
		37 36 37 39 38 35 40 41 39 33 31 34 23 24 37 25 
		30 28 30 26 35 36 23 21 27 35 37 30 23 33 32 26 
		26 38 32 22 29 28 35 22 25 27 33 21 25 35 19 28 
		42 37 24 29 28 22 22 30 22 24 26 22 30 26 24 33 
		27 12 28 30 31 27 36 34 16 20 30 27 16 28 29 20 
		18 25 28 10 23 23 23 23 22 30 24 25 15 20 19 26 
		21 10 19 26 16 19 25 24 19 19 31 19 18 19 12 23 
		11 20 25 14 17 23 22 16 24 22 22 25 23 20 19 18 
		22 24 25 17 17 12 13 19 14 22 15 15 21 17 22 12 
		22 20 15 20 11 24 23 10 14 21 25 18 24 21 19 19 
		22 23 27 19 17 23 22 20 28 10 20 17 14 14 13 15 
		11 17 18 11 20 16 9 20 24 26 16 11 13 14 18 13 
		20 14 25 18 22 22 18 12 18 14 21 10 16 11 18 15 
		22 23 14 12 17 10 14 18 19 14 10 12 11 13 11 18 
		6 16 20 14 16 16 11 10 19 20 23 17 15 9 12 14 
		8 15 15 20 21 14 14 11 20 19 13 16 13 19 12 11 
		18 16 11 16 12 7 6 12 22 16 9 11 13 14 10 18 
		15 15 12 26 6 15 9 8 13 8 17 17 12 11 14 24 
		14 17 14 15 12 11 11 12 5 11 20 19 12 12 10 14 
		12 16 21 17 12 20 19 14 8 8 16 9 20 9 12 14 
		10 9 7 14 11 13 9 12 10 16 8 9 9 10 16 10 
		9 9 8 18 16 14 7 11 11 11 8 10 10 10 15 19 
		21 14 10 8 9 10 13 11 10 17 11 15 13 10 8 11 
		14 9 16 16 7 14 5 13 8 8 9 13 9 15 12 9 
		10 13 17 3 9 12 13 9 5 9 9 14 7 7 9 12 
		16 14 10 11 16 9 11 20 6 10 13 9 13 12 15 10 
		10 10 14 13 10 8 9 11 15 9 9 9 11 16 11 7 
		6 14 7 6 15 11 6 9 10 5 10 18 14 9 6 14 
		13 3 14 10 9 11 10 8 10 14 6 11 9 14 13 13 
		11 12 7 10 18 12 15 4 5 11 9 9 11 6 10 15 
		12 10 12 17 18 9 5 11 7 9 11 11 7 14 8 7 
		13 11 13 8 12 11 15 12 9 9 4 9 18 14 13 14 
		14 10 21 13 13 15 8 14 12 7 4 14 10 13 9 15 
		9 12 7 13 11 13 16 9 6 10 14 6 13 9 10 10 
		11 7 8 12 6 10 13 13 17 9 12 7 14 10 6 14 
		9 11 5 11 9 10 16 13 18 13 14 9 16 16 12 9 
		14 10 12 17 7 11 10 14 15 15 11 13 10 15 14 17 
		16 12 14 12 9 8 9 15 17 15 10 16 15 14 10 13 
		16 12 18 10 7 10 17 10 12 7 11 11 15 16 9 10 
		12 15 21 11 16 20 9 16 14 18 14 9 6 15 18 16 
		17 20 8 14 12 10 11 12 16 11 8 12 7 20 18 15 
		17 13 13 8 22 13 13 10 14 12 17 13 9 18 13 17 
		18 14 8 15 15 12 10 13 10 14 13 11 18 20 11 15 
		14 16 14 17 15 14 20 10 11 19 19 12 10 13 18 18 
		13 8 10 15 16 6 17 19 16 8 13 16 13 12 14 19 
		17 7 20 11 20 13 19 16 16 8 14 11 13 16 15 14 
		11 16 18 11 15 18 11 24 10 11 11 15 21 5 9 10 
		15 21 11 15 15 12 25 10 12 12 16 14 20 8 13 20 
		9 11 12 8 14 13 14 14 12 10 17 14 14 19 12 17 
		10 10 18 14 15 12 17 17 14 10 9 15 12 17 16 9 
		13 16 16 16 16 15 15 7 17 22 19 9 18 18 14 22 
		13 16 12 19 17 16 13 21 11 20 12 13 14 13 13 8 
		13 13 16 17 16 11 18 18 10 14 14 12 12 23 17 11 
		14 8 23 10 18 18 6 9 18 15 8 26 12 16 15 15 
		27 18 16 16 7 15 16 13 11 26 17 11 16 15 19 16 
		20 17 23 17 13 9 19 10 18 18 15 23 11 15 19 8 
		14 16 15 13 14 12 11 18 13 14 20 19 15 14 11 13 
		8 26 16 13 23 22 26 37 32 17 12 12 19 19 24 20 
		33 19 24 16 12 15 10 19 15 28 18 16 29 22 14 29 
		19 26 22 31 26 29 24 29 27 25 31 43 41 37 44 58 
		54 64 79 69 97 114 130 144 176 235 267 351 407 453 525 565 
		626 629 626 619 625 587 444 388 313 239 165 109 78 47 40 19 
		10 18 11 8 8 9 6 8 8 9 7 12 11 13 4 6 
		6 8 7 5 6 5 3 10 9 5 7 7 8 2 5 6 
		4 4 5 7 8 6 4 5 6 5 11 10 6 8 6 7 
		9 6 11 5 6 3 5 8 7 4 7 7 5 9 10 5 
		7 6 6 6 9 7 6 8 3 6 3 11 5 3 9 9 
		6 8 6 6 6 8 7 8 0 1 9 1 3 6 5 7 
		6 7 9 9 10 11 8 4 8 5 5 9 5 8 8 7 
		10 5 9 8 5 10 12 16 6 9 10 17 13 12 13 9 
		9 13 13 8 10 20 19 13 15 25 14 23 29 39 43 50 
		55 55 95 82 117 117 153 185 187 153 142 152 146 135 109 87 
		74 57 35 35 26 18 8 6 9 4 5 7 5 4 2 6 
		5 3 4 4 8 7 2 5 4 2 3 4 5 2 3 4 
		6 2 3 4 2 6 3 4 3 1 2 1 3 2 3 1 
		2 3 6 4 3 2 5 5 4 6 0 1 2 5 6 3 
		3 6 3 3 5 5 0 1 2 4 2 0 1 6 5 2 
		7 8 6 4 6 2 3 2 3 4 4 3 2 5 2 2 
		5 5 3 0 1 6 1 5 4 0 1 3 3 1 2 2 
		3 3 4 3 2 5 3 1 3 1 2 5 3 3 3 6 
		4 6 4 1 2 2 7 6 7 4 5 3 5 6 4 4 
		4 1 6 5 1 5 7 2 7 6 15 9 6 9 10 14 
		12 12 9 14 14 10 14 12 19 10 7 4 4 6 5 5 
		3 6 1 2 1 5 3 2 3 4 2 3 6 7 1 3 
		2 2 4 2 0 1 6 2 3 2 2 5 2 7 5 4 
		2 7 2 5 2 4 3 4 3 1 4 6 2 1 6 4 
		6 2 2 0 1 4 5 2 2 2 3 1 3 2 1 5 
		2 2 3 5 4 3 6 4 2 5 1 4 3 3 4 3 
		0 1 2 2 3 7 1 2 4 3 1 2 1 1 1 2 
		3 7 0 1 3 5 3 8 4 9 4 2 4 5 2 4 
		4 3 5 2 5 3 7 5 0 1 2 3 1 1 5 3 
		4 1 0 1 3 5 2 1 4 2 2 2 2 2 2 4 
		2 5 0 1 4 1 0 1 2 5 4 4 1 3 3 2 
		2 2 2 2 2 3 4 3 4 6 3 6 4 4 2 5 
		9 2 2 3 3 1 5 2 2 1 1 3 1 1 0 1 
		1 3 2 3 2 5 2 4 4 3 5 6 1 2 3 8 
		3 4 0 1 3 0 1 4 2 1 2 2 2 3 2 6 
		1 5 3 2 4 3 5 2 1 2 4 2 4 3 5 2 
		2 6 4 4 7 10 4 2 5 0 1 2 4 5 3 4 
		5 4 7 1 6 5 8 3 3 8 4 3 2 8 2 0 
		2 5 3 0 2 2 4 5 3 6 2 4 2 0 1 8 
		2 1 1 3 3 2 3 5 3 3 1 0 1 4 4 6 
		4 2 2 4 2 3 0 1 3 2 1 2 6 0 1 3 
		4 2 3 4 1 5 4 1 4 4 3 2 3 0 1 1 
		1 2 5 4 2 1 3 3 1 3 2 3 0 2 2 1 
		3 2 5 4 4 2 2 5 4 1 5 2 1 4 1 0 
		1 2 3 4 3 1 3 2 0 1 3 0 1 3 3 2 
		4 3 2 2 1 4 2 1 5 3 2 1 0 1 1 5 
		0 1 2 2 3 1 3 4 3 5 0 1 4 1 2 3 
		2 1 3 1 2 0 1 4 4 0 2 5 0 1 3 5 
		6 1 4 3 1 9 3 4 1 3 1 3 1 2 1 1 
		2 2 1 1 3 2 3 3 0 1 6 2 2 1 1 2 
		4 4 0 1 5 3 2 0 1 4 2 3 2 5 1 6 
		5 0 1 2 1 4 1 0 2 3 3 2 4 0 1 2 
		3 5 0 1 3 3 2 3 4 4 2 0 1 1 3 0 
		1 3 4 0 1 1 1 1 0 1 5 5 3 4 3 2 
		0 1 5 4 1 1 2 6 2 1 2 5 6 2 5 4 
		3 3 5 5 1 3 4 2 1 3 3 0 1 1 0 2 
		1 1 2 1 0 2 3 3 2 1 4 4 3 3 2 5 
		2 2 0 1 1 2 2 5 3 1 2 2 4 2 2 2 
		1 0 1 2 1 3 1 1 3 3 1 4 4 2 2 4 
		2 3 2 0 1 1 4 2 5 5 3 4 2 1 0 2 
		1 0 2 2 4 1 1 2 3 0 1 2 2 2 2 0 
		1 4 0 1 3 1 3 1 4 1 2 5 1 5 1 2 
		0 1 2 1 2 2 5 2 2 2 3 0 1 2 2 5 
		0 1 3 4 0 3 1 2 1 3 2 1 2 0 1 1 
		5 2 0 1 4 1 2 1 2 1 2 3 2 1 4 1 
		0 1 1 1 3 2 4 4 3 3 4 7 3 1 2 5 
		4 8 0 1 2 1 3 2 4 2 1 2 2 2 4 3 
		2 2 2 5 6 2 3 2 2 2 3 0 1 6 3 3 
		0 1 3 7 2 2 5 2 3 2 2 2 1 1 4 2 
		3 3 2 3 1 3 4 2 0 1 5 9 1 8 0 1 
		5 3 5 0 1 2 0 1 2 3 7 3 3 1 8 4 
		0 1 2 5 7 3 4 3 4 3 2 8 7 8 4 6 
		8 8 3 2 7 4 4 4 5 3 3 4 2 2 2 3 
		0 2 4 0 1 2 4 1 3 6 7 0 1 3 0 1 
		3 2 1 6 4 8 1 3 1 1 0 1 1 5 3 2 
		1 0 1 2 2 1 0 1 1 0 1 2 1 5 1 3 
		2 2 1 2 5 3 1 3 6 1 4 7 2 1 5 3 
		2 0 2 3 1 3 0 1 3 1 0 2 3 5 1 0 
		2 1 1 2 1 2 0 1 1 1 2 1 4 4 4 6 
		4 4 1 1 0 1 2 3 5 5 1 2 1 1 1 6 
		2 2 1 4 0 1 2 1 1 1 4 4 3 2 5 2 
		3 4 5 3 5 7 2 9 10 8 13 7 7 8 11 8 
		13 9 4 8 3 4 3 3 3 3 3 2 2 2 3 1 
		1 2 0 1 3 4 6 2 6 2 2 3 1 0 1 2 
		5 2 2 0 1 4 4 2 2 3 1 2 1 2 3 3 
		0 1 2 4 4 6 0 1 2 2 4 4 2 3 4 1 
		3 3 1 4 2 3 0 1 2 1 1 7 0 1 1 3 
		2 2 3 1 4 3 3 2 3 1 5 1 2 2 1 4 
		0 1 3 2 2 4 1 2 2 4 4 3 5 2 0 1 
		3 2 3 2 6 5 6 3 0 1 5 2 2 3 4 2 
		1 1 3 3 1 0 1 5 7 1 1 4 1 1 5 1 
		2 1 1 3 0 1 2 3 3 6 2 2 1 3 2 2 
		10 3 2 1 2 5 3 1 2 5 4 3 2 6 5 1 
		4 0 1 1 2 1 0 1 3 0 1 2 4 4 2 1 
		1 1 2 4 0 1 3 1 4 1 0 1 1 0 1 1 
		3 2 2 3 1 0 1 4 0 1 2 0 1 4 2 2 
		8 1 3 1 3 3 3 4 1 0 2 1 3 1 1 4 
		0 1 3 0 1 3 1 2 3 0 1 1 0 1 1 0 
		1 1 4 1 1 1 1 1 3 0 1 2 2 2 1 2 
		4 2 2 4 0 1 2 0 1 3 2 5 3 3 0 1 
		1 3 2 3 3 4 1 0 1 5 0 1 5 2 0 1 
		2 1 2 1 3 2 2 2 4 2 2 2 4 2 1 1 
		2 4 3 2 2 3 2 1 0 1 1 2 2 3 3 3 
		0 1 1 2 3 1 4 0 1 1 0 1 1 1 1 2 
		2 2 0 2 3 3 0 1 3 2 3 1 2 3 3 2 
		3 2 2 4 2 1 2 2 1 2 0 1 1 4 1 0 
		1 1 2 1 5 3 2 1 0 1 1 3 0 1 3 1 
		4 1 1 3 3 1 2 3 1 1 0 2 2 1 0 1 
		1 3 2 0 1 3 1 0 1 1 1 0 1 1 6 3 
		3 0 1 1 1 2 3 1 3 0 1 4 0 1 4 1 
		1 0 1 3 4 1 1 1 2 2 1 2 4 0 1 2 
		1 4 2 1 1 2 3 4 1 3 0 1 3 0 1 3 
		1 2 1 3 0 1 1 0 1 2 5 3 2 6 4 0 
		1 3 1 0 1 2 3 1 3 1 7 1 2 1 1 1 
		3 3 1 3 1 6 0 1 2 4 0 2 2 0 1 3 
		3 3 3 2 0 1 3 2 2 2 0 2 2 3 2 0 
		1 2 0 1 1 0 1 1 0 2 2 5 1 6 1 4 
		0 1 4 3 0 1 2 1 1 2 2 0 1 1 1 2 
		2 4 2 0 1 1 0 2 4 1 1 0 1 1 0 1 
		3 0 1 2 2 0 2 1 1 4 0 1 2 2 0 3 
		1 1 2 4 2 2 0 1 3 0 2 1 2 0 1 1 
		5 1 3 4 1 2 1 4 3 3 0 1 2 1 0 1 
		2 5 2 2 0 1 1 1 0 1 7 2 1 1 1 0 
		2 2 3 1 1 3 0 1 2 1 3 1 3 2 3 2 
		0 1 2 3 4 2 2 0 1 4 4 1 1 2 2 1 
		2 2 1 2 2 5 3 0 1 3 2 0 1 9 1 1 
		0 2 4 1 1 0 1 2 1 3 1 2 1 0 1 2 
		2 4 0 1 1 3 4 1 1 3 0 4 2 2 1 1 
		1 1 2 3 2 6 0 1 1 3 0 1 3 0 1 1 
		0 1 3 1 2 1 1 0 1 4 1 2 0 1 2 2 
		1 0 1 2 2 2 0 1 3 0 1 2 1 0 1 4 
		3 1 0 2 6 1 4 1 1 3 2 3 1 2 1 0 
		1 1 1 2 2 1 1 1 3 4 1 3 3 1 2 2 
		0 1 1 1 2 2 1 3 1 3 5 2 2 3 0 1 
		2 4 2 1 2 3 0 1 3 2 1 1 0 1 1 2 
		2 2 1 1 0 1 2 1 1 0 1 3 1 4 2 2 
		1 0 2 3 0 1 1 3 3 1 1 1 1 1 5 2 
		2 0 1 2 0 2 1 1 0 1 1 1 2 0 1 1 
		3 0 1 3 0 1 1 3 0 2 2 1 2 1 2 2 
		1 2 1 0 1 1 3 1 1 1 1 0 1 2 1 2 
		2 0 1 3 0 2 1 1 1 3 2 1 3 0 1 1 
		1 2 1 0 2 3 4 1 2 0 1 4 1 2 0 1 
		3 1 1 0 3 3 0 1 3 1 1 0 1 2 1 1 
		3 4 0 1 1 1 0 1 3 2 1 2 2 1 4 0 
		1 1 2 3 2 2 2 2 1 1 2 4 1 0 1 6 
		3 1 0 1 4 2 2 2 1 2 3 1 1 3 1 1 
		3 0 1 1 2 5 3 1 0 3 1 0 1 1 1 0 
		1 1 1 2 1 3 1 0 1 4 2 4 1 3 1 1 
		2 0 1 1 2 5 0 2 1 2 5 4 0 3 1 4 
		2 0 5 2 3 3 0 1 1 4 1 1 1 2 1 1 
		0 3 1 1 0 1 2 4 1 2 7 2 0 1 3 0 
		1 4 2 1 0 1 2 1 1 1 2 1 1 2 0 1 
		2 0 2 1 2 1 2 1 0 1 3 2 1 2 3 3 
		2 0 1 4 3 5 1 3 2 0 1 1 1 1 1 2 
		1 0 2 3 1 3 2 1 2 2 3 0 1 2 1 3 
		3 0 1 4 3 3 1 3 0 1 4 1 1 0 1 2 
		1 6 0 1 5 2 0 1 2 2 1 2 1 2 2 2 
		2 2 3 3 0 2 2 3 2 3 2 0 3 4 2 0 
		3 5 3 3 2 0 1 2 0 1 1 0 1 1 1 1 
		1 0 1 2 3 1 4 2 2 3 0 1 3 3 1 1 
		1 1 3 1 1 1 3 1 2 2 2 0 1 1 1 2 
		1 0 1 2 1 1 1 2 0 1 4 1 4 2 1 0 
		3 5 2 4 0 1 1 1 3 1 3 0 2 2 0 2 
		2 1 0 2 1 0 1 1 2 2 0 2 1 1 1 3 
		0 1 2 3 6 1 1 3 2 2 0 1 1 0 1 1 
		1 2 0 1 1 2 0 1 1 2 6 0 2 1 2 0 
		1 4 2 3 2 1 2 0 1 3 1 1 0 1 4 0 
		1 2 0 2 3 1 0 2 2 2 0 1 4 0 2 2 
		3 1 1 0 2 4 1 0 1 1 0 1 2 0 1 2 
		2 2 1 0 2 1 1 5 2 0 1 1 3 2 2 0 
		1 1 2 1 2 0 1 6 0 1 1 2 1 0 1 1 
		2 3 3 1 1 1 1 3 4 2 2 1 3 2 2 3 
		0 1 2 4 2 1 1 0 1 3 0 1 2 2 2 0 
		1 3 2 3 7 0 1 2 1 0 1 1 2 0 1 1 
		3 1 0 1 5 1 4 0 1 2 1 1 1 1 3 2 
		2 1 2 3 2 2 2 0 2 3 1 4 1 1 3 2 
		0 1 4 4 3 0 1 3 1 2 0 2 1 2 0 1 
		2 1 2 3 2 2 4 4 2 1 0 2 2 1 2 1 
		0 1 1 1 3 1 1 0 1 2 2 0 1 1 2 3 
		1 2 2 2 0 1 2 1 2 0 2 1 5 1 1 0 
		1 2 0 1 1 3 0 1 3 0 1 3 0 1 1 0 
		1 2 2 3 0 1 2 2 0 1 1 1 0 4 1 1 
		0 1 3 2 2 3 1 2 0 2 6 0 2 2 1 3 
		1 1 0 1 1 1 0 1 1 1 0 1 3 2 4 0 
		1 4 5 2 1 0 1 3 3 3 3 2 0 1 1 2 
		2 2 0 1 2 1 4 1 5 4 1 2 2 2 2 1 
		3 1 3 0 1 1 2 4 2 0 2 5 3 2 0 1 
		2 1 1 0 1 4 1 2 1 2 2 0 1 4 2 0 
		1 2 1 2 1 1 1 4 1 3 3 1 3 1 3 1 
		2 0 1 1 2 1 1 3 1 2 0 1 2 4 1 0 
		1 2 0 1 2 0 2 4 2 0 1 1 1 4 3 4 
		0 1 3 2 3 0 1 1 1 1 2 3 2 3 1 2 
		1 0 1 2 1 6 4 3 0 1 1 2 0 1 1 2 
		1 2 2 2 1 1 1 0 1 1 2 2 4 3 2 5 
		2 2 0 4 2 1 1 0 2 3 0 2 1 1 1 2 
		1 1 1 1 3 2 1 2 2 1 2 3 2 0 2 4 
		0 2 2 3 3 1 1 0 1 6 5 3 0 1 5 2 
		0 2 3 6 2 0 1 3 3 3 1 1 2 7 5 2 
		0 1 1 0 1 1 1 1 0 1 5 5 1 1 2 2 
		2 2 3 2 1 3 1 2 1 4 2 1 1 0 1 1 
		3 3 2 2 2 4 1 2 1 1 1 1 4 0 1 3 
		0 1 3 2 4 2 1 0 2 1 1 2 1 0 2 3 
		2 5 3 1 0 1 2 2 0 1 2 0 1 3 0 1 
		3 0 1 1 1 2 1 2 3 1 2 1 1 1 0 1 
		4 0 1 1 1 1 2 2 0 1 3 1 2 0 1 1 
		1 0 1 1 2 2 0 1 1 0 1 4 2 2 1 2 
		0 2 1 3 1 3 0 1 1 3 1 1 1 3 2 1 
		0 2 1 4 0 1 2 2 1 1 0 1 1 1 0 1 
		1 0 1 1 2 6 6 3 3 3 1 0 1 1 2 1 
		2 2 1 1 1 2 1 2 2 2 2 2 2 1 2 3 
		3 0 1 2 2 0 2 3 2 1 0 1 11 2 4 3 
		4 2 1 3 3 1 2 0 1 2 2 2 3 1 2 1 
		0 2 3 2 2 1 0 2 1 2 5 1 0 2 3 0 
		1 1 0 1 2 1 0 3 1 1 2 2 1 2 4 0 
		3 2 0 3 3 4 1 1 0 1 2 0 1 2 2 3 
		0 8 2 4 0 2 2 1 0 1 1 1 0 1 1 1 
		1 2 1 2 0 1 2 1 3 1 1 0 1 1 0 2 
		1 0 2 1 1 1 1 0 1 5 0 1 3 0 1 1 
		0 1 1 0 1 2 0 3 2 2 0 2 5 0 1 1 
		1 2 2 2 1 0 1 2 1 2 0 2 1 0 2 2 
		1 0 1 1 7 2 0 1 3 1 2 1 2 1 3 1 
		1 2 1 1 0 1 1 0 1 1 0 2 2 0 2 1 
		1 0 1 3 0 2 1 1 0 1 2 2 1 1 0 1 
		2 0 2 2 1 3 0 2 2 1 1 4 3 1 3 0 
		1 2 1 1 0 1 1 2 0 1 1 0 2 1 0 2 
		1 0 1 1 1 0 1 1 1 2 1 1 0 1 3 1 
		1 0 4 2 4 0 1 1 2 2 1 1 0 2 2 0 
		1 1 0 3 2 0 1 1 1 1 2 1 0 1 2 3 
		1 2 0 1 2 0 2 1 1 1 0 1 1 2 1 0 
		3 2 2 1 0 2 4 0 1 2 2 1 0 1 2 3 
		0 1 1 0 2 1 0 3 3 2 2 2 0 1 1 3 
		1 1 2 2 1 1 1 0 1 1 1 1 1 1 1 1 
		1 0 1 1 2 0 1 1 0 1 2 0 1 2 0 1 
		2 1 2 2 2 2 0 1 1 1 3 0 1 1 1 1 
		2 3 1 4 2 5 0 1 2 2 1 2 1 0 1 1 
		0 1 1 2 1 0 1 1 1 3 0 2 2 0 1 3 
		1 2 1 0 1 2 0 1 1 0 1 1 1 1 3 0 
		1 1 1 1 0 1 1 1 3 0 1 1 1 0 2 3 
		0 1 4 3 1 0 2 2 3 0 1 2 2 1 1 1 
		2 0 1 1 2 0 1 1 1 0 1 4 2 0 1 2 
		0 2 1 2 1 1 1 1 1 0 1 2 1 1 1 3 
		1 0 1 1 0 3 1 0 3 2 2 0 1 1 0 1 
		2 0 4 1 1 1 0 1 1 1 1 1 1 2 2 1 
		2 3 0 1 1 1 0 3 2 0 2 1 0 1 1 1 
		1 4 1 0 2 2 1 3 0 1 1 1 0 1 3 0 
		1 1 0 1 1 0 2 3 0 2 2 1 3 0 1 1 
		0 1 3 2 2 1 2 0 1 1 2 0 1 1 1 2 
		0 1 1 0 4 2 3 0 1 2 0 1 2 2 1 1 
		3 0 2 1 1 0 1 2 0 1 2 0 2 1 2 1 
		0 1 2 3 1 0 1 4 0 4 1 0 1 2 1 1 
		2 3 0 1 2 0 2 1 0 3 3 0 3 1 1 0 
		1 1 1 1 0 4 1 1 3 1 0 2 1 0 3 3 
		1 1 2 1 1 2 2 0 1 2 1 1 2 2 1 1 
		0 1 1 1 0 1 2 2 1 1 0 1 1 1 1 0 
		1 2 0 1 1 0 6 1 2 0 1 2 0 1 4 0 
		1 1 1 3 1 0 3 2 2 0 1 1 0 1 1 2 
		0 1 1 0 2 1 1 1 0 2 2 2 1 0 1 2 
		0 1 1 5 6 6 7 4 6 8 5 10 5 11 9 7 
		5 8 6 5 3 1 1 2 2 1 1 0 1 1 1 0 
		3 1 1 2 0 3 1 0 1 1 0 6 1 1 2 1 
		1 0 1 4 2 1 1 1 0 1 1 0 6 5 0 2 
		1 1 2 0 1 1 3 0 5 1 0 2 1 0 3 1 
		2 0 1 2 0 6 2 2 3 1 1 0 1 1 1 0 
		2 1 0 1 1 1 0 1 1 0 6 1 2 1 1 1 
		0 5 1 1 3 1 0 1 1 0 2 1 1 0 1 1 
		2 0 1 1 0 1 3 0 3 2 1 1 1 1 3 1 
		7 2 3 6 4 1 7 8 5 4 3 3 0 1 5 1 
		3 0 1 3 3 0 1 1 1 0 3 1 1 1 0 1 
		1 0 1 1 1 2 1 1 1 1 0 2 3 0 2 1 
		2 3 1 0 1 2 1 0 2 1 0 1 2 1 1 1 
		2 0 2 2 0 1 1 2 1 1 0 1 4 0 1 3 
		0 1 4 0 5 2 1 0 1 1 1 0 3 1 1 0 
		1 1 0 2 1 0 2 4 0 2 2 1 0 1 2 0 
		3 1 0 1 2 0 1 1 0 1 1 1 1 0 2 1 
		2 1 1 0 3 1 0 4 2 1 1 0 3 3 1 1 
		0 4 1 0 2 2 1 0 1 1 1 1 2 0 1 1 
		0 3 1 2 1 0 3 1 0 1 1 0 5 1 2 0 
		6 3 0 1 1 1 1 0 1 3 1 0 1 1 0 4 
		1 1 2 0 1 1 1 1 0 5 1 1 1 0 1 1 
		0 1 1 0 1 2 1 1 1 1 1 0 2 2 2 3 
		0 1 1 0 4 1 0 3 3 1 0 1 2 0 1 1 
		2 1 1 0 1 2 2 0 8 1 0 2 1 2 0 4 
		1 1 0 1 1 0 1 1 1 1 1 1 0 12 1 1 
		0 3 2 0 4 3 0 1 1 2 2 4 3 6 4 3 
		7 3 12 8 4 9 6 8 7 5 3 3 4 3 1 1 
		3 1 3 2 0 1 2 1 0 1 1 0 1 1 0 1 
		3 0 1 1 1 0 1 1 0 2 1 1 0 4 2 0 
		2 1 0 1 1 1 2 0 9 1 1 0 2 1 0 1 
		1 0 3 1 1 1 1 0 5 2 1 0 2 2 2 2 
		1 0 1 1 1 0 1 1 1 0 1 1 0 4 2 0 
		1 1 1 0 6 2 0 1 2 0 2 1 1 0 4 1 
		0 2 1 0 2 1 1 2 1 2 0 5 1 0 1 2 
		0 1 1 0 2 1 0 1 2 0 2 1 0 4 1 1 
		2 1 2 0 4 1 0 3 1 0 1 3 1 1 0 2 
		1 0 1 1 1 0 2 1 0 4 1 0 1 1 1 0 
		2 1 0 4 2 0 3 1 0 1 2 0 1 2 0 2 
		1 1 0 7 3 1 0 1 2 0 2 1 1 0 1 1 
		1 0 1 2 0 2 3 2 2 0 7 1 3 1 1 1 
		0 1 1 1 0 5 3 0 4 1 0 2 1 0 6 3 
		0 7 3 0 2 2 0 1 1 0 1 1 1 0 4 2 
		1 1 0 3 3 0 1 1 0 4 1 1 0 3 1 0 
		1 1 0 3 1 3 1 1 2 0 1 1 0 7 1 2 
		0 1 1 1 1 0 2 1 0 4 1 1 0 5 1 1 
		1 0 2 2 0 1 2 0 2 1 0 2 1 0 1 2 
		0 2 1 1 1 0 2 3 1 0 4 1 1 1 0 1 
		2 0 1 1 1 1 1 0 3 1 3 1 0 1 1 1 
		0 2 1 0 1 1 3 0 2 1 0 1 1 1 0 3 
		2 2 0 2 1 1 1 0 2 2 1 0 1 1 0 2 
		2 0 1 1 1 1 0 3 2 1 0 1 2 0 2 1 
		2 0 1 2 0 2 1 0 2 2 0 1 1 0 3 1 
		0 3 1 2 1 0 1 4 0 8 1 0 2 1 2 1 
		1 2 1 0 1 1 1 0 3 2 0 1 2 1 2 1 
		1 0 1 2 0 1 1 1 1 0 2 1 0 1 2 1 
		0 1 1 1 0 2 1 0 2 1 0 2 1 0 1 1 
		0 6 1 1 1 2 0 3 2 0 1 1 0 1 1 0 
		7 1 0 2 1 0 1 2 0 1 2 1 0 1 2 0 
		2 1 1 2 1 1 1 2 1 0 2 1 0 15 2 0 
		3 1 0 3 1 2 0 4 2 0 2 1 0 3 1 0 
		4 1 0 1 1 0 1 1 0 2 1 0 9 1 1 0 
		2 2 0 1 2 1 0 4 2 1 1 0 1 1 1 1 
		0 2 1 1 0 4 2 1 1 0 1 1 0 5 1 1 
		0 4 1 1 1 3 0 2 1 0 1 1 0 4 1 0 
		1 3 0 4 2 1 0 3 1 0 12 2 0 1 2 0 
		1 1 0 1 1 0 1 1 2 0 2 1 0 2 3 1 
		0 2 1 0 2 1 2 1 0 1 2 2 0 1 1 1 
		2 0 2 1 0 1 1 1 0 1 1 0 1 1 0 9 
		1 0 3 1 2 0 2 1 0 1 2 0 5 2 0 2 
		1 0 1 1 0 1 1 0 8 1 0 1 1 2 0 3 
		1 0 1 1 0 3 1 0 4 1 1 2 0 2 3 1 
		1 0 4 1 1 0 4 2 1 0 6 2 0 3 1 0 
		1 2 0 2 1 0 1 1 0 4 1 0 1 1 1 0 
		2 2 0 1 1 0 1 1 0 1 1 0 4 1 2 0 
		1 1 0 12 1 1 0 7 1 1 0 2 1 2 0 2 
		1 1 0 1 1 2 0 2 1 0 4 1 1 1 2 0 
		4 1 0 2 2 1 0 1 1 0 6 2 0 3 1 0 
		3 2 1 1 5 3 8 11 12 23 17 24 33 38 48 50 
		72 68 81 80 75 74 68 75 54 61 47 41 24 29 18 15 
		14 10 12 1 3 3 2 0 5 2 0 1 1 0 2 1 
		0 4 1 1 1 1 0 1 1 0 2 1 1 0 3 1 
		0 1 1 0 1 1 0 1 2 0 1 2 0 3 1 0 
		2 1 0 1 1 1 0 1 1 0 3 1 0 2 1 0 
		3 1 0 3 2 0 2 1 0 1 1 1 0 1 1 0 
		1 1 1 0 1 1 1 2 0 3 1 4 0 3 1 0 
		5 1 1 0 1 1 0 12 1 0 1 1 1 0 2 1 
		0 10 1 0 1 1 1 0 2 1 5 2 1 0 1 4 
		1 0 1 4 2 1 3 3 3 5 4 6 5 3 3 5 
		4 2 1 1 1 3 0 1 3 2 0 1 2 2 0 3 
		1 2 0 4 1 0 3 1 0 1 1 2 2 0 2 1 
		0 2 1 0 2 1 0 2 2 0 1 1 0 2 1 1 
		3 0 2 2 0 1 2 0 2 1 0 1 1 0 2 1 
		0 2 1 0 4 2 1 0 8 1 0 4 1 1 0 2 
		1 0 1 1 0 12 3 0 1 1 0 1 1 1 1 2 
		0 2 1 0 4 3 0 2 1 0 4 2 0 1 1 1 
		1 1 1 0 6 1 0 3 1 0 1 2 3 1 0 6 
		1 0 19 1 0 1 1 0 1 1 0 7 1 2 1 0 
		4 2 0 3 1 0 6 2 0 1 1 2 1 0 2 2 
		0 2 1 3 0 9 1 1 0 1 2 0 2 1 2 0 
		1 1 0 1 1 0 3 1 1 0 1 1 0 4 1 0 
		6 1 0 1 1 2 0 4 1 0 9 2 0 1 1 0 
		3 1 1 0 11 1 0 1 1 0 3 1 0 1 1 0 
		6 2 2 0 2 1 0 3 2 0 3 1 0 1 1 1 
		0 2 1 0 6 2 0 1 1 0 1 1 1 0 1 1 
		0 11 1 0 1 2 1 2 0 5 1 1 0 3 1 0 
		1 2 0 3 1 0 7 1 0 1 1 1 0 2 1 1 
		0 1 1 0 2 2 0 1 2 1 0 7 1 0 6 1 
		0 5 1 0 1 1 0 1 1 0 1 1 0 4 1 1 
		1 0 8 1 0 2 1 0 3 1 1 0 1 3 1 0 
		7 1 1 0 3 1 0 6 1 0 2 1 0 4 1 0 
		1 1 1 0 4 1 0 3 1 0 7 1 3 0 2 1 
		0 6 1 0 3 2 0 4 1 2 1 0 1 1 0 1 
		1 0 1 2 3 1 0 16 1 0 1 2 0 2 2 0 
		8 1 0 3 1 0 3 1 1 0 2 1 0 1 1 0 
		4 1 1 0 2 2 2 0 1 1 0 2 4 1 0 2 
		1 0 6 1 0 5 1 1 1 0 3 1 2 0 4 1 
		1 0 3 2 0 3 1 0 4 2 2 0 4 1 0 2 
		1 0 1 3 0 4 1 0 1 1 0 1 1 0 5 1 
		0 4 1 0 1 1 2 1 0 8 1 1 0 3 1 1 
		0 11 1 0 5 1 1 1 2 1 0 3 1 1 0 1 
		1 2 0 2 1 2 1 2 0 4 1 0 7 2 0 2 
		1 0 2 1 0 9 1 0 1 1 0 2 2 0 1 1 
		1 0 1 2 0 3 3 0 3 3 0 2 1 0 3 1 
		0 2 2 0 7 1 0 6 1 0 1 3 1 1 0 9 
		1 2 0 3 1 0 2 1 0 7 3 0 1 1 0 4 
		1 1 0 6 2 0 6 1 1 1 0 4 1 0 3 1 
		0 8 1 0 2 1 1 2 2 2 0 1 1 0 2 2 
		0 1 1 0 9 2 0 17 2 0 3 1 0 2 1 0 
		2 1 0 4 1 0 1 1 2 0 1 3 1 0 2 1 
		1 1 1 0 1 2 0 6 1 0 3 1 0 6 1 0 
		3 1 0 4 1 0 5 1 0 5 1 0 1 1 0 3 
		1 1 0 5 1 0 1 1 0 4 4 1 1 1 1 1 
		0 1 2 1 0 4 1 0 9 1 0 4 1 0 3 1 
		1 0 4 2 1 0 5 1 2 1 0 4 1 0 2 2 
		0 1 1 0 1 1 2 0 3 1 0 2 1 0 1 2 
		0 4 1 2 0 2 1 0 5 1 1 0 3 1 0 7 
		1 1 0 4 1 1 0 1 1 1 0 4 2 1 0 4 
		1 0 2 1 0 2 1 0 7 1 0 3 1 0 5 1 
		0 1 1 0 8 1 1 0 6 1 0 1 3 1 1 0 
		4 1 0 4 1 0 2 1 0 1 1 1 0 2 1 0 
		1 1 0 5 1 0 2 1 0 3 1 1 0 4 1 0 
		2 1 0 2 2 0 1 1 0 4 1 0 3 1 0 2 
		1 0 1 1 0 4 1 1 0 5 2 0 1 2 3 0 
		3 1 0 1 2 0 2 1 0 9 2 1 0 4 1 0 
		3 1 0 1 2 0 1 1 0 5 1 0 2 1 2 0 
		2 2 0 2 1 0 3 1 0 6 2 0 1 2 0 7 
		1 0 3 1 0 4 1 1 1 0 1 1 0 1 1 0 
		4 2 0 1 1 1 1 0 9 1 0 4 2 0 2 1 
		0 4 1 2 0 5 1 0 3 1 0 2 1 0 4 1 
		1 0 2 2 0 4 1 0 2 1 0 5 1 0 2 1 
		0 5 1 0 2 1 0 4 1 1 0 1 1 0 10 1 
		0 3 2 2 1 0 3 2 0 2 2 0 11 2 0 7 
		1 1 0 1 1 0 11 1 1 0 3 1 0 1 1 0 
		2 1 0 1 2 0 6 1 0 1 1 0 5 1 0 1 
		1 0 2 2 0 2 2 0 2 1 0 1 1 0 2 1 
		0 9 1 1 0 4 1 2 0 1 1 0 9 1 1 0 
		9 1 0 3 1 1 0 3 1 1 0 1 1 0 1 1 
		2 0 8 1 0 4 2 0 3 1 0 2 1 1 0 2 
		1 0 14 1 0 5 1 0 1 1 1 0 6 1 0 8 
		1 1 0 11 2 1 0 10 1 0 4 1 0 3 1 0 
		5 1 0 6 1 1 0 5 1 0 1 1 1 1 0 3 
		1 0 3 1 0 13 1 0 9 1 1 1 0 3 1 0 
		3 2 0 1 1 0 2 2 0 5 2 0 7 2 0 2 
		2 0 6 2 0 9 3 0 6 1 2 4 0 1 1 0 
		3 2 0 2 2 0 1 1 0 1 3 0 5 1 2 0 
		4 1 1 3 1 0 1 1 0 4 1 0 4 2 0 7 
		1 0 8 1 0 6 1 0 1 1 1 0 1 1 0 7 
		1 0 9 1 0 6 1 0 1 1 0 4 1 0 1 1 
		0 5 1 1 1 0 1 1 0 13 1 0 4 1 0 5 
		1 0 4 1 0 4 1 1 1 0 6 1 0 1 1 0 
		1 1 1 0 2 1 0 2 1 1 0 5 1 0 7 1 
		1 0 3 1 0 15 1 0 1 1 0 1 1 0 8 1 
		0 6 1 0 1 1 1 0 8 1 1 1 1 2 0 13 
		1 0 1 1 1 2 0 7 1 0 4 2 0 3 1 0 
		3 1 0 4 1 0 1 1 0 6 1 1 0 4 3 0 
		7 2 0 4 1 1 0 11 1 0 2 1 0 4 1 0 
		5 1 1 0 3 1 0 3 1 0 10 1 0 1 1 0 
		2 1 0 1 1 0 1 1 0 2 2 0 2 2 0 2 
		1 1 0 3 1 0 1 1 1 0 3 2 1 0 5 2 
		0 2 1 1 0 1 1 0 8 2 0 8 1 0 4 1 
		0 1 1 2 0 10 1 0 1 1 1 0 1 2 0 1 
		1 0 2 3 0 11 1 0 1 1 0 5 2 1 1 1 
		0 5 1 0 4 1 0 6 1 0 7 1 0 7 2 1 
		0 1 1 0 1 1 0 2 1 0 4 1 1 0 7 1 
		0 2 2 0 2 1 0 1 1 0 6 1 1 0 6 1 
		0 1 1 1 0 1 1 0 6 2 1 0 3 1 0 2 
		1 1 0 1 1 0 2 1 0 1 3 0 1 3 0 1 
		1 0 1 1 3 2 1 2 2 1 1 0 1 2 1 0 
		2 4 0 4 2 0 5 1 0 1 1 0 5 1 0 1 
		1 0 6 2 1 0 1 1 0 2 2 0 6 1 0 7 
		1 1 0 2 1 1 0 4 1 0 1 1 0 2 1 0 
		3 2 0 2 1 0 1 1 0 6 1 0 2 1 0 2 
		1 0 2 1 0 3 1 0 18 1 0 12 1 0 5 1 
		0 11 1 0 2 1 0 1 1 0 6 3 0 1 1 0 
		4 1 1 0 3 1 1 0 6 2 1 0 16 1 0 1 
		1 0 2 1 0 1 1 0 1 1 1 1 0 1 1 0 
		2 1 0 3 1 0 6 1 0 4 1 2 0 3 1 0 
		2 2 1 0 2 2 0 2 1 0 2 1 0 1 1 1 
		0 1 1 0 1 1 0 11 1 1 0 14 1 0 13 1 
		0 4 1 0 14 1 0 12 1 0 2 1 0 7 1 1 
		0 1 1 1 0 11 1 0 19 1 0 1 1 0 3 2 
		1 0 7 1 0 10 1 1 2 0 4 2 0 24 2 0 
		4 1 1 0 14 1 0 7 1 1 1 0 3 3 0 4 
		1 0 9 1 0 1 1 0 5 2 1 1 0 3 1 0 
		6 1 1 0 1 1 1 0 1 1 0 2 1 0 1 1 
		0 2 1 0 12 1 0 2 1 0 2 1 0 5 1 0 
		9 1 1 0 3 3 0 2 1 2 0 7 1 0 23 1 
		0 3 2 0 1 2 0 1 1 0 1 2 1 3 2 0 
		3 1 1 1 0 4 1 1 1 0 4 1 1 0 1 1 
		0 3 1 0 11 1 0 1 1 1 1 0 1 2 0 1 
		3 1 2 0 3 3 2 1 1 2 1 3 0 4 1 0 
		8 1 0 2 1 1 0 1 1 0 1 1 0 6 1 0 
		1 1 0 22 1 2 0 1 1 0 2 1 0 1 1 0 
		4 1 0 18 1 0 12 1 1 0 3 1 0 1 1 1 
		0 2 1 0 2 1 0 1 1 0 2 3 0 2 1 0 
		5 1 0 4 1 0 2 1 0 1 1 0 1 2 0 8 
		1 0 2 1 0 5 1 0 14 1 0 2 1 0 2 2 
		0 5 1 0 2 1 0 1 1 0 5 1 0 6 1 1 
		0 6 2 0 2 1 1 0 3 2 0 2 1 0 5 1 
		1 0 5 1 0 4 1 0 7 1 0 1 1 0 4 1 
		1 1 0 5 1 1 0 1 1 0 3 1 0 19 1 0 
		3 1 1 0 8 1 1 0 1 1 0 2 1 0 3 2 
		0 1 1 0 1 2 0 7 2 0 2 1 0 8 2 0 
		4 1 0 2 1 0 6 1 0 4 1 0 8 1 0 3 
		1 0 3 1 0 1 1 0 3 2 0 2 1 0 17 1 
		0 18 1 2 0 3 1 0 1 2 0 7 1 0 7 1 
		0 7 1 0 5 1 0 11 1 0 1 1 0 1 1 0 
		4 1 0 7 1 0 3 1 0 3 1 0 2 1 0 2 
		1 0 9 1 1 0 5 2 0 1 1 0 4 1 1 0 
		6 1 0 3 2 0 3 1 0 3 1 0 1 1 0 11 
		1 0 14 1 1 1 0 2 1 0 1 1 0 6 1 0 
		1 1 0 1 1 0 25 1 0 15 3 0 7 2 0 9 
		1 1 1 0 1 1 0 2 1 0 3 2 0 6 1 0 
		3 1 0 8 1 0 5 1 0 11 2 0 1 1 0 1 
		1 0 2 1 1 1 2 0 1 1 0 11 1 0 4 3 
		1 0 12 1 0 3 1 0 1 1 0 3 2 0 2 1 
		0 4 1 0 1 1 0 2 1 0 3 1 0 4 1 0 
		6 1 0 14 1 0 9 1 0 8 1 0 3 1 0 2 
		1 0 4 1 0 2 1 1 0 2 1 0 6 1 0 2 
		1 0 10 1 0 1 1 0 8 2 1 0 5 1 0 12 
		3 0 8 1 0 3 1 0 5 1 0 7 2 1 0 5 
		1 0 11 3 0 5 3 1 0 1 1 1 0 4 1 0 
		6 1 0 10 1 0 5 1 1 0 2 1 0 2 1 0 
		3 1 0 5 1 0 6 1 0 1 1 0 1 1 0 3 
		1 0 15 1 0 9 1 0 17 1 0 1 1 3 0 8 
		1 0 4 1 0 5 2 2 0 11 1 0 4 3 0 5 
		1 0 4 1 0 1 1 0 1 2 1 0 7 1 2 0 
		9 1 1 0 1 2 0 2 1 0 4 1 0 4 1 0 
		4 2 0 10 1 0 8 1 0 9 1 1 0 9 1 0 
		1 2 1 0 2 1 0 9 1 0 4 2 1 0 9 1 
		1 0 13 2 0 1 1 1 0 3 1 0 3 1 1 1 
		0 11 1 0 2 1 0 12 1 0 1 1 0 2 1 0 
		1 1 0 21 1 0 16 1 0 10 1 1 0 2 1 0 
		4 1 0 3 1 0 17 1 0 5 1 0 19 1 0 3 
		1 0 4 1 1 0 1 1 0 1 1 1 0 3 1 1 
		0 6 2 0 3 1 0 3 1 0 13 2 0 5 1 0 
		11 1 0 1 1 0 1 1 0 6 1 0 1 1 0 7 
		1 0 4 2 0 1 1 0 1 2 0 2 1 0 5 2 
		0 6 1 0 1 1 1 0 3 2 0 2 2 1 0 1 
		1 0 2 1 0 2 1 0 3 1 1 0 2 1 1 0 
		12 1 0 4 1 0 3 1 0 1 1 0 1 1 1 0 
		4 1 0 5 1 1 0 3 2 1 1 0 5 1 1 0 
		3 1 0 4 1 0 6 1 0 6 1 3 0 7 1 1 
		1 1 0 1 2 0 16 1 0 1 1 0 2 2 0 11 
		1 0 1 1 0 1 1 0 3 1 0 1 1 0 18 1 
		0 6 1 1 0 9 1 1 0 5 1 0 1 1 0 3 
		2 0 4 1 0 5 1 0 4 1 2 0 4 1 0 2 
		1 1 1 1 1 1 1 1 3 0 1 1 0 4 1 1 
		1 2 0 1 2 2 1 0 1 1 0 1 1 0 3 1 
		1 0 2 1 0 8 1 0 6 2 1 0 5 3 1 0 
		4 1 0 1 1 0 1 1 0 2 1 0 12 2 0 11 
		1 0 11 2 2 0 5 1 2 1 0 8 1 0 5 1 
		0 13 1 0 6 2 0 3 1 0 3 1 0 5 1 0 
		12 1 0 10 1 0 4 1 0 2 1 0 1 1 0 2 
		2 0 1 1 0 14 1 3 0 1 1 0 4 1 0 7 
		1 0 3 2 0 13 1 0 12 2 1 0 3 1 0 1 
		2 1 2 1 0 3 1 1 0 2 1 1 0 4 1 0 
		5 1 0 2 1 0 4 1 0 2 3 0 3 1 0 8 
		1 0 4 1 0 1 1 0 9 1 1 0 4 1 0 1 
		1 1 0 6 1 0 7 1 0 4 1 0 11 2 1 0 
		1 1 1 2 0 2 1 0 8 1 0 2 1 0 2 1 
		0 2 1 0 1 2 0 1 1 0 4 1 0 5 2 0 
		5 1 0 7 1 0 6 2 0 1 1 0 2 1 0 5 
		1 0 3 3 0 9 1 0 2 2 0 4 3 0 7 1 
		0 2 2 1 0 1 1 0 18 1 0 3 2 1 0 5 
		1 0 4 1 0 1 1 1 0 7 1 0 1 1 0 5 
		2 2 0 4 2 0 2 1 0 5 1 2 0 5 1 0 
		1 2 0 2 1 0 1 1 0 3 2 0 6 1 1 0 
		3 1 2 0 12 1 0 1 1 0 1 1 1 1 0 1 
		1 0 1 1 1 0 1 1 0 1 1 0 2 1 1 2 
		0 3 1 0 1 1 1 0 6 1 0 1 2 0 1 2 
		0 8 1 0 8 2 0 5 1 0 3 1 0 11 1 0 
		4 2 0 10 1 0 7 1 1 0 1 1 0 7 1 0 
		6 1 0 3 1 0 7 1 0 3 1 0 5 1 0 12 
		1 0 2 1 0 6 1 0 5 1 0 1 1 0 15 2 
		1 0 6 1 0 1 1 3 0 6 1 0 2 1 0 3 
		1 1 0 7 1 0 2 1 2 0 1 1 0 5 1 0 
		8 1 0 4 1 0 1 1 0 5 1 0 18 1 0 4 
		1 0 4 1 0 4 1 0 8 1 0 2 1 0 3 1 
		0 6 1 0 13 1 0 3 1 0 4 1 0 1 1 2 
		0 19 1 0 9 1 2 0 13 1 0 7 1 0 2 1 
		0 1 1 2 0 1 1 0 3 1 0 3 1 0 1 1 
		1 0 7 2 0 4 1 0 6 1 0 14 2 0 1 2 
		0 9 3 0 3 1 1 2 0 1 1 0 12 1 0 1 
		1 0 4 1 1 1 0 1 1 1 0 2 1 1 1 0 
		6 1 1 1 1 0 3 2 0 2 2 0 3 1 0 7 
		1 0 18 1 2 0 3 1 0 3 1 0 3 1 0 4 
		1 0 8 1 0 1 1 0 14 1 0 6 1 0 3 1 
		0 3 1 0 1 1 0 4 1 0 2 1 0 4 1 0 
		1 1 0 2 1 0 17 1 0 15 1 0 2 1 0 11 
		1 0 5 2 0 8 1 0 1 1 0 3 2 0 6 1 
		1 0 2 1 0 1 1 0 1 2 0 3 1 0 6 2 
		0 3 1 0 5 1 2 0 17 1 0 1 1 0 1 1 
		1 0 7 1 0 7 2 1 2 0 4 2 1 1 2 0 
		5 2 0 1 1 0 8 1 0 3 1 0 2 1 0 7 
		1 0 4 2 0 1 1 0 1 1 0 1 1 0 1 1 
		0 1 1 0 1 1 0 7 1 0 1 1 0 3 2 1 
		0 6 1 0 26 1 0 1 1 0 3 1 0 1 1 0 
		7 1 0 10 1 0 1 1 0 3 1 0 1 1 1 0 
		8 1 0 5 2 0 30 1 0 14 1 0 8 1 0 4 
		1 0 4 1 0 5 1 0 1 1 0 7 1 0 1 1 
		1 0 24 1 0 2 1 0 2 1 0 1 1 0 11 1 
		0 5 2 0 8 1 0 1 1 0 1 1 0 15 1 1 
		0 8 1 0 6 1 0 7 1 0 7 1 0 5 1 0 
		19 1 0 2 1 0 5 1 0 5 1 0 3 1 0 2 
		1 0 1 1 0 13 1 1 1 0 7 1 0 1 1 0 
		4 1 0 7 2 0 8 1 0 12 1 0 1 2 0 7 
		1 0 3 1 0 6 1 0 3 2 0 4 1 0 5 1 
		0 19 1 0 1 1 0 2 1 0 4 1 0 4 1 1 
		1 0 3 1 0 5 1 0 1 2 0 1 1 1 0 3 
		1 0 6 1 0 9 1 0 6 1 0 8 1 0 3 1 
		0 11 1 0 2 1 1 0 13 1 0 10 2 0 3 1 
		1 0 12 1 0 11 1 0 27 1 0 1 1 1 0 2 
		1 0 3 1 0 18 1 0 6 1 0 24 1 0 2 1 
		0 5 2 0 55 1 0 5 1 0 6 1 0 8 1 0 
		9 2 0 18 3 0 41 1 3 0 7 1 0 7 1 0 
		2 1 0 3 1 0 5 1 0 6 1 0 7 1 0 1 
		1 0 25 1 0 20 1 0 3 1 0 15 2 1 2 0 
		13 1 0 32 1 1 0 14 1 1 0 6 1 0 2 1 
		0 4 1 0 8 1 0 4 1 0 36 1 0 5 1 0 
		26 1 0 31 1 0 33 1 0 19 1 0 12 1 0 6 
		1 1 0 4 1 0 19 1 0 14 1 0 1 1 0 21 
		1 0 9 1 0 13 1 0 9 1 0 21 1 0 25 1 
		0 15 1 0 13 1 0 6 1 0 13 1 0 9 2 0 
		34 1 0 5 1 0 19 1 0 29 1 0 8 1 0 4 
		1 0 11 2 0 2 1 0 13 1 0 4 1 0 7 1 
		0 18 1 0 31 1 0 39 1 0 16 1 0 4 1 0 
		18 1 0 9 1 0 6 1 2 2 0 10 3 0 16 1 
		0 2 1 0 7 1 0 20 1 0 9 1 0 6 1 0 
		9 1 0 2 1 0 2 1 0 11 1 0 1 1 0 17 
		1 0 2 1 0 18 1 0 6 1 0 5 1 0 24 1 
		0 3 1 0 3 1 0 25 1 0 3 1 0 8 1 0 38 