	      x (m)	      y (m)	 Mesure (V)
0	-2.0000e-02	-2.0000e-02	 3.0833e-01
1	-1.8000e-02	-2.0000e-02	 3.5764e-01
2	-1.6000e-02	-2.0000e-02	 4.1943e-01
3	-1.4000e-02	-2.0000e-02	 4.6710e-01
4	-1.2000e-02	-2.0000e-02	 5.6177e-01
5	-1.0000e-02	-2.0000e-02	 6.3836e-01
6	-8.0000e-03	-2.0000e-02	 6.5545e-01
7	-6.0000e-03	-2.0000e-02	 6.9424e-01
8	-4.0000e-03	-2.0000e-02	 7.4552e-01
9	-2.0000e-03	-2.0000e-02	 7.8397e-01
10	 0.0000e+00	-2.0000e-02	 7.5505e-01
11	 2.0000e-03	-2.0000e-02	 7.5735e-01
12	 4.0000e-03	-2.0000e-02	 7.3368e-01
13	 6.0000e-03	-2.0000e-02	 6.7057e-01
14	 8.0000e-03	-2.0000e-02	 6.4559e-01
15	 1.0000e-02	-2.0000e-02	 6.0844e-01
16	 1.2000e-02	-2.0000e-02	 5.1969e-01
17	 1.4000e-02	-2.0000e-02	 4.4573e-01
18	 1.6000e-02	-2.0000e-02	 3.7867e-01
19	 1.8000e-02	-2.0000e-02	 3.3528e-01
20	 2.0000e-02	-2.0000e-02	 2.7940e-01
21	-2.0000e-02	-1.8000e-02	 3.6323e-01
22	-1.8000e-02	-1.8000e-02	 3.8788e-01
23	-1.6000e-02	-1.8000e-02	 4.5987e-01
24	-1.4000e-02	-1.8000e-02	 5.2725e-01
25	-1.2000e-02	-1.8000e-02	 6.2948e-01
26	-1.0000e-02	-1.8000e-02	 7.0903e-01
27	-8.0000e-03	-1.8000e-02	 7.3697e-01
28	-6.0000e-03	-1.8000e-02	 7.0344e-01
29	-4.0000e-03	-1.8000e-02	 6.5676e-01
30	-2.0000e-03	-1.8000e-02	 6.9325e-01
31	 0.0000e+00	-1.8000e-02	 6.9687e-01
32	 2.0000e-03	-1.8000e-02	 6.9325e-01
33	 4.0000e-03	-1.8000e-02	 6.2455e-01
34	 6.0000e-03	-1.8000e-02	 6.8865e-01
35	 8.0000e-03	-1.8000e-02	 7.1889e-01
36	 1.0000e-02	-1.8000e-02	 6.5348e-01
37	 1.2000e-02	-1.8000e-02	 5.7163e-01
38	 1.4000e-02	-1.8000e-02	 5.1739e-01
39	 1.6000e-02	-1.8000e-02	 4.4540e-01
40	 1.8000e-02	-1.8000e-02	 3.9905e-01
41	 2.0000e-02	-1.8000e-02	 3.3791e-01
42	-2.0000e-02	-1.6000e-02	 3.9774e-01
43	-1.8000e-02	-1.6000e-02	 4.1023e-01
44	-1.6000e-02	-1.6000e-02	 5.2133e-01
45	-1.4000e-02	-1.6000e-02	 6.1502e-01
46	-1.2000e-02	-1.6000e-02	 6.6662e-01
47	-1.0000e-02	-1.6000e-02	 6.7977e-01
48	-8.0000e-03	-1.6000e-02	 7.2744e-01
49	-6.0000e-03	-1.6000e-02	 8.5465e-01
50	-4.0000e-03	-1.6000e-02	 8.9705e-01
51	-2.0000e-03	-1.6000e-02	 8.8160e-01
52	 0.0000e+00	-1.6000e-02	 8.8587e-01
53	 2.0000e-03	-1.6000e-02	 9.1119e-01
54	 4.0000e-03	-1.6000e-02	 9.0067e-01
55	 6.0000e-03	-1.6000e-02	 8.4906e-01
56	 8.0000e-03	-1.6000e-02	 7.0245e-01
57	 1.0000e-02	-1.6000e-02	 6.3375e-01
58	 1.2000e-02	-1.6000e-02	 6.5019e-01
59	 1.4000e-02	-1.6000e-02	 5.9595e-01
60	 1.6000e-02	-1.6000e-02	 5.1509e-01
61	 1.8000e-02	-1.6000e-02	 4.5165e-01
62	 2.0000e-02	-1.6000e-02	 3.6947e-01
63	-2.0000e-02	-1.4000e-02	 3.7703e-01
64	-1.8000e-02	-1.4000e-02	 4.8452e-01
65	-1.6000e-02	-1.4000e-02	 5.8642e-01
66	-1.4000e-02	-1.4000e-02	 6.3671e-01
67	-1.2000e-02	-1.4000e-02	 6.5841e-01
68	-1.0000e-02	-1.4000e-02	 8.0567e-01
69	-8.0000e-03	-1.4000e-02	 8.8489e-01
70	-6.0000e-03	-1.4000e-02	 7.5209e-01
71	-4.0000e-03	-1.4000e-02	 6.8339e-01
72	-2.0000e-03	-1.4000e-02	 8.2967e-01
73	 0.0000e+00	-1.4000e-02	 8.9409e-01
74	 2.0000e-03	-1.4000e-02	 8.1060e-01
75	 4.0000e-03	-1.4000e-02	 6.7090e-01
76	 6.0000e-03	-1.4000e-02	 7.6721e-01
77	 8.0000e-03	-1.4000e-02	 8.6648e-01
78	 1.0000e-02	-1.4000e-02	 7.1823e-01
79	 1.2000e-02	-1.4000e-02	 6.2915e-01
80	 1.4000e-02	-1.4000e-02	 6.4263e-01
81	 1.6000e-02	-1.4000e-02	 5.7097e-01
82	 1.8000e-02	-1.4000e-02	 4.9241e-01
83	 2.0000e-02	-1.4000e-02	 4.0366e-01
84	-2.0000e-02	-1.2000e-02	 3.8886e-01
85	-1.8000e-02	-1.2000e-02	 5.4106e-01
86	-1.6000e-02	-1.2000e-02	 6.0253e-01
87	-1.4000e-02	-1.2000e-02	 6.2488e-01
88	-1.2000e-02	-1.2000e-02	 7.4552e-01
89	-1.0000e-02	-1.2000e-02	 8.6385e-01
90	-8.0000e-03	-1.2000e-02	 6.7846e-01
91	-6.0000e-03	-1.2000e-02	 9.4307e-01
92	-4.0000e-03	-1.2000e-02	 1.1949e+00
93	-2.0000e-03	-1.2000e-02	 1.2070e+00
94	 0.0000e+00	-1.2000e-02	 1.1876e+00
95	 2.0000e-03	-1.2000e-02	 1.2067e+00
96	 4.0000e-03	-1.2000e-02	 1.1442e+00
97	 6.0000e-03	-1.2000e-02	 8.4446e-01
98	 8.0000e-03	-1.2000e-02	 6.6958e-01
99	 1.0000e-02	-1.2000e-02	 8.3821e-01
100	 1.2000e-02	-1.2000e-02	 6.7386e-01
101	 1.4000e-02	-1.2000e-02	 6.4394e-01
102	 1.6000e-02	-1.2000e-02	 6.2192e-01
103	 1.8000e-02	-1.2000e-02	 5.1246e-01
104	 2.0000e-02	-1.2000e-02	 4.2634e-01
105	-2.0000e-02	-1.0000e-02	 4.6118e-01
106	-1.8000e-02	-1.0000e-02	 6.0516e-01
107	-1.6000e-02	-1.0000e-02	 6.0976e-01
108	-1.4000e-02	-1.0000e-02	 7.1297e-01
109	-1.2000e-02	-1.0000e-02	 7.8365e-01
110	-1.0000e-02	-1.0000e-02	 6.8898e-01
111	-8.0000e-03	-1.0000e-02	 9.5983e-01
112	-6.0000e-03	-1.0000e-02	 1.0801e+00
113	-4.0000e-03	-1.0000e-02	 5.3646e-01
114	-2.0000e-03	-1.0000e-02	 6.5446e-01
115	 0.0000e+00	-1.0000e-02	 8.3262e-01
116	 2.0000e-03	-1.0000e-02	 5.4862e-01
117	 4.0000e-03	-1.0000e-02	 7.6228e-01
118	 6.0000e-03	-1.0000e-02	 1.1748e+00
119	 8.0000e-03	-1.0000e-02	 8.3920e-01
120	 1.0000e-02	-1.0000e-02	 7.0410e-01
121	 1.2000e-02	-1.0000e-02	 8.2967e-01
122	 1.4000e-02	-1.0000e-02	 6.2915e-01
123	 1.6000e-02	-1.0000e-02	 6.1798e-01
124	 1.8000e-02	-1.0000e-02	 5.6045e-01
125	 2.0000e-02	-1.0000e-02	 4.4836e-01
126	-2.0000e-02	-8.0000e-03	 5.1312e-01
127	-1.8000e-02	-8.0000e-03	 6.0253e-01
128	-1.6000e-02	-8.0000e-03	 6.2324e-01
129	-1.4000e-02	-8.0000e-03	 7.7904e-01
130	-1.2000e-02	-8.0000e-03	 7.7609e-01
131	-1.0000e-02	-8.0000e-03	 8.7634e-01
132	-8.0000e-03	-8.0000e-03	 1.1041e+00
133	-6.0000e-03	-8.0000e-03	 6.1140e-01
134	-4.0000e-03	-8.0000e-03	 1.2843e+00
135	-2.0000e-03	-8.0000e-03	 1.4927e+00
136	 0.0000e+00	-8.0000e-03	 1.5203e+00
137	 2.0000e-03	-8.0000e-03	 1.3895e+00
138	 4.0000e-03	-8.0000e-03	 1.1081e+00
139	 6.0000e-03	-8.0000e-03	 6.2455e-01
140	 8.0000e-03	-8.0000e-03	 1.1462e+00
141	 1.0000e-02	-8.0000e-03	 7.3105e-01
142	 1.2000e-02	-8.0000e-03	 7.8069e-01
143	 1.4000e-02	-8.0000e-03	 6.8996e-01
144	 1.6000e-02	-8.0000e-03	 5.9792e-01
145	 1.8000e-02	-8.0000e-03	 5.6966e-01
146	 2.0000e-02	-8.0000e-03	 4.3916e-01
147	-2.0000e-02	-6.0000e-03	 5.5519e-01
148	-1.8000e-02	-6.0000e-03	 6.1272e-01
149	-1.6000e-02	-6.0000e-03	 6.4822e-01
150	-1.4000e-02	-6.0000e-03	 7.7017e-01
151	-1.2000e-02	-6.0000e-03	 6.3803e-01
152	-1.0000e-02	-6.0000e-03	 1.0052e+00
153	-8.0000e-03	-6.0000e-03	 6.8536e-01
154	-6.0000e-03	-6.0000e-03	 1.3973e+00
155	-4.0000e-03	-6.0000e-03	 1.5939e+00
156	-2.0000e-03	-6.0000e-03	 2.0423e+00
157	 0.0000e+00	-6.0000e-03	 1.9884e+00
158	 2.0000e-03	-6.0000e-03	 1.9479e+00
159	 4.0000e-03	-6.0000e-03	 1.5121e+00
160	 6.0000e-03	-6.0000e-03	 1.0686e+00
161	 8.0000e-03	-6.0000e-03	 9.6016e-01
162	 1.0000e-02	-6.0000e-03	 8.5991e-01
163	 1.2000e-02	-6.0000e-03	 6.5446e-01
164	 1.4000e-02	-6.0000e-03	 7.6491e-01
165	 1.6000e-02	-6.0000e-03	 6.1074e-01
166	 1.8000e-02	-6.0000e-03	 6.0811e-01
167	 2.0000e-02	-6.0000e-03	 5.1969e-01
168	-2.0000e-02	-4.0000e-03	 5.7722e-01
169	-1.8000e-02	-4.0000e-03	 6.4033e-01
170	-1.6000e-02	-4.0000e-03	 7.1067e-01
171	-1.4000e-02	-4.0000e-03	 8.0008e-01
172	-1.2000e-02	-4.0000e-03	 6.0877e-01
173	-1.0000e-02	-4.0000e-03	 1.0703e+00
174	-8.0000e-03	-4.0000e-03	 6.9982e-01
175	-6.0000e-03	-4.0000e-03	 1.6245e+00
176	-4.0000e-03	-4.0000e-03	 1.9174e+00
177	-2.0000e-03	-4.0000e-03	 1.8493e+00
178	 0.0000e+00	-4.0000e-03	 1.7366e+00
179	 2.0000e-03	-4.0000e-03	 1.8934e+00
180	 4.0000e-03	-4.0000e-03	 1.7261e+00
181	 6.0000e-03	-4.0000e-03	 1.4684e+00
182	 8.0000e-03	-4.0000e-03	 7.4091e-01
183	 1.0000e-02	-4.0000e-03	 9.5293e-01
184	 1.2000e-02	-4.0000e-03	 5.9990e-01
185	 1.4000e-02	-4.0000e-03	 8.1027e-01
186	 1.6000e-02	-4.0000e-03	 6.5282e-01
187	 1.8000e-02	-4.0000e-03	 6.3671e-01
188	 2.0000e-02	-4.0000e-03	 5.1640e-01
189	-2.0000e-02	-2.0000e-03	 5.4993e-01
190	-1.8000e-02	-2.0000e-03	 6.2948e-01
191	-1.6000e-02	-2.0000e-03	 6.5348e-01
192	-1.4000e-02	-2.0000e-03	 7.8332e-01
193	-1.2000e-02	-2.0000e-03	 5.9628e-01
194	-1.0000e-02	-2.0000e-03	 1.0670e+00
195	-8.0000e-03	-2.0000e-03	 6.7616e-01
196	-6.0000e-03	-2.0000e-03	 1.5624e+00
197	-4.0000e-03	-2.0000e-03	 1.8865e+00
198	-2.0000e-03	-2.0000e-03	 1.8424e+00
199	 0.0000e+00	-2.0000e-03	 1.7862e+00
200	 2.0000e-03	-2.0000e-03	 1.8825e+00
201	 4.0000e-03	-2.0000e-03	 1.6912e+00
202	 6.0000e-03	-2.0000e-03	 1.5492e+00
203	 8.0000e-03	-2.0000e-03	 7.9384e-01
204	 1.0000e-02	-2.0000e-03	 9.6772e-01
205	 1.2000e-02	-2.0000e-03	 5.8412e-01
206	 1.4000e-02	-2.0000e-03	 7.8660e-01
207	 1.6000e-02	-2.0000e-03	 5.9135e-01
208	 1.8000e-02	-2.0000e-03	 6.3145e-01
209	 2.0000e-02	-2.0000e-03	 5.2594e-01
210	-2.0000e-02	 0.0000e+00	 4.6940e-01
211	-1.8000e-02	 0.0000e+00	 6.1633e-01
212	-1.6000e-02	 0.0000e+00	 6.2718e-01
213	-1.4000e-02	 0.0000e+00	 8.1520e-01
214	-1.2000e-02	 0.0000e+00	 6.6662e-01
215	-1.0000e-02	 0.0000e+00	 9.2466e-01
216	-8.0000e-03	 0.0000e+00	 7.2251e-01
217	-6.0000e-03	 0.0000e+00	 1.3096e+00
218	-4.0000e-03	 0.0000e+00	 1.5587e+00
219	-2.0000e-03	 0.0000e+00	 1.8658e+00
220	 0.0000e+00	 0.0000e+00	 1.9312e+00
221	 2.0000e-03	 0.0000e+00	 1.7757e+00
222	 4.0000e-03	 0.0000e+00	 1.5298e+00
223	 6.0000e-03	 0.0000e+00	 1.2162e+00
224	 8.0000e-03	 0.0000e+00	 9.9336e-01
225	 1.0000e-02	 0.0000e+00	 8.6352e-01
226	 1.2000e-02	 0.0000e+00	 6.9489e-01
227	 1.4000e-02	 0.0000e+00	 7.5702e-01
228	 1.6000e-02	 0.0000e+00	 5.4007e-01
229	 1.8000e-02	 0.0000e+00	 6.0023e-01
230	 2.0000e-02	 0.0000e+00	 4.7959e-01
231	-2.0000e-02	 2.0000e-03	 4.7992e-01
232	-1.8000e-02	 2.0000e-03	 6.3704e-01
233	-1.6000e-02	 2.0000e-03	 6.0943e-01
234	-1.4000e-02	 2.0000e-03	 8.0764e-01
235	-1.2000e-02	 2.0000e-03	 7.8825e-01
236	-1.0000e-02	 2.0000e-03	 7.2546e-01
237	-8.0000e-03	 2.0000e-03	 1.1479e+00
238	-6.0000e-03	 2.0000e-03	 5.7886e-01
239	-4.0000e-03	 2.0000e-03	 1.3431e+00
240	-2.0000e-03	 2.0000e-03	 1.3263e+00
241	 0.0000e+00	 2.0000e-03	 1.3783e+00
242	 2.0000e-03	 2.0000e-03	 1.3684e+00
243	 4.0000e-03	 2.0000e-03	 1.2133e+00
244	 6.0000e-03	 2.0000e-03	 6.9062e-01
245	 8.0000e-03	 2.0000e-03	 1.1278e+00
246	 1.0000e-02	 2.0000e-03	 6.2586e-01
247	 1.2000e-02	 2.0000e-03	 8.0830e-01
248	 1.4000e-02	 2.0000e-03	 7.1363e-01
249	 1.6000e-02	 2.0000e-03	 5.7853e-01
250	 1.8000e-02	 2.0000e-03	 6.2192e-01
251	 2.0000e-02	 2.0000e-03	 4.9339e-01
252	-2.0000e-02	 4.0000e-03	 5.0621e-01
253	-1.8000e-02	 4.0000e-03	 6.3014e-01
254	-1.6000e-02	 4.0000e-03	 6.9358e-01
255	-1.4000e-02	 4.0000e-03	 7.0344e-01
256	-1.2000e-02	 4.0000e-03	 8.7766e-01
257	-1.0000e-02	 4.0000e-03	 7.3500e-01
258	-8.0000e-03	 4.0000e-03	 9.1940e-01
259	-6.0000e-03	 4.0000e-03	 1.2054e+00
260	-4.0000e-03	 4.0000e-03	 7.6392e-01
261	-2.0000e-03	 4.0000e-03	 4.7038e-01
262	 0.0000e+00	 4.0000e-03	 6.2291e-01
263	 2.0000e-03	 4.0000e-03	 4.9405e-01
264	 4.0000e-03	 4.0000e-03	 8.5761e-01
265	 6.0000e-03	 4.0000e-03	 1.2014e+00
266	 8.0000e-03	 4.0000e-03	 8.3131e-01
267	 1.0000e-02	 4.0000e-03	 8.1422e-01
268	 1.2000e-02	 4.0000e-03	 8.8193e-01
269	 1.4000e-02	 4.0000e-03	 6.4855e-01
270	 1.6000e-02	 4.0000e-03	 6.7517e-01
271	 1.8000e-02	 4.0000e-03	 5.8675e-01
272	 2.0000e-02	 4.0000e-03	 4.4442e-01
273	-2.0000e-02	 6.0000e-03	 4.3883e-01
274	-1.8000e-02	 6.0000e-03	 5.6670e-01
275	-1.6000e-02	 6.0000e-03	 6.9950e-01
276	-1.4000e-02	 6.0000e-03	 6.7879e-01
277	-1.2000e-02	 6.0000e-03	 7.5965e-01
278	-1.0000e-02	 6.0000e-03	 8.8259e-01
279	-8.0000e-03	 6.0000e-03	 7.0245e-01
280	-6.0000e-03	 6.0000e-03	 9.2499e-01
281	-4.0000e-03	 6.0000e-03	 1.1817e+00
282	-2.0000e-03	 6.0000e-03	 1.2774e+00
283	 0.0000e+00	 6.0000e-03	 1.2698e+00
284	 2.0000e-03	 6.0000e-03	 1.2330e+00
285	 4.0000e-03	 6.0000e-03	 1.0959e+00
286	 6.0000e-03	 6.0000e-03	 8.0304e-01
287	 8.0000e-03	 6.0000e-03	 8.3361e-01
288	 1.0000e-02	 6.0000e-03	 9.2433e-01
289	 1.2000e-02	 6.0000e-03	 7.0739e-01
290	 1.4000e-02	 6.0000e-03	 6.7057e-01
291	 1.6000e-02	 6.0000e-03	 6.9489e-01
292	 1.8000e-02	 6.0000e-03	 5.3448e-01
293	 2.0000e-02	 6.0000e-03	 4.0136e-01
294	-2.0000e-02	 8.0000e-03	 4.1713e-01
295	-1.8000e-02	 8.0000e-03	 5.3021e-01
296	-1.6000e-02	 8.0000e-03	 6.2718e-01
297	-1.4000e-02	 8.0000e-03	 6.9687e-01
298	-1.2000e-02	 8.0000e-03	 6.9950e-01
299	-1.0000e-02	 8.0000e-03	 7.6392e-01
300	-8.0000e-03	 8.0000e-03	 9.1612e-01
301	-6.0000e-03	 8.0000e-03	 8.6977e-01
302	-4.0000e-03	 8.0000e-03	 7.4289e-01
303	-2.0000e-03	 8.0000e-03	 7.7280e-01
304	 0.0000e+00	 8.0000e-03	 8.3197e-01
305	 2.0000e-03	 8.0000e-03	 7.4453e-01
306	 4.0000e-03	 8.0000e-03	 7.4124e-01
307	 6.0000e-03	 8.0000e-03	 9.0067e-01
308	 8.0000e-03	 8.0000e-03	 9.1250e-01
309	 1.0000e-02	 8.0000e-03	 7.2218e-01
310	 1.2000e-02	 8.0000e-03	 7.0114e-01
311	 1.4000e-02	 8.0000e-03	 6.8832e-01
312	 1.6000e-02	 8.0000e-03	 5.7886e-01
313	 1.8000e-02	 8.0000e-03	 4.8846e-01
314	 2.0000e-02	 8.0000e-03	 3.7769e-01
315	-2.0000e-02	 1.0000e-02	 3.8130e-01
316	-1.8000e-02	 1.0000e-02	 4.7466e-01
317	-1.6000e-02	 1.0000e-02	 5.6505e-01
318	-1.4000e-02	 1.0000e-02	 6.1567e-01
319	-1.2000e-02	 1.0000e-02	 6.9194e-01
320	-1.0000e-02	 1.0000e-02	 7.2842e-01
321	-8.0000e-03	 1.0000e-02	 6.8273e-01
322	-6.0000e-03	 1.0000e-02	 8.4281e-01
323	-4.0000e-03	 1.0000e-02	 9.5589e-01
324	-2.0000e-03	 1.0000e-02	 9.9534e-01
325	 0.0000e+00	 1.0000e-02	 9.9435e-01
326	 2.0000e-03	 1.0000e-02	 9.8876e-01
327	 4.0000e-03	 1.0000e-02	 9.3452e-01
328	 6.0000e-03	 1.0000e-02	 7.9942e-01
329	 8.0000e-03	 1.0000e-02	 7.1889e-01
330	 1.0000e-02	 1.0000e-02	 7.5110e-01
331	 1.2000e-02	 1.0000e-02	 7.0607e-01
332	 1.4000e-02	 1.0000e-02	 6.1305e-01
333	 1.6000e-02	 1.0000e-02	 5.1772e-01
334	 1.8000e-02	 1.0000e-02	 4.5066e-01
335	 2.0000e-02	 1.0000e-02	 3.6717e-01
336	-2.0000e-02	 1.2000e-02	 3.6914e-01
337	-1.8000e-02	 1.2000e-02	 4.3390e-01
338	-1.6000e-02	 1.2000e-02	 5.1147e-01
339	-1.4000e-02	 1.2000e-02	 5.5651e-01
340	-1.2000e-02	 1.2000e-02	 6.1206e-01
341	-1.0000e-02	 1.2000e-02	 6.7912e-01
342	-8.0000e-03	 1.2000e-02	 7.7543e-01
343	-6.0000e-03	 1.2000e-02	 7.8036e-01
344	-4.0000e-03	 1.2000e-02	 6.6728e-01
345	-2.0000e-03	 1.2000e-02	 6.4230e-01
346	 0.0000e+00	 1.2000e-02	 6.5676e-01
347	 2.0000e-03	 1.2000e-02	 6.6202e-01
348	 4.0000e-03	 1.2000e-02	 7.4124e-01
349	 6.0000e-03	 1.2000e-02	 8.0041e-01
350	 8.0000e-03	 1.2000e-02	 7.5998e-01
351	 1.0000e-02	 1.2000e-02	 6.8010e-01
352	 1.2000e-02	 1.2000e-02	 6.1699e-01
353	 1.4000e-02	 1.2000e-02	 5.3514e-01
354	 1.6000e-02	 1.2000e-02	 4.7367e-01
355	 1.8000e-02	 1.2000e-02	 3.9347e-01
356	 2.0000e-02	 1.2000e-02	 3.3364e-01
357	-2.0000e-02	 1.4000e-02	 3.6881e-01
358	-1.8000e-02	 1.4000e-02	 4.1878e-01
359	-1.6000e-02	 1.4000e-02	 4.6480e-01
360	-1.4000e-02	 1.4000e-02	 5.1805e-01
361	-1.2000e-02	 1.4000e-02	 5.6834e-01
362	-1.0000e-02	 1.4000e-02	 6.2028e-01
363	-8.0000e-03	 1.4000e-02	 6.7944e-01
364	-6.0000e-03	 1.4000e-02	 7.2875e-01
365	-4.0000e-03	 1.4000e-02	 7.9910e-01
366	-2.0000e-03	 1.4000e-02	 8.5399e-01
367	 0.0000e+00	 1.4000e-02	 8.7075e-01
368	 2.0000e-03	 1.4000e-02	 8.4281e-01
369	 4.0000e-03	 1.4000e-02	 7.9548e-01
370	 6.0000e-03	 1.4000e-02	 7.1659e-01
371	 8.0000e-03	 1.4000e-02	 6.4723e-01
372	 1.0000e-02	 1.4000e-02	 5.9957e-01
373	 1.2000e-02	 1.4000e-02	 5.3021e-01
374	 1.4000e-02	 1.4000e-02	 5.1016e-01
375	 1.6000e-02	 1.4000e-02	 4.2075e-01
376	 1.8000e-02	 1.4000e-02	 3.7342e-01
377	 2.0000e-02	 1.4000e-02	 2.7612e-01
378	-2.0000e-02	 1.6000e-02	 2.9288e-01
379	-1.8000e-02	 1.6000e-02	 3.7144e-01
380	-1.6000e-02	 1.6000e-02	 4.3686e-01
381	-1.4000e-02	 1.6000e-02	 4.7038e-01
382	-1.2000e-02	 1.6000e-02	 5.5191e-01
383	-1.0000e-02	 1.6000e-02	 5.8280e-01
384	-8.0000e-03	 1.6000e-02	 6.1107e-01
385	-6.0000e-03	 1.6000e-02	 6.7517e-01
386	-4.0000e-03	 1.6000e-02	 7.2185e-01
387	-2.0000e-03	 1.6000e-02	 7.1659e-01
388	 0.0000e+00	 1.6000e-02	 7.2349e-01
389	 2.0000e-03	 1.6000e-02	 7.1955e-01
390	 4.0000e-03	 1.6000e-02	 7.0673e-01
391	 6.0000e-03	 1.6000e-02	 6.3277e-01
392	 8.0000e-03	 1.6000e-02	 5.5421e-01
393	 1.0000e-02	 1.6000e-02	 5.4434e-01
394	 1.2000e-02	 1.6000e-02	 4.9044e-01
395	 1.4000e-02	 1.6000e-02	 4.3127e-01
396	 1.6000e-02	 1.6000e-02	 3.8492e-01
397	 1.8000e-02	 1.6000e-02	 2.9157e-01
398	 2.0000e-02	 1.6000e-02	 2.3634e-01
399	-2.0000e-02	 1.8000e-02	 2.4292e-01
400	-1.8000e-02	 1.8000e-02	 3.0504e-01
401	-1.6000e-02	 1.8000e-02	 4.1155e-01
402	-1.4000e-02	 1.8000e-02	 4.5691e-01
403	-1.2000e-02	 1.8000e-02	 4.9635e-01
404	-1.0000e-02	 1.8000e-02	 5.3383e-01
405	-8.0000e-03	 1.8000e-02	 5.8741e-01
406	-6.0000e-03	 1.8000e-02	 6.1042e-01
407	-4.0000e-03	 1.8000e-02	 6.1305e-01
408	-2.0000e-03	 1.8000e-02	 6.3638e-01
409	 0.0000e+00	 1.8000e-02	 6.2685e-01
410	 2.0000e-03	 1.8000e-02	 6.0055e-01
411	 4.0000e-03	 1.8000e-02	 6.0286e-01
412	 6.0000e-03	 1.8000e-02	 5.7820e-01
413	 8.0000e-03	 1.8000e-02	 5.2331e-01
414	 1.0000e-02	 1.8000e-02	 4.8452e-01
415	 1.2000e-02	 1.8000e-02	 4.5033e-01
416	 1.4000e-02	 1.8000e-02	 3.9741e-01
417	 1.6000e-02	 1.8000e-02	 3.2345e-01
418	 1.8000e-02	 1.8000e-02	 2.4062e-01
419	 2.0000e-02	 1.8000e-02	 1.8309e-01
420	-2.0000e-02	 2.0000e-02	 1.8704e-01
421	-1.8000e-02	 2.0000e-02	 2.3569e-01
422	-1.6000e-02	 2.0000e-02	 3.2542e-01
423	-1.4000e-02	 2.0000e-02	 3.9018e-01
424	-1.2000e-02	 2.0000e-02	 4.2502e-01
425	-1.0000e-02	 2.0000e-02	 4.7071e-01
426	-8.0000e-03	 2.0000e-02	 5.0293e-01
427	-6.0000e-03	 2.0000e-02	 5.1542e-01
428	-4.0000e-03	 2.0000e-02	 5.4697e-01
429	-2.0000e-03	 2.0000e-02	 5.8182e-01
430	 0.0000e+00	 2.0000e-02	 5.7163e-01
431	 2.0000e-03	 2.0000e-02	 5.5914e-01
432	 4.0000e-03	 2.0000e-02	 5.2988e-01
433	 6.0000e-03	 2.0000e-02	 4.9241e-01
434	 8.0000e-03	 2.0000e-02	 4.5757e-01
435	 1.0000e-02	 2.0000e-02	 4.2601e-01
436	 1.2000e-02	 2.0000e-02	 3.8985e-01
437	 1.4000e-02	 2.0000e-02	 3.4547e-01
438	 1.6000e-02	 2.0000e-02	 2.7217e-01
439	 1.8000e-02	 2.0000e-02	 1.9230e-01
440	 2.0000e-02	 2.0000e-02	 1.4693e-01
