idx	    pos (m)	 Mesure (V)	pos Moteur (m)
0	-3.7500e-02	 4.7006e-02	 2.4250e+02
1	-3.7200e-02	 4.6677e-02	 2.4220e+02
2	-3.6900e-02	 5.1936e-02	 2.4190e+02
3	-3.6600e-02	 5.2594e-02	 2.4160e+02
4	-3.6300e-02	 5.5552e-02	 2.4130e+02
5	-3.6000e-02	 5.8839e-02	 2.4100e+02
6	-3.5700e-02	 5.6867e-02	 2.4070e+02
7	-3.5400e-02	 6.0811e-02	 2.4040e+02
8	-3.5100e-02	 7.1659e-02	 2.4010e+02
9	-3.4800e-02	 7.3302e-02	 2.3980e+02
10	-3.4500e-02	 6.9687e-02	 2.3950e+02
11	-3.4200e-02	 8.2506e-02	 2.3920e+02
12	-3.3900e-02	 8.1520e-02	 2.3890e+02
13	-3.3600e-02	 8.9081e-02	 2.3860e+02
14	-3.3300e-02	 1.0223e-01	 2.3830e+02
15	-3.3000e-02	 1.0880e-01	 2.3800e+02
16	-3.2700e-02	 1.2162e-01	 2.3770e+02
17	-3.2400e-02	 1.2820e-01	 2.3740e+02
18	-3.2100e-02	 1.4167e-01	 2.3710e+02
19	-3.1800e-02	 1.4167e-01	 2.3680e+02
20	-3.1500e-02	 1.5154e-01	 2.3650e+02
21	-3.1200e-02	 1.5811e-01	 2.3620e+02
22	-3.0900e-02	 1.6567e-01	 2.3590e+02
23	-3.0600e-02	 1.7520e-01	 2.3560e+02
24	-3.0300e-02	 2.0347e-01	 2.3530e+02
25	-3.0000e-02	 1.9295e-01	 2.3500e+02
26	-2.9700e-02	 2.0446e-01	 2.3470e+02
27	-2.9400e-02	 2.2024e-01	 2.3440e+02
28	-2.9100e-02	 2.1629e-01	 2.3410e+02
29	-2.8800e-02	 2.3536e-01	 2.3380e+02
30	-2.8500e-02	 2.2780e-01	 2.3350e+02
31	-2.8200e-02	 2.3667e-01	 2.3320e+02
32	-2.7900e-02	 2.4094e-01	 2.3290e+02
33	-2.7600e-02	 2.5935e-01	 2.3260e+02
34	-2.7300e-02	 2.6757e-01	 2.3230e+02
35	-2.7000e-02	 2.7940e-01	 2.3200e+02
36	-2.6700e-02	 2.9485e-01	 2.3170e+02
37	-2.6400e-02	 3.1326e-01	 2.3140e+02
38	-2.6100e-02	 3.1753e-01	 2.3110e+02
39	-2.5800e-02	 3.1556e-01	 2.3080e+02
40	-2.5500e-02	 3.3233e-01	 2.3050e+02
41	-2.5200e-02	 3.3463e-01	 2.3020e+02
42	-2.4900e-02	 3.3989e-01	 2.2990e+02
43	-2.4600e-02	 3.5139e-01	 2.2960e+02
44	-2.4300e-02	 3.5928e-01	 2.2930e+02
45	-2.4000e-02	 3.6323e-01	 2.2900e+02
46	-2.3700e-02	 3.7769e-01	 2.2870e+02
47	-2.3400e-02	 3.8229e-01	 2.2840e+02
48	-2.3100e-02	 3.6980e-01	 2.2810e+02
49	-2.2800e-02	 3.6092e-01	 2.2780e+02
50	-2.2500e-02	 3.6881e-01	 2.2750e+02
51	-2.2200e-02	 3.4909e-01	 2.2720e+02
52	-2.1900e-02	 3.5698e-01	 2.2690e+02
53	-2.1600e-02	 3.8229e-01	 2.2660e+02
54	-2.1300e-02	 4.0826e-01	 2.2630e+02
55	-2.1000e-02	 4.4277e-01	 2.2600e+02
56	-2.0700e-02	 4.8715e-01	 2.2570e+02
57	-2.0400e-02	 5.2495e-01	 2.2540e+02
58	-2.0100e-02	 5.6078e-01	 2.2510e+02
59	-1.9800e-02	 5.8971e-01	 2.2480e+02
60	-1.9500e-02	 6.1666e-01	 2.2450e+02
61	-1.9200e-02	 6.4953e-01	 2.2420e+02
62	-1.8900e-02	 6.3868e-01	 2.2390e+02
63	-1.8600e-02	 6.4460e-01	 2.2360e+02
64	-1.8300e-02	 6.2685e-01	 2.2330e+02
65	-1.8000e-02	 6.1502e-01	 2.2300e+02
66	-1.7700e-02	 5.7656e-01	 2.2270e+02
67	-1.7400e-02	 5.6177e-01	 2.2240e+02
68	-1.7100e-02	 5.6933e-01	 2.2210e+02
69	-1.6800e-02	 5.9497e-01	 2.2180e+02
70	-1.6500e-02	 6.3310e-01	 2.2150e+02
71	-1.6200e-02	 6.6038e-01	 2.2120e+02
72	-1.5900e-02	 6.9588e-01	 2.2090e+02
73	-1.5600e-02	 7.4289e-01	 2.2060e+02
74	-1.5300e-02	 7.7937e-01	 2.2030e+02
75	-1.5000e-02	 8.0435e-01	 2.2000e+02
76	-1.4700e-02	 8.0304e-01	 2.1970e+02
77	-1.4400e-02	 8.0403e-01	 2.1940e+02
78	-1.4100e-02	 7.9088e-01	 2.1910e+02
79	-1.3800e-02	 7.8299e-01	 2.1880e+02
80	-1.3500e-02	 7.8397e-01	 2.1850e+02
81	-1.3200e-02	 7.5669e-01	 2.1820e+02
82	-1.2900e-02	 7.3204e-01	 2.1790e+02
83	-1.2600e-02	 6.7353e-01	 2.1760e+02
84	-1.2300e-02	 6.3573e-01	 2.1730e+02
85	-1.2000e-02	 6.3080e-01	 2.1700e+02
86	-1.1700e-02	 6.7287e-01	 2.1670e+02
87	-1.1400e-02	 7.7609e-01	 2.1640e+02
88	-1.1100e-02	 8.7831e-01	 2.1610e+02
89	-1.0800e-02	 9.3945e-01	 2.1580e+02
90	-1.0500e-02	 1.0049e+00	 2.1550e+02
91	-1.0200e-02	 1.0742e+00	 2.1520e+02
92	-9.9000e-03	 1.1327e+00	 2.1490e+02
93	-9.6000e-03	 1.1222e+00	 2.1460e+02
94	-9.3000e-03	 1.0364e+00	 2.1430e+02
95	-9.0000e-03	 9.2795e-01	 2.1400e+02
96	-8.7000e-03	 7.8266e-01	 2.1370e+02
97	-8.4000e-03	 6.8273e-01	 2.1340e+02
98	-8.1000e-03	 7.6655e-01	 2.1310e+02
99	-7.8000e-03	 9.9665e-01	 2.1280e+02
100	-7.5000e-03	 1.1929e+00	 2.1250e+02
101	-7.2000e-03	 1.3517e+00	 2.1220e+02
102	-6.9000e-03	 1.4700e+00	 2.1190e+02
103	-6.6000e-03	 1.5469e+00	 2.1160e+02
104	-6.3000e-03	 1.5985e+00	 2.1130e+02
105	-6.0000e-03	 1.6219e+00	 2.1100e+02
106	-5.7000e-03	 1.6261e+00	 2.1070e+02
107	-5.4000e-03	 1.6202e+00	 2.1040e+02
108	-5.1000e-03	 1.6271e+00	 2.1010e+02
109	-4.8000e-03	 1.7438e+00	 2.0980e+02
110	-4.5000e-03	 1.8582e+00	 2.0950e+02
111	-4.2000e-03	 1.9177e+00	 2.0920e+02
112	-3.9000e-03	 1.9489e+00	 2.0890e+02
113	-3.6000e-03	 1.9502e+00	 2.0860e+02
114	-3.3000e-03	 1.9285e+00	 2.0830e+02
115	-3.0000e-03	 1.8894e+00	 2.0800e+02
116	-2.7000e-03	 1.8280e+00	 2.0770e+02
117	-2.4000e-03	 1.7800e+00	 2.0740e+02
118	-2.1000e-03	 1.7261e+00	 2.0710e+02
119	-1.8000e-03	 1.6712e+00	 2.0680e+02
120	-1.5000e-03	 1.6383e+00	 2.0650e+02
121	-1.2000e-03	 1.6222e+00	 2.0620e+02
122	-9.0000e-04	 1.6258e+00	 2.0590e+02
123	-6.0000e-04	 1.5959e+00	 2.0560e+02
124	-3.0000e-04	 1.6035e+00	 2.0530e+02
125	 0.0000e+00	 1.5939e+00	 2.0500e+02
126	 3.0000e-04	 1.5975e+00	 2.0470e+02
127	 6.0000e-04	 1.5952e+00	 2.0440e+02
128	 9.0000e-04	 1.6248e+00	 2.0410e+02
129	 1.2000e-03	 1.6560e+00	 2.0380e+02
130	 1.5000e-03	 1.7044e+00	 2.0350e+02
131	 1.8000e-03	 1.7750e+00	 2.0320e+02
132	 2.1000e-03	 1.8332e+00	 2.0290e+02
133	 2.4000e-03	 1.8786e+00	 2.0260e+02
134	 2.7000e-03	 1.9193e+00	 2.0230e+02
135	 3.0000e-03	 1.9338e+00	 2.0200e+02
136	 3.3000e-03	 1.9285e+00	 2.0170e+02
137	 3.6000e-03	 1.8898e+00	 2.0140e+02
138	 3.9000e-03	 1.8349e+00	 2.0110e+02
139	 4.2000e-03	 1.7395e+00	 2.0080e+02
140	 4.5000e-03	 1.6304e+00	 2.0050e+02
141	 4.8000e-03	 1.5910e+00	 2.0020e+02
142	 5.1000e-03	 1.6084e+00	 1.9990e+02
143	 5.4000e-03	 1.6156e+00	 1.9960e+02
144	 5.7000e-03	 1.5929e+00	 1.9930e+02
145	 6.0000e-03	 1.5525e+00	 1.9900e+02
146	 6.3000e-03	 1.4881e+00	 1.9870e+02
147	 6.6000e-03	 1.3766e+00	 1.9840e+02
148	 6.9000e-03	 1.2195e+00	 1.9810e+02
149	 7.2000e-03	 1.0532e+00	 1.9780e+02
150	 7.5000e-03	 8.3525e-01	 1.9750e+02
151	 7.8000e-03	 7.1034e-01	 1.9720e+02
152	 8.1000e-03	 7.6984e-01	 1.9690e+02
153	 8.4000e-03	 8.8686e-01	 1.9660e+02
154	 8.7000e-03	 9.9534e-01	 1.9630e+02
155	 9.0000e-03	 1.0900e+00	 1.9600e+02
156	 9.3000e-03	 1.1396e+00	 1.9570e+02
157	 9.6000e-03	 1.0982e+00	 1.9540e+02
158	 9.9000e-03	 1.0377e+00	 1.9510e+02
159	 1.0200e-02	 9.5688e-01	 1.9480e+02
160	 1.0500e-02	 8.9344e-01	 1.9450e+02
161	 1.0800e-02	 8.0731e-01	 1.9420e+02
162	 1.1100e-02	 6.8996e-01	 1.9390e+02
163	 1.1400e-02	 5.8642e-01	 1.9360e+02
164	 1.1700e-02	 5.4139e-01	 1.9330e+02
165	 1.2000e-02	 5.6045e-01	 1.9300e+02
166	 1.2300e-02	 6.1567e-01	 1.9270e+02
167	 1.2600e-02	 6.7879e-01	 1.9240e+02
168	 1.2900e-02	 7.1232e-01	 1.9210e+02
169	 1.3200e-02	 7.3993e-01	 1.9180e+02
170	 1.3500e-02	 7.5735e-01	 1.9150e+02
171	 1.3800e-02	 7.7050e-01	 1.9120e+02
172	 1.4100e-02	 7.9416e-01	 1.9090e+02
173	 1.4400e-02	 7.7378e-01	 1.9060e+02
174	 1.4700e-02	 7.5899e-01	 1.9030e+02
175	 1.5000e-02	 7.1560e-01	 1.9000e+02
176	 1.5300e-02	 6.8602e-01	 1.8970e+02
177	 1.5600e-02	 6.6038e-01	 1.8940e+02
178	 1.5900e-02	 6.2817e-01	 1.8910e+02
179	 1.6200e-02	 5.9924e-01	 1.8880e+02
180	 1.6500e-02	 5.7196e-01	 1.8850e+02
181	 1.6800e-02	 5.6604e-01	 1.8820e+02
182	 1.7100e-02	 5.6242e-01	 1.8790e+02
183	 1.7400e-02	 5.8445e-01	 1.8760e+02
184	 1.7700e-02	 6.2126e-01	 1.8730e+02
185	 1.8000e-02	 6.2718e-01	 1.8700e+02
186	 1.8300e-02	 6.3343e-01	 1.8670e+02
187	 1.8600e-02	 6.1502e-01	 1.8640e+02
188	 1.8900e-02	 6.0055e-01	 1.8610e+02
189	 1.9200e-02	 5.8116e-01	 1.8580e+02
190	 1.9500e-02	 5.6341e-01	 1.8550e+02
191	 1.9800e-02	 5.5026e-01	 1.8520e+02
192	 2.0100e-02	 5.3152e-01	 1.8490e+02
193	 2.0400e-02	 5.0589e-01	 1.8460e+02
194	 2.0700e-02	 4.7400e-01	 1.8430e+02
195	 2.1000e-02	 4.5987e-01	 1.8400e+02
196	 2.1300e-02	 4.1746e-01	 1.8370e+02
197	 2.1600e-02	 4.1680e-01	 1.8340e+02
198	 2.1900e-02	 4.0201e-01	 1.8310e+02
199	 2.2200e-02	 4.0530e-01	 1.8280e+02
200	 2.2500e-02	 4.0464e-01	 1.8250e+02
201	 2.2800e-02	 4.0333e-01	 1.8220e+02
202	 2.3100e-02	 4.0563e-01	 1.8190e+02
203	 2.3400e-02	 4.0136e-01	 1.8160e+02
204	 2.3700e-02	 4.0103e-01	 1.8130e+02
205	 2.4000e-02	 3.7999e-01	 1.8100e+02
206	 2.4300e-02	 3.6914e-01	 1.8070e+02
207	 2.4600e-02	 3.6323e-01	 1.8040e+02
208	 2.4900e-02	 3.5632e-01	 1.8010e+02
209	 2.5200e-02	 3.2016e-01	 1.7980e+02
210	 2.5500e-02	 3.0439e-01	 1.7950e+02
211	 2.5800e-02	 2.9025e-01	 1.7920e+02
212	 2.6100e-02	 2.7579e-01	 1.7890e+02
213	 2.6400e-02	 2.5048e-01	 1.7860e+02
214	 2.6700e-02	 2.4588e-01	 1.7830e+02
215	 2.7000e-02	 2.3338e-01	 1.7800e+02
216	 2.7300e-02	 2.2089e-01	 1.7770e+02
217	 2.7600e-02	 2.1037e-01	 1.7740e+02
218	 2.7900e-02	 1.9624e-01	 1.7710e+02
219	 2.8200e-02	 1.8112e-01	 1.7680e+02
220	 2.8500e-02	 1.6961e-01	 1.7650e+02
221	 2.8800e-02	 1.4891e-01	 1.7620e+02
222	 2.9100e-02	 1.4529e-01	 1.7590e+02
223	 2.9400e-02	 1.4233e-01	 1.7560e+02
224	 2.9700e-02	 1.3379e-01	 1.7530e+02
225	 3.0000e-02	 1.2787e-01	 1.7500e+02
226	 3.0300e-02	 1.2655e-01	 1.7470e+02
227	 3.0600e-02	 1.3148e-01	 1.7440e+02
228	 3.0900e-02	 1.3313e-01	 1.7410e+02
229	 3.1200e-02	 1.1538e-01	 1.7380e+02
230	 3.1500e-02	 1.2885e-01	 1.7350e+02
231	 3.1800e-02	 1.1899e-01	 1.7320e+02
232	 3.2100e-02	 1.2261e-01	 1.7290e+02
233	 3.2400e-02	 1.1669e-01	 1.7260e+02
234	 3.2700e-02	 1.2820e-01	 1.7230e+02
235	 3.3000e-02	 1.2557e-01	 1.7200e+02
236	 3.3300e-02	 1.1308e-01	 1.7170e+02
237	 3.3600e-02	 1.1143e-01	 1.7140e+02
238	 3.3900e-02	 1.0683e-01	 1.7110e+02
239	 3.4200e-02	 9.9928e-02	 1.7080e+02
240	 3.4500e-02	 9.6641e-02	 1.7050e+02
241	 3.4800e-02	 1.0059e-01	 1.7020e+02
242	 3.5100e-02	 8.5136e-02	 1.6990e+02
243	 3.5400e-02	 8.9081e-02	 1.6960e+02
244	 3.5700e-02	 9.2696e-02	 1.6930e+02
245	 3.6000e-02	 7.2974e-02	 1.6900e+02
246	 3.6300e-02	 7.9548e-02	 1.6870e+02
247	 3.6600e-02	 6.8701e-02	 1.6840e+02
248	 3.6900e-02	 6.1469e-02	 1.6810e+02
249	 3.7200e-02	 6.0483e-02	 1.6780e+02
250	 3.7500e-02	 5.3909e-02	 1.6750e+02
