idx	    pos (m)	 Mesure (V)	pos Moteur (m)
0	-1.0000e-01	 5.3251e-02	 2.4000e+02
1	-9.9000e-02	 5.1279e-02	 2.3900e+02
2	-9.8000e-02	 4.1089e-02	 2.3800e+02
3	-9.7000e-02	 5.3251e-02	 2.3700e+02
4	-9.6000e-02	 4.6677e-02	 2.3600e+02
5	-9.5000e-02	 6.0483e-02	 2.3500e+02
6	-9.4000e-02	 4.5362e-02	 2.3400e+02
7	-9.3000e-02	 5.4566e-02	 2.3300e+02
8	-9.2000e-02	 5.5223e-02	 2.3200e+02
9	-9.1000e-02	 4.9635e-02	 2.3100e+02
10	-9.0000e-02	 5.0293e-02	 2.3000e+02
11	-8.9000e-02	 5.2594e-02	 2.2900e+02
12	-8.8000e-02	 4.7334e-02	 2.2800e+02
13	-8.7000e-02	 5.4237e-02	 2.2700e+02
14	-8.6000e-02	 4.7334e-02	 2.2600e+02
15	-8.5000e-02	 4.8649e-02	 2.2500e+02
16	-8.4000e-02	 5.4895e-02	 2.2400e+02
17	-8.3000e-02	 5.1279e-02	 2.2300e+02
18	-8.2000e-02	 5.8839e-02	 2.2200e+02
19	-8.1000e-02	 5.5223e-02	 2.2100e+02
20	-8.0000e-02	 5.3251e-02	 2.2000e+02
21	-7.9000e-02	 5.9825e-02	 2.1900e+02
22	-7.8000e-02	 6.7386e-02	 2.1800e+02
23	-7.7000e-02	 6.8701e-02	 2.1700e+02
24	-7.6000e-02	 7.0344e-02	 2.1600e+02
25	-7.5000e-02	 7.3960e-02	 2.1500e+02
26	-7.4000e-02	 7.8562e-02	 2.1400e+02
27	-7.3000e-02	 6.7714e-02	 2.1300e+02
28	-7.2000e-02	 7.0344e-02	 2.1200e+02
29	-7.1000e-02	 6.9358e-02	 2.1100e+02
30	-7.0000e-02	 7.9548e-02	 2.1000e+02
31	-6.9000e-02	 8.0863e-02	 2.0900e+02
32	-6.8000e-02	 8.8752e-02	 2.0800e+02
33	-6.7000e-02	 1.0322e-01	 2.0700e+02
34	-6.6000e-02	 1.0124e-01	 2.0600e+02
35	-6.5000e-02	 9.7298e-02	 2.0500e+02
36	-6.4000e-02	 9.0067e-02	 2.0400e+02
37	-6.3000e-02	 1.1143e-01	 2.0300e+02
38	-6.2000e-02	 1.2097e-01	 2.0200e+02
39	-6.1000e-02	 1.4463e-01	 2.0100e+02
40	-6.0000e-02	 1.5219e-01	 2.0000e+02
41	-5.9000e-02	 1.5482e-01	 1.9900e+02
42	-5.8000e-02	 1.5515e-01	 1.9800e+02
43	-5.7000e-02	 1.5055e-01	 1.9700e+02
44	-5.6000e-02	 1.6271e-01	 1.9600e+02
45	-5.5000e-02	 1.7257e-01	 1.9500e+02
46	-5.4000e-02	 1.8835e-01	 1.9400e+02
47	-5.3000e-02	 1.8178e-01	 1.9300e+02
48	-5.2000e-02	 2.0544e-01	 1.9200e+02
49	-5.1000e-02	 2.2977e-01	 1.9100e+02
50	-5.0000e-02	 2.3864e-01	 1.9000e+02
51	-4.9000e-02	 2.6001e-01	 1.8900e+02
52	-4.8000e-02	 2.4259e-01	 1.8800e+02
53	-4.7000e-02	 2.3996e-01	 1.8700e+02
54	-4.6000e-02	 2.4423e-01	 1.8600e+02
55	-4.5000e-02	 2.6297e-01	 1.8500e+02
56	-4.4000e-02	 2.7677e-01	 1.8400e+02
57	-4.3000e-02	 2.9058e-01	 1.8300e+02
58	-4.2000e-02	 3.1129e-01	 1.8200e+02
59	-4.1000e-02	 3.2279e-01	 1.8100e+02
60	-4.0000e-02	 3.4449e-01	 1.8000e+02
61	-3.9000e-02	 3.5205e-01	 1.7900e+02
62	-3.8000e-02	 3.5336e-01	 1.7800e+02
63	-3.7000e-02	 3.5139e-01	 1.7700e+02
64	-3.6000e-02	 3.7177e-01	 1.7600e+02
65	-3.5000e-02	 3.7079e-01	 1.7500e+02
66	-3.4000e-02	 3.6783e-01	 1.7400e+02
67	-3.3000e-02	 3.8328e-01	 1.7300e+02
68	-3.2000e-02	 3.8098e-01	 1.7200e+02
69	-3.1000e-02	 3.9117e-01	 1.7100e+02
70	-3.0000e-02	 3.8722e-01	 1.7000e+02
71	-2.9000e-02	 4.1549e-01	 1.6900e+02
72	-2.8000e-02	 4.2108e-01	 1.6800e+02
73	-2.7000e-02	 4.2897e-01	 1.6700e+02
74	-2.6000e-02	 4.4212e-01	 1.6600e+02
75	-2.5000e-02	 4.4738e-01	 1.6500e+02
76	-2.4000e-02	 4.5263e-01	 1.6400e+02
77	-2.3000e-02	 4.5822e-01	 1.6300e+02
78	-2.2000e-02	 4.7071e-01	 1.6200e+02
79	-2.1000e-02	 4.8156e-01	 1.6100e+02
80	-2.0000e-02	 4.5921e-01	 1.6000e+02
81	-1.9000e-02	 4.7466e-01	 1.5900e+02
82	-1.8000e-02	 4.6907e-01	 1.5800e+02
83	-1.7000e-02	 4.8452e-01	 1.5700e+02
84	-1.6000e-02	 4.8879e-01	 1.5600e+02
85	-1.5000e-02	 5.0358e-01	 1.5500e+02
86	-1.4000e-02	 5.1180e-01	 1.5400e+02
87	-1.3000e-02	 4.9898e-01	 1.5300e+02
88	-1.2000e-02	 5.0917e-01	 1.5200e+02
89	-1.1000e-02	 5.1509e-01	 1.5100e+02
90	-1.0000e-02	 5.2166e-01	 1.5000e+02
91	-9.0000e-03	 5.1246e-01	 1.4900e+02
92	-8.0000e-03	 5.3547e-01	 1.4800e+02
93	-7.0000e-03	 5.2857e-01	 1.4700e+02
94	-6.0000e-03	 5.3514e-01	 1.4600e+02
95	-5.0000e-03	 5.4303e-01	 1.4500e+02
96	-4.0000e-03	 5.4632e-01	 1.4400e+02
97	-3.0000e-03	 5.6505e-01	 1.4300e+02
98	-2.0000e-03	 5.5191e-01	 1.4200e+02
99	-1.0000e-03	 5.4402e-01	 1.4100e+02
100	 0.0000e+00	 5.6801e-01	 1.4000e+02
101	 1.0000e-03	 5.6210e-01	 1.3900e+02
102	 2.0000e-03	 5.7557e-01	 1.3800e+02
103	 3.0000e-03	 5.6177e-01	 1.3700e+02
104	 4.0000e-03	 5.4599e-01	 1.3600e+02
105	 5.0000e-03	 5.5092e-01	 1.3500e+02
106	 6.0000e-03	 5.3087e-01	 1.3400e+02
107	 7.0000e-03	 5.1969e-01	 1.3300e+02
108	 8.0000e-03	 5.1936e-01	 1.3200e+02
109	 9.0000e-03	 5.2429e-01	 1.3100e+02
110	 1.0000e-02	 5.2725e-01	 1.3000e+02
111	 1.1000e-02	 5.4993e-01	 1.2900e+02
112	 1.2000e-02	 5.4369e-01	 1.2800e+02
113	 1.3000e-02	 5.2528e-01	 1.2700e+02
114	 1.4000e-02	 5.1213e-01	 1.2600e+02
115	 1.5000e-02	 4.9997e-01	 1.2500e+02
116	 1.6000e-02	 5.0654e-01	 1.2400e+02
117	 1.7000e-02	 5.1049e-01	 1.2300e+02
118	 1.8000e-02	 5.0917e-01	 1.2200e+02
119	 1.9000e-02	 5.0128e-01	 1.2100e+02
120	 2.0000e-02	 5.0194e-01	 1.2000e+02
121	 2.1000e-02	 4.9997e-01	 1.1900e+02
122	 2.2000e-02	 4.8978e-01	 1.1800e+02
123	 2.3000e-02	 4.7663e-01	 1.1700e+02
124	 2.4000e-02	 4.6085e-01	 1.1600e+02
125	 2.5000e-02	 4.5691e-01	 1.1500e+02
126	 2.6000e-02	 4.5329e-01	 1.1400e+02
127	 2.7000e-02	 4.3193e-01	 1.1300e+02
128	 2.8000e-02	 4.0629e-01	 1.1200e+02
129	 2.9000e-02	 4.0530e-01	 1.1100e+02
130	 3.0000e-02	 4.0431e-01	 1.1000e+02
131	 3.1000e-02	 4.0234e-01	 1.0900e+02
132	 3.2000e-02	 3.8886e-01	 1.0800e+02
133	 3.3000e-02	 4.0760e-01	 1.0700e+02
134	 3.4000e-02	 3.9215e-01	 1.0600e+02
135	 3.5000e-02	 3.8163e-01	 1.0500e+02
136	 3.6000e-02	 3.6947e-01	 1.0400e+02
137	 3.7000e-02	 3.6684e-01	 1.0300e+02
138	 3.8000e-02	 3.7243e-01	 1.0200e+02
139	 3.9000e-02	 3.4942e-01	 1.0100e+02
140	 4.0000e-02	 3.1786e-01	 1.0000e+02
141	 4.1000e-02	 3.1490e-01	 9.9000e+01
142	 4.2000e-02	 3.1392e-01	 9.8000e+01
143	 4.3000e-02	 3.0241e-01	 9.7000e+01
144	 4.4000e-02	 2.8795e-01	 9.6000e+01
145	 4.5000e-02	 2.8433e-01	 9.5000e+01
146	 4.6000e-02	 2.9222e-01	 9.4000e+01
147	 4.7000e-02	 2.6757e-01	 9.3000e+01
148	 4.8000e-02	 2.5179e-01	 9.2000e+01
149	 4.9000e-02	 2.3108e-01	 9.1000e+01
150	 5.0000e-02	 2.2878e-01	 9.0000e+01
151	 5.1000e-02	 2.1432e-01	 8.9000e+01
152	 5.2000e-02	 2.0347e-01	 8.8000e+01
153	 5.3000e-02	 2.1202e-01	 8.7000e+01
154	 5.4000e-02	 1.9427e-01	 8.6000e+01
155	 5.5000e-02	 1.8704e-01	 8.5000e+01
156	 5.6000e-02	 1.9262e-01	 8.4000e+01
157	 5.7000e-02	 2.0249e-01	 8.3000e+01
158	 5.8000e-02	 1.6633e-01	 8.2000e+01
159	 5.9000e-02	 1.4595e-01	 8.1000e+01
160	 6.0000e-02	 1.4891e-01	 8.0000e+01
161	 6.1000e-02	 1.5515e-01	 7.9000e+01
162	 6.2000e-02	 1.6567e-01	 7.8000e+01
163	 6.3000e-02	 1.6863e-01	 7.7000e+01
164	 6.4000e-02	 1.4398e-01	 7.6000e+01
165	 6.5000e-02	 1.3839e-01	 7.5000e+01
166	 6.6000e-02	 1.2129e-01	 7.4000e+01
167	 6.7000e-02	 1.2524e-01	 7.3000e+01
168	 6.8000e-02	 1.0913e-01	 7.2000e+01
169	 6.9000e-02	 1.0913e-01	 7.1000e+01
170	 7.0000e-02	 1.0190e-01	 7.0000e+01
171	 7.1000e-02	 9.4011e-02	 6.9000e+01
172	 7.2000e-02	 8.4807e-02	 6.8000e+01
173	 7.3000e-02	 8.3821e-02	 6.7000e+01
174	 7.4000e-02	 6.9029e-02	 6.6000e+01
175	 7.5000e-02	 7.7904e-02	 6.5000e+01
176	 7.6000e-02	 7.0673e-02	 6.4000e+01
177	 7.7000e-02	 8.2178e-02	 6.3000e+01
178	 7.8000e-02	 7.6590e-02	 6.2000e+01
179	 7.9000e-02	 7.1330e-02	 6.1000e+01
180	 8.0000e-02	 5.9825e-02	 6.0000e+01
181	 8.1000e-02	 5.4566e-02	 5.9000e+01
182	 8.2000e-02	 6.3112e-02	 5.8000e+01
183	 8.3000e-02	 6.0154e-02	 5.7000e+01
184	 8.4000e-02	 4.3390e-02	 5.6000e+01
185	 8.5000e-02	 5.1608e-02	 5.5000e+01
186	 8.6000e-02	 4.5691e-02	 5.4000e+01
187	 8.7000e-02	 5.8182e-02	 5.3000e+01
188	 8.8000e-02	 6.0811e-02	 5.2000e+01
189	 8.9000e-02	 5.4566e-02	 5.1000e+01
190	 9.0000e-02	 4.8649e-02	 5.0000e+01
191	 9.1000e-02	 5.5552e-02	 4.9000e+01
192	 9.2000e-02	 6.0811e-02	 4.8000e+01
193	 9.3000e-02	 5.6210e-02	 4.7000e+01
194	 9.4000e-02	 5.0621e-02	 4.6000e+01
195	 9.5000e-02	 4.6019e-02	 4.5000e+01
196	 9.6000e-02	 4.5362e-02	 4.4000e+01
197	 9.7000e-02	 4.8320e-02	 4.3000e+01
198	 9.8000e-02	 4.9307e-02	 4.2000e+01
199	 9.9000e-02	 6.1469e-02	 4.1000e+01
200	 1.0000e-01	 4.9964e-02	 4.0000e+01
