	x (m)	y (m)	Mesure ch1 (V)	Mesure ch2 (V)
0	-4.5000e-02	-4.5000e-02	 4.2383e+00	 4.8020e+00
1	-4.2000e-02	-4.5000e-02	 4.3369e+00	 4.7613e+00
2	-3.9000e-02	-4.5000e-02	 4.2402e+00	 4.6771e+00
3	-3.6000e-02	-4.5000e-02	 4.2725e+00	 5.1653e+00
4	-3.3000e-02	-4.5000e-02	 4.1784e+00	 5.4121e+00
5	-3.0000e-02	-4.5000e-02	 4.2103e+00	 3.7613e+00
6	-2.7000e-02	-4.5000e-02	 4.2148e+00	 3.7067e+00
7	-2.4000e-02	-4.5000e-02	 4.1632e+00	 4.0752e+00
8	-2.1000e-02	-4.5000e-02	 4.2041e+00	 3.7769e+00
9	-1.8000e-02	-4.5000e-02	 4.3224e+00	 5.0423e+00
10	-1.5000e-02	-4.5000e-02	 4.2186e+00	 4.0627e+00
11	-1.2000e-02	-4.5000e-02	 4.1909e+00	 3.8317e+00
12	-9.0000e-03	-4.5000e-02	 4.3504e+00	 4.4276e+00
13	-6.0000e-03	-4.5000e-02	 4.2248e+00	 5.2747e+00
14	-3.0000e-03	-4.5000e-02	 4.1002e+00	 5.2044e+00
15	 0.0000e+00	-4.5000e-02	 4.1817e+00	 3.8093e+00
16	 3.0000e-03	-4.5000e-02	 4.2675e+00	 4.5529e+00
17	 6.0000e-03	-4.5000e-02	 4.2149e+00	 4.7115e+00
18	 9.0000e-03	-4.5000e-02	 4.3586e+00	 4.7014e+00
19	 1.2000e-02	-4.5000e-02	 4.2892e+00	 4.3178e+00
20	 1.5000e-02	-4.5000e-02	 4.2113e+00	 3.6847e+00
21	 1.8000e-02	-4.5000e-02	 4.2143e+00	 5.0729e+00
22	 2.1000e-02	-4.5000e-02	 4.2843e+00	 4.0950e+00
23	 2.4000e-02	-4.5000e-02	 4.2021e+00	 4.7951e+00
24	 2.7000e-02	-4.5000e-02	 4.1824e+00	 5.1794e+00
25	 3.0000e-02	-4.5000e-02	 4.3175e+00	 4.2968e+00
26	 3.3000e-02	-4.5000e-02	 4.3481e+00	 3.2993e+00
27	 3.6000e-02	-4.5000e-02	 4.1919e+00	 3.8586e+00
28	 3.9000e-02	-4.5000e-02	 4.2876e+00	 4.4983e+00
29	 4.2000e-02	-4.5000e-02	 4.2034e+00	 4.6829e+00
30	 4.5000e-02	-4.5000e-02	 4.1439e+00	 3.8596e+00
31	-4.5000e-02	-4.2000e-02	 4.1538e+00	 4.4993e+00
32	-4.2000e-02	-4.2000e-02	 4.1844e+00	 5.2704e+00
33	-3.9000e-02	-4.2000e-02	 4.2514e+00	 5.6186e+00
34	-3.6000e-02	-4.2000e-02	 4.1850e+00	 4.1949e+00
35	-3.3000e-02	-4.2000e-02	 4.2919e+00	 4.8717e+00
36	-3.0000e-02	-4.2000e-02	 4.2235e+00	 4.1199e+00
37	-2.7000e-02	-4.2000e-02	 4.2603e+00	 5.3944e+00
38	-2.4000e-02	-4.2000e-02	 4.1551e+00	 3.9155e+00
39	-2.1000e-02	-4.2000e-02	 4.2978e+00	 3.9490e+00
40	-1.8000e-02	-4.2000e-02	 4.3083e+00	 4.5640e+00
41	-1.5000e-02	-4.2000e-02	 4.3448e+00	 5.3704e+00
42	-1.2000e-02	-4.2000e-02	 4.2715e+00	 4.2452e+00
43	-9.0000e-03	-4.2000e-02	 4.0864e+00	 4.5775e+00
44	-6.0000e-03	-4.2000e-02	 4.2310e+00	 4.0364e+00
45	-3.0000e-03	-4.2000e-02	 4.3101e+00	 5.3599e+00
46	 0.0000e+00	-4.2000e-02	 4.2675e+00	 5.7520e+00
47	 3.0000e-03	-4.2000e-02	 4.1962e+00	 4.7407e+00
48	 6.0000e-03	-4.2000e-02	 4.2425e+00	 5.9890e+00
49	 9.0000e-03	-4.2000e-02	 4.3089e+00	 5.7977e+00
50	 1.2000e-02	-4.2000e-02	 4.2320e+00	 5.6271e+00
51	 1.5000e-02	-4.2000e-02	 4.3464e+00	 4.9923e+00
52	 1.8000e-02	-4.2000e-02	 4.2899e+00	 4.6579e+00
53	 2.1000e-02	-4.2000e-02	 4.2333e+00	 5.1574e+00
54	 2.4000e-02	-4.2000e-02	 4.3487e+00	 4.1985e+00
55	 2.7000e-02	-4.2000e-02	 4.2159e+00	 4.4426e+00
56	 3.0000e-02	-4.2000e-02	 4.2284e+00	 5.4598e+00
57	 3.3000e-02	-4.2000e-02	 4.3467e+00	 4.2406e+00
58	 3.6000e-02	-4.2000e-02	 4.2974e+00	 4.0391e+00
59	 3.9000e-02	-4.2000e-02	 4.2169e+00	 5.1968e+00
60	 4.2000e-02	-4.2000e-02	 4.3264e+00	 5.4170e+00
61	 4.5000e-02	-4.2000e-02	 4.3313e+00	 3.7321e+00
62	-4.5000e-02	-3.9000e-02	 4.2465e+00	 4.9979e+00
63	-4.2000e-02	-3.9000e-02	 4.2557e+00	 4.6995e+00
64	-3.9000e-02	-3.9000e-02	 4.2337e+00	 4.2412e+00
65	-3.6000e-02	-3.9000e-02	 4.2153e+00	 4.5223e+00
66	-3.3000e-02	-3.9000e-02	 4.1387e+00	 4.3223e+00
67	-3.0000e-02	-3.9000e-02	 4.2169e+00	 3.6640e+00
68	-2.7000e-02	-3.9000e-02	 4.3129e+00	 3.4333e+00
69	-2.4000e-02	-3.9000e-02	 4.3241e+00	 5.1350e+00
70	-2.1000e-02	-3.9000e-02	 4.3211e+00	 4.9299e+00
71	-1.8000e-02	-3.9000e-02	 4.3349e+00	 4.7876e+00
72	-1.5000e-02	-3.9000e-02	 4.2248e+00	 4.4016e+00
73	-1.2000e-02	-3.9000e-02	 4.3274e+00	 3.3149e+00
74	-9.0000e-03	-3.9000e-02	 4.5484e+00	 3.4735e+00
75	-6.0000e-03	-3.9000e-02	 4.6124e+00	 3.5075e+00
76	-3.0000e-03	-3.9000e-02	 4.4832e+00	 3.1681e+00
77	 0.0000e+00	-3.9000e-02	 4.5892e+00	 3.5128e+00
78	 3.0000e-03	-3.9000e-02	 4.6636e+00	 3.6226e+00
79	 6.0000e-03	-3.9000e-02	 4.6206e+00	 3.5776e+00
80	 9.0000e-03	-3.9000e-02	 4.6161e+00	 2.6019e+00
81	 1.2000e-02	-3.9000e-02	 4.4888e+00	 2.2772e+00
82	 1.5000e-02	-3.9000e-02	 4.3106e+00	 3.7439e+00
83	 1.8000e-02	-3.9000e-02	 4.3001e+00	 7.0077e+00
84	 2.1000e-02	-3.9000e-02	 4.3014e+00	 5.7311e+00
85	 2.4000e-02	-3.9000e-02	 4.1849e+00	 5.8043e+00
86	 2.7000e-02	-3.9000e-02	 4.2202e+00	 5.0716e+00
87	 3.0000e-02	-3.9000e-02	 4.3727e+00	 4.0023e+00
88	 3.3000e-02	-3.9000e-02	 4.3691e+00	 4.8096e+00
89	 3.6000e-02	-3.9000e-02	 4.2882e+00	 3.9635e+00
90	 3.9000e-02	-3.9000e-02	 4.2993e+00	 3.2538e+00
91	 4.2000e-02	-3.9000e-02	 4.2654e+00	 5.9479e+00
92	 4.5000e-02	-3.9000e-02	 4.2772e+00	 4.6633e+00
93	-4.5000e-02	-3.6000e-02	 4.3132e+00	 5.3211e+00
94	-4.2000e-02	-3.6000e-02	 4.2580e+00	 5.0528e+00
95	-3.9000e-02	-3.6000e-02	 4.2095e+00	 4.3188e+00
96	-3.6000e-02	-3.6000e-02	 4.1702e+00	 3.5958e+00
97	-3.3000e-02	-3.6000e-02	 4.1919e+00	 3.3011e+00
98	-3.0000e-02	-3.6000e-02	 4.3688e+00	 3.8142e+00
99	-2.7000e-02	-3.6000e-02	 4.3944e+00	 5.5867e+00
100	-2.4000e-02	-3.6000e-02	 4.0575e+00	 5.4765e+00
101	-2.1000e-02	-3.6000e-02	 4.3135e+00	 4.8234e+00
102	-1.8000e-02	-3.6000e-02	 4.2587e+00	 2.8100e+00
103	-1.5000e-02	-3.6000e-02	 4.4417e+00	 3.3728e+00
104	-1.2000e-02	-3.6000e-02	 4.4963e+00	 4.3448e+00
105	-9.0000e-03	-3.6000e-02	 4.5598e+00	 5.3408e+00
106	-6.0000e-03	-3.6000e-02	 4.6166e+00	 6.3631e+00
107	-3.0000e-03	-3.6000e-02	 4.4516e+00	 6.8950e+00
108	 0.0000e+00	-3.6000e-02	 4.5619e+00	 7.1727e+00
109	 3.0000e-03	-3.6000e-02	 4.6199e+00	 7.2681e+00
110	 6.0000e-03	-3.6000e-02	 4.7340e+00	 6.8812e+00
111	 9.0000e-03	-3.6000e-02	 4.6518e+00	 6.4042e+00
112	 1.2000e-02	-3.6000e-02	 4.6248e+00	 5.2560e+00
113	 1.5000e-02	-3.6000e-02	 4.5903e+00	 4.2307e+00
114	 1.8000e-02	-3.6000e-02	 4.5213e+00	 2.5181e+00
115	 2.1000e-02	-3.6000e-02	 4.4352e+00	 2.9267e+00
116	 2.4000e-02	-3.6000e-02	 4.3047e+00	 3.8727e+00
117	 2.7000e-02	-3.6000e-02	 4.3228e+00	 6.6326e+00
118	 3.0000e-02	-3.6000e-02	 4.2800e+00	 5.8153e+00
119	 3.3000e-02	-3.6000e-02	 4.2767e+00	 5.0466e+00
120	 3.6000e-02	-3.6000e-02	 4.2169e+00	 5.3421e+00
121	 3.9000e-02	-3.6000e-02	 4.3464e+00	 3.2002e+00
122	 4.2000e-02	-3.6000e-02	 4.2647e+00	 3.3987e+00
123	 4.5000e-02	-3.6000e-02	 4.3073e+00	 5.4029e+00
124	-4.5000e-02	-3.3000e-02	 4.2577e+00	 4.1699e+00
125	-4.2000e-02	-3.3000e-02	 4.2054e+00	 5.0075e+00
126	-3.9000e-02	-3.3000e-02	 4.3622e+00	 3.2265e+00
127	-3.6000e-02	-3.3000e-02	 4.1482e+00	 3.9069e+00
128	-3.3000e-02	-3.3000e-02	 4.2853e+00	 3.3235e+00
129	-3.0000e-02	-3.3000e-02	 4.2932e+00	 4.4243e+00
130	-2.7000e-02	-3.3000e-02	 4.1916e+00	 2.7400e+00
131	-2.4000e-02	-3.3000e-02	 4.2827e+00	 3.7215e+00
132	-2.1000e-02	-3.3000e-02	 4.3474e+00	 4.9595e+00
133	-1.8000e-02	-3.3000e-02	 4.3149e+00	 4.9644e+00
134	-1.5000e-02	-3.3000e-02	 4.4963e+00	 6.1080e+00
135	-1.2000e-02	-3.3000e-02	 4.4615e+00	 7.5330e+00
136	-9.0000e-03	-3.3000e-02	 4.5966e+00	 8.4426e+00
137	-6.0000e-03	-3.3000e-02	 4.7461e+00	 1.2049e+00
138	-3.0000e-03	-3.3000e-02	 4.7793e+00	 1.5744e+00
139	 0.0000e+00	-3.3000e-02	 4.7810e+00	 1.6421e+00
140	 3.0000e-03	-3.3000e-02	 4.7853e+00	 1.5379e+00
141	 6.0000e-03	-3.3000e-02	 4.9079e+00	 1.0583e+00
142	 9.0000e-03	-3.3000e-02	 4.9384e+00	 1.1457e+00
143	 1.2000e-02	-3.3000e-02	 4.8454e+00	 8.4406e+00
144	 1.5000e-02	-3.3000e-02	 4.5006e+00	 7.6050e+00
145	 1.8000e-02	-3.3000e-02	 4.4934e+00	 6.0456e+00
146	 2.1000e-02	-3.3000e-02	 4.3793e+00	 4.0885e+00
147	 2.4000e-02	-3.3000e-02	 4.3744e+00	 3.0184e+00
148	 2.7000e-02	-3.3000e-02	 4.4299e+00	 2.6075e+00
149	 3.0000e-02	-3.3000e-02	 4.3234e+00	 5.3957e+00
150	 3.3000e-02	-3.3000e-02	 4.2097e+00	 6.1626e+00
151	 3.6000e-02	-3.3000e-02	 4.1341e+00	 4.9493e+00
152	 3.9000e-02	-3.3000e-02	 4.3043e+00	 5.4493e+00
153	 4.2000e-02	-3.3000e-02	 4.3260e+00	 3.9975e+00
154	 4.5000e-02	-3.3000e-02	 4.2744e+00	 3.9894e+00
155	-4.5000e-02	-3.0000e-02	 4.2511e+00	 5.9979e+00
156	-4.2000e-02	-3.0000e-02	 4.2501e+00	 3.2081e+00
157	-3.9000e-02	-3.0000e-02	 4.3066e+00	 3.3491e+00
158	-3.6000e-02	-3.0000e-02	 4.3885e+00	 4.0581e+00
159	-3.3000e-02	-3.0000e-02	 4.2176e+00	 4.8139e+00
160	-3.0000e-02	-3.0000e-02	 4.3661e+00	 2.7970e+00
161	-2.7000e-02	-3.0000e-02	 4.3799e+00	 3.7255e+00
162	-2.4000e-02	-3.0000e-02	 4.3218e+00	 3.2295e+00
163	-2.1000e-02	-3.0000e-02	 4.2692e+00	 4.6891e+00
164	-1.8000e-02	-3.0000e-02	 4.2600e+00	 6.9555e+00
165	-1.5000e-02	-3.0000e-02	 4.4671e+00	 4.2366e+00
166	-1.2000e-02	-3.0000e-02	 4.6774e+00	 1.7769e+00
167	-9.0000e-03	-3.0000e-02	 4.7823e+00	 2.6473e+00
168	-6.0000e-03	-3.0000e-02	 4.6899e+00	 3.4967e+00
169	-3.0000e-03	-3.0000e-02	 4.6472e+00	 3.9319e+00
170	 0.0000e+00	-3.0000e-02	 4.4838e+00	 4.1145e+00
171	 3.0000e-03	-3.0000e-02	 4.7639e+00	 4.0705e+00
172	 6.0000e-03	-3.0000e-02	 4.8296e+00	 3.6418e+00
173	 9.0000e-03	-3.0000e-02	 4.9460e+00	 3.2186e+00
174	 1.2000e-02	-3.0000e-02	 5.0721e+00	 2.3521e+00
175	 1.5000e-02	-3.0000e-02	 4.7448e+00	 1.4603e+00
176	 1.8000e-02	-3.0000e-02	 4.5095e+00	 4.6820e+00
177	 2.1000e-02	-3.0000e-02	 4.4339e+00	 7.0827e+00
178	 2.4000e-02	-3.0000e-02	 4.3734e+00	 5.2420e+00
179	 2.7000e-02	-3.0000e-02	 4.1416e+00	 3.7955e+00
180	 3.0000e-02	-3.0000e-02	 4.1686e+00	 4.1170e+00
181	 3.3000e-02	-3.0000e-02	 4.1438e+00	 6.1432e+00
182	 3.6000e-02	-3.0000e-02	 4.3763e+00	 6.4364e+00
183	 3.9000e-02	-3.0000e-02	 4.2333e+00	 4.1531e+00
184	 4.2000e-02	-3.0000e-02	 4.1357e+00	 4.9411e+00
185	 4.5000e-02	-3.0000e-02	 4.2452e+00	 5.1067e+00
186	-4.5000e-02	-2.7000e-02	 4.1715e+00	 3.6522e+00
187	-4.2000e-02	-2.7000e-02	 4.2241e+00	 4.5719e+00
188	-3.9000e-02	-2.7000e-02	 4.1909e+00	 4.1819e+00
189	-3.6000e-02	-2.7000e-02	 4.1676e+00	 5.8966e+00
190	-3.3000e-02	-2.7000e-02	 4.4046e+00	 2.5648e+00
191	-3.0000e-02	-2.7000e-02	 4.4878e+00	 3.8744e+00
192	-2.7000e-02	-2.7000e-02	 4.3290e+00	 4.0788e+00
193	-2.4000e-02	-2.7000e-02	 4.4247e+00	 5.2290e+00
194	-2.1000e-02	-2.7000e-02	 4.2948e+00	 6.6728e+00
195	-1.8000e-02	-2.7000e-02	 4.3813e+00	 2.3784e+00
196	-1.5000e-02	-2.7000e-02	 4.7317e+00	 3.3208e+00
197	-1.2000e-02	-2.7000e-02	 4.8231e+00	 4.4013e+00
198	-9.0000e-03	-2.7000e-02	 4.6804e+00	 4.6518e+00
199	-6.0000e-03	-2.7000e-02	 4.3080e+00	 4.4480e+00
200	-3.0000e-03	-2.7000e-02	 4.4884e+00	 3.6696e+00
201	 0.0000e+00	-2.7000e-02	 4.5575e+00	 4.1446e+00
202	 3.0000e-03	-2.7000e-02	 4.6275e+00	 4.8908e+00
203	 6.0000e-03	-2.7000e-02	 4.3444e+00	 4.2177e+00
204	 9.0000e-03	-2.7000e-02	 4.4638e+00	 4.8569e+00
205	 1.2000e-02	-2.7000e-02	 4.7793e+00	 4.7471e+00
206	 1.5000e-02	-2.7000e-02	 4.7968e+00	 3.9092e+00
207	 1.8000e-02	-2.7000e-02	 4.6413e+00	 2.7035e+00
208	 2.1000e-02	-2.7000e-02	 4.5657e+00	 2.2052e+00
209	 2.4000e-02	-2.7000e-02	 4.4100e+00	 7.1382e+00
210	 2.7000e-02	-2.7000e-02	 4.2573e+00	 5.7611e+00
211	 3.0000e-02	-2.7000e-02	 4.1130e+00	 5.3687e+00
212	 3.3000e-02	-2.7000e-02	 4.2399e+00	 4.6117e+00
213	 3.6000e-02	-2.7000e-02	 4.4756e+00	 7.2875e+00
214	 3.9000e-02	-2.7000e-02	 4.3790e+00	 5.4851e+00
215	 4.2000e-02	-2.7000e-02	 4.3030e+00	 2.9011e+00
216	 4.5000e-02	-2.7000e-02	 4.3665e+00	 5.1791e+00
217	-4.5000e-02	-2.4000e-02	 4.2041e+00	 3.5503e+00
218	-4.2000e-02	-2.4000e-02	 4.1980e+00	 5.8968e+00
219	-3.9000e-02	-2.4000e-02	 4.1589e+00	 5.8690e+00
220	-3.6000e-02	-2.4000e-02	 4.3339e+00	 3.3455e+00
221	-3.3000e-02	-2.4000e-02	 4.5124e+00	 3.0516e+00
222	-3.0000e-02	-2.4000e-02	 4.4763e+00	 4.1932e+00
223	-2.7000e-02	-2.4000e-02	 4.4654e+00	 5.9363e+00
224	-2.4000e-02	-2.4000e-02	 4.3016e+00	 7.1491e+00
225	-2.1000e-02	-2.4000e-02	 4.3080e+00	 2.1943e+00
226	-1.8000e-02	-2.4000e-02	 4.6975e+00	 4.2942e+00
227	-1.5000e-02	-2.4000e-02	 4.8609e+00	 5.4332e+00
228	-1.2000e-02	-2.4000e-02	 4.8753e+00	 5.8240e+00
229	-9.0000e-03	-2.4000e-02	 4.8135e+00	 6.1189e+00
230	-6.0000e-03	-2.4000e-02	 4.6294e+00	 5.6905e+00
231	-3.0000e-03	-2.4000e-02	 4.9062e+00	 5.9667e+00
232	 0.0000e+00	-2.4000e-02	 5.2847e+00	 6.4410e+00
233	 3.0000e-03	-2.4000e-02	 5.2264e+00	 6.5301e+00
234	 6.0000e-03	-2.4000e-02	 4.9588e+00	 5.8431e+00
235	 9.0000e-03	-2.4000e-02	 4.7664e+00	 5.6527e+00
236	 1.2000e-02	-2.4000e-02	 4.8102e+00	 5.4650e+00
237	 1.5000e-02	-2.4000e-02	 4.7320e+00	 4.6732e+00
238	 1.8000e-02	-2.4000e-02	 4.7156e+00	 4.3829e+00
239	 2.1000e-02	-2.4000e-02	 4.8201e+00	 2.8767e+00
240	 2.4000e-02	-2.4000e-02	 4.6626e+00	 1.8403e+00
241	 2.7000e-02	-2.4000e-02	 4.2215e+00	 5.7315e+00
242	 3.0000e-02	-2.4000e-02	 4.1824e+00	 5.8444e+00
243	 3.3000e-02	-2.4000e-02	 4.3573e+00	 4.9396e+00
244	 3.6000e-02	-2.4000e-02	 4.3806e+00	 7.6665e+00
245	 3.9000e-02	-2.4000e-02	 4.3244e+00	 6.4016e+00
246	 4.2000e-02	-2.4000e-02	 4.4957e+00	 3.4849e+00
247	 4.5000e-02	-2.4000e-02	 4.1640e+00	 5.0962e+00
248	-4.5000e-02	-2.1000e-02	 4.2560e+00	 3.6591e+00
249	-4.2000e-02	-2.1000e-02	 4.2034e+00	 4.8668e+00
250	-3.9000e-02	-2.1000e-02	 4.3901e+00	 6.8470e+00
251	-3.6000e-02	-2.1000e-02	 4.4447e+00	 2.0267e+00
252	-3.3000e-02	-2.1000e-02	 4.4542e+00	 3.9040e+00
253	-3.0000e-02	-2.1000e-02	 4.4000e+00	 4.4503e+00
254	-2.7000e-02	-2.1000e-02	 4.2646e+00	 7.0215e+00
255	-2.4000e-02	-2.1000e-02	 4.3908e+00	 3.3507e+00
256	-2.1000e-02	-2.1000e-02	 4.4920e+00	 3.8369e+00
257	-1.8000e-02	-2.1000e-02	 4.7205e+00	 5.9259e+00
258	-1.5000e-02	-2.1000e-02	 4.8362e+00	 7.0212e+00
259	-1.2000e-02	-2.1000e-02	 4.9174e+00	 6.8194e+00
260	-9.0000e-03	-2.1000e-02	 5.2455e+00	 7.2247e+00
261	-6.0000e-03	-2.1000e-02	 5.3566e+00	 8.0593e+00
262	-3.0000e-03	-2.1000e-02	 5.5709e+00	 8.4232e+00
263	 0.0000e+00	-2.1000e-02	 5.8539e+00	 8.7253e+00
264	 3.0000e-03	-2.1000e-02	 5.8888e+00	 8.6766e+00
265	 6.0000e-03	-2.1000e-02	 5.6330e+00	 8.4590e+00
266	 9.0000e-03	-2.1000e-02	 5.4016e+00	 7.8959e+00
267	 1.2000e-02	-2.1000e-02	 5.1896e+00	 6.8904e+00
268	 1.5000e-02	-2.1000e-02	 4.8119e+00	 5.4843e+00
269	 1.8000e-02	-2.1000e-02	 4.7185e+00	 4.9292e+00
270	 2.1000e-02	-2.1000e-02	 4.9992e+00	 4.1913e+00
271	 2.4000e-02	-2.1000e-02	 4.8490e+00	 2.9967e+00
272	 2.7000e-02	-2.1000e-02	 4.5778e+00	 1.8143e+00
273	 3.0000e-02	-2.1000e-02	 4.3477e+00	 4.8980e+00
274	 3.3000e-02	-2.1000e-02	 4.2748e+00	 6.5156e+00
275	 3.6000e-02	-2.1000e-02	 4.1581e+00	 6.8858e+00
276	 3.9000e-02	-2.1000e-02	 4.4332e+00	 6.5028e+00
277	 4.2000e-02	-2.1000e-02	 4.4720e+00	 4.1886e+00
278	 4.5000e-02	-2.1000e-02	 4.2113e+00	 2.3761e+00
279	-4.5000e-02	-1.8000e-02	 4.3311e+00	 3.1670e+00
280	-4.2000e-02	-1.8000e-02	 4.5055e+00	 5.8436e+00
281	-3.9000e-02	-1.8000e-02	 4.4059e+00	 7.0922e+00
282	-3.6000e-02	-1.8000e-02	 4.4131e+00	 2.4737e+00
283	-3.3000e-02	-1.8000e-02	 4.2656e+00	 3.5352e+00
284	-3.0000e-02	-1.8000e-02	 4.1587e+00	 4.1648e+00
285	-2.7000e-02	-1.8000e-02	 4.2445e+00	 3.8829e+00
286	-2.4000e-02	-1.8000e-02	 4.7050e+00	 3.9372e+00
287	-2.1000e-02	-1.8000e-02	 4.9233e+00	 5.6209e+00
288	-1.8000e-02	-1.8000e-02	 4.9105e+00	 7.1842e+00
289	-1.5000e-02	-1.8000e-02	 4.8553e+00	 7.9975e+00
290	-1.2000e-02	-1.8000e-02	 5.0683e+00	 8.0493e+00
291	-9.0000e-03	-1.8000e-02	 5.5505e+00	 9.1888e+00
292	-6.0000e-03	-1.8000e-02	 5.8894e+00	 2.7959e-01
293	-3.0000e-03	-1.8000e-02	 6.0978e+00	 5.5143e-01
294	 0.0000e+00	-1.8000e-02	 6.2093e+00	 6.3756e-01
295	 3.0000e-03	-1.8000e-02	 6.2171e+00	 5.7543e-01
296	 6.0000e-03	-1.8000e-02	 6.1504e+00	 4.2981e-01
297	 9.0000e-03	-1.8000e-02	 5.9391e+00	 9.3007e+00
298	 1.2000e-02	-1.8000e-02	 5.5794e+00	 9.0317e+00
299	 1.5000e-02	-1.8000e-02	 4.9667e+00	 7.5258e+00
300	 1.8000e-02	-1.8000e-02	 4.8208e+00	 6.1724e+00
301	 2.1000e-02	-1.8000e-02	 4.8734e+00	 4.9850e+00
302	 2.4000e-02	-1.8000e-02	 4.9713e+00	 4.1344e+00
303	 2.7000e-02	-1.8000e-02	 5.0522e+00	 2.6256e+00
304	 3.0000e-02	-1.8000e-02	 4.7435e+00	 1.1313e+00
305	 3.3000e-02	-1.8000e-02	 4.5630e+00	 8.1898e+00
306	 3.6000e-02	-1.8000e-02	 4.3477e+00	 7.5222e+00
307	 3.9000e-02	-1.8000e-02	 4.3915e+00	 6.5751e+00
308	 4.2000e-02	-1.8000e-02	 4.4810e+00	 4.1993e+00
309	 4.5000e-02	-1.8000e-02	 4.3283e+00	 2.0504e+00
310	-4.5000e-02	-1.5000e-02	 4.3938e+00	 3.3264e+00
311	-4.2000e-02	-1.5000e-02	 4.5190e+00	 6.0692e+00
312	-3.9000e-02	-1.5000e-02	 4.3550e+00	 3.9237e+00
313	-3.6000e-02	-1.5000e-02	 4.2281e+00	 2.8117e+00
314	-3.3000e-02	-1.5000e-02	 4.4171e+00	 3.8796e+00
315	-3.0000e-02	-1.5000e-02	 4.1689e+00	 4.1157e+00
316	-2.7000e-02	-1.5000e-02	 4.6820e+00	 3.2278e+00
317	-2.4000e-02	-1.5000e-02	 5.1169e+00	 5.2865e+00
318	-2.1000e-02	-1.5000e-02	 5.1081e+00	 7.1208e+00
319	-1.8000e-02	-1.5000e-02	 4.8980e+00	 8.1195e+00
320	-1.5000e-02	-1.5000e-02	 5.0058e+00	 8.8127e+00
321	-1.2000e-02	-1.5000e-02	 5.3529e+00	 9.3982e+00
322	-9.0000e-03	-1.5000e-02	 5.8424e+00	 9.3110e-01
323	-6.0000e-03	-1.5000e-02	 6.2553e+00	 1.7910e+00
324	-3.0000e-03	-1.5000e-02	 6.4489e+00	 2.3738e+00
325	 0.0000e+00	-1.5000e-02	 6.4390e+00	 2.5694e+00
326	 3.0000e-03	-1.5000e-02	 6.4611e+00	 2.4494e+00
327	 6.0000e-03	-1.5000e-02	 6.4768e+00	 2.1440e+00
328	 9.0000e-03	-1.5000e-02	 6.3562e+00	 1.5639e+00
329	 1.2000e-02	-1.5000e-02	 6.0087e+00	 6.8259e-01
330	 1.5000e-02	-1.5000e-02	 5.4157e+00	 9.5691e+00
331	 1.8000e-02	-1.5000e-02	 4.8763e+00	 7.9143e+00
332	 2.1000e-02	-1.5000e-02	 4.7803e+00	 5.9920e+00
333	 2.4000e-02	-1.5000e-02	 4.9194e+00	 4.9667e+00
334	 2.7000e-02	-1.5000e-02	 5.2711e+00	 3.5352e+00
335	 3.0000e-02	-1.5000e-02	 5.1468e+00	 1.4906e+00
336	 3.3000e-02	-1.5000e-02	 4.8517e+00	 9.1152e+00
337	 3.6000e-02	-1.5000e-02	 4.6597e+00	 8.2544e+00
338	 3.9000e-02	-1.5000e-02	 4.6580e+00	 6.5751e+00
339	 4.2000e-02	-1.5000e-02	 4.6610e+00	 4.3099e+00
340	 4.5000e-02	-1.5000e-02	 4.5210e+00	 2.7098e+00
341	-4.5000e-02	-1.2000e-02	 4.4533e+00	 3.4842e+00
342	-4.2000e-02	-1.2000e-02	 4.4598e+00	 6.3956e+00
343	-3.9000e-02	-1.2000e-02	 4.1512e+00	 5.8680e+00
344	-3.6000e-02	-1.2000e-02	 4.2909e+00	 2.8672e+00
345	-3.3000e-02	-1.2000e-02	 4.4016e+00	 3.4477e+00
346	-3.0000e-02	-1.2000e-02	 4.4145e+00	 2.7025e+00
347	-2.7000e-02	-1.2000e-02	 5.0318e+00	 4.1423e+00
348	-2.4000e-02	-1.2000e-02	 5.2698e+00	 6.0840e+00
349	-2.1000e-02	-1.2000e-02	 4.9314e+00	 8.1421e+00
350	-1.8000e-02	-1.2000e-02	 4.6447e+00	 7.8833e+00
351	-1.5000e-02	-1.2000e-02	 5.1784e+00	 6.6315e+00
352	-1.2000e-02	-1.2000e-02	 5.5640e+00	 1.4146e+00
353	-9.0000e-03	-1.2000e-02	 6.0511e+00	 2.3735e+00
354	-6.0000e-03	-1.2000e-02	 6.5255e+00	 3.1496e+00
355	-3.0000e-03	-1.2000e-02	 6.7119e+00	 3.7695e+00
356	 0.0000e+00	-1.2000e-02	 6.6974e+00	 4.1009e+00
357	 3.0000e-03	-1.2000e-02	 6.6898e+00	 3.9842e+00
358	 6.0000e-03	-1.2000e-02	 6.7060e+00	 3.4941e+00
359	 9.0000e-03	-1.2000e-02	 6.5827e+00	 2.8636e+00
360	 1.2000e-02	-1.2000e-02	 6.2556e+00	 2.0984e+00
361	 1.5000e-02	-1.2000e-02	 5.7113e+00	 1.1129e+00
362	 1.8000e-02	-1.2000e-02	 4.9762e+00	 9.0067e+00
363	 2.1000e-02	-1.2000e-02	 4.5348e+00	 6.2849e+00
364	 2.4000e-02	-1.2000e-02	 4.9210e+00	 5.6070e+00
365	 2.7000e-02	-1.2000e-02	 5.2948e+00	 4.2958e+00
366	 3.0000e-02	-1.2000e-02	 5.3004e+00	 2.3692e+00
367	 3.3000e-02	-1.2000e-02	 5.1932e+00	 8.4202e-01
368	 3.6000e-02	-1.2000e-02	 4.9312e+00	 8.2352e+00
369	 3.9000e-02	-1.2000e-02	 4.7083e+00	 6.8434e+00
370	 4.2000e-02	-1.2000e-02	 4.5985e+00	 4.3826e+00
371	 4.5000e-02	-1.2000e-02	 4.6304e+00	 2.1887e+00
372	-4.5000e-02	-9.0000e-03	 4.4782e+00	 3.4691e+00
373	-4.2000e-02	-9.0000e-03	 4.3395e+00	 6.6634e+00
374	-3.9000e-02	-9.0000e-03	 4.1867e+00	 5.1118e+00
375	-3.6000e-02	-9.0000e-03	 4.3514e+00	 3.3537e+00
376	-3.3000e-02	-9.0000e-03	 4.4648e+00	 3.9033e+00
377	-3.0000e-02	-9.0000e-03	 4.8134e+00	 3.1019e+00
378	-2.7000e-02	-9.0000e-03	 5.1978e+00	 4.8004e+00
379	-2.4000e-02	-9.0000e-03	 5.2951e+00	 6.9808e+00
380	-2.1000e-02	-9.0000e-03	 4.7353e+00	 8.7325e+00
381	-1.8000e-02	-9.0000e-03	 4.4690e+00	 8.2197e+00
382	-1.5000e-02	-9.0000e-03	 5.2765e+00	 9.5887e-01
383	-1.2000e-02	-9.0000e-03	 5.8437e+00	 2.5625e+00
384	-9.0000e-03	-9.0000e-03	 6.3312e+00	 3.4727e+00
385	-6.0000e-03	-9.0000e-03	 6.6856e+00	 4.1834e+00
386	-3.0000e-03	-9.0000e-03	 6.8443e+00	 4.8020e+00
387	 0.0000e+00	-9.0000e-03	 6.8789e+00	 5.1794e+00
388	 3.0000e-03	-9.0000e-03	 6.8562e+00	 5.1297e+00
389	 6.0000e-03	-9.0000e-03	 6.8177e+00	 4.6140e+00
390	 9.0000e-03	-9.0000e-03	 6.7253e+00	 3.9076e+00
391	 1.2000e-02	-9.0000e-03	 6.4430e+00	 3.1391e+00
392	 1.5000e-02	-9.0000e-03	 5.9821e+00	 2.0786e+00
393	 1.8000e-02	-9.0000e-03	 5.2132e+00	 7.1776e-01
394	 2.1000e-02	-9.0000e-03	 4.2827e+00	 6.3190e+00
395	 2.4000e-02	-9.0000e-03	 4.6653e+00	 6.3069e+00
396	 2.7000e-02	-9.0000e-03	 5.2307e+00	 5.0407e+00
397	 3.0000e-02	-9.0000e-03	 5.4591e+00	 2.9537e+00
398	 3.3000e-02	-9.0000e-03	 5.4105e+00	 9.5148e-01
399	 3.6000e-02	-9.0000e-03	 5.1297e+00	 8.6129e+00
400	 3.9000e-02	-9.0000e-03	 4.8385e+00	 6.6662e+00
401	 4.2000e-02	-9.0000e-03	 4.8648e+00	 4.4355e+00
402	 4.5000e-02	-9.0000e-03	 4.7039e+00	 2.1332e+00
403	-4.5000e-02	-6.0000e-03	 4.4355e+00	 3.3297e+00
404	-4.2000e-02	-6.0000e-03	 4.3231e+00	 6.0482e+00
405	-3.9000e-02	-6.0000e-03	 4.3119e+00	 6.1284e+00
406	-3.6000e-02	-6.0000e-03	 4.3885e+00	 2.4116e+00
407	-3.3000e-02	-6.0000e-03	 4.4697e+00	 1.7207e+00
408	-3.0000e-02	-6.0000e-03	 5.0942e+00	 3.1696e+00
409	-2.7000e-02	-6.0000e-03	 5.3257e+00	 5.2599e+00
410	-2.4000e-02	-6.0000e-03	 5.1511e+00	 7.2717e+00
411	-2.1000e-02	-6.0000e-03	 4.3481e+00	 6.2022e+00
412	-1.8000e-02	-6.0000e-03	 4.4519e+00	 7.5761e+00
413	-1.5000e-02	-6.0000e-03	 5.3645e+00	 1.6102e+00
414	-1.2000e-02	-6.0000e-03	 6.0410e+00	 3.1512e+00
415	-9.0000e-03	-6.0000e-03	 6.4532e+00	 4.1137e+00
416	-6.0000e-03	-6.0000e-03	 6.7507e+00	 4.8214e+00
417	-3.0000e-03	-6.0000e-03	 6.9055e+00	 5.4506e+00
418	 0.0000e+00	-6.0000e-03	 6.9518e+00	 5.8444e+00
419	 3.0000e-03	-6.0000e-03	 6.9459e+00	 5.7747e+00
420	 6.0000e-03	-6.0000e-03	 6.8999e+00	 5.2478e+00
421	 9.0000e-03	-6.0000e-03	 6.8240e+00	 4.5489e+00
422	 1.2000e-02	-6.0000e-03	 6.5922e+00	 3.8175e+00
423	 1.5000e-02	-6.0000e-03	 6.1576e+00	 2.8034e+00
424	 1.8000e-02	-6.0000e-03	 5.4341e+00	 1.5358e+00
425	 2.1000e-02	-6.0000e-03	 4.3343e+00	 3.3754e+00
426	 2.4000e-02	-6.0000e-03	 4.3757e+00	 5.4742e+00
427	 2.7000e-02	-6.0000e-03	 4.9825e+00	 5.3234e+00
428	 3.0000e-02	-6.0000e-03	 5.5262e+00	 3.4356e+00
429	 3.3000e-02	-6.0000e-03	 5.6005e+00	 1.2490e+00
430	 3.6000e-02	-6.0000e-03	 5.3418e+00	 8.7782e+00
431	 3.9000e-02	-6.0000e-03	 5.0568e+00	 6.9140e+00
432	 4.2000e-02	-6.0000e-03	 4.8379e+00	 4.8431e+00
433	 4.5000e-02	-6.0000e-03	 4.7359e+00	 1.9866e+00
434	-4.5000e-02	-3.0000e-03	 4.3175e+00	 3.4178e+00
435	-4.2000e-02	-3.0000e-03	 4.4108e+00	 5.0867e+00
436	-3.9000e-02	-3.0000e-03	 4.3408e+00	 7.0286e+00
437	-3.6000e-02	-3.0000e-03	 4.4049e+00	 2.6256e+00
438	-3.3000e-02	-3.0000e-03	 4.7192e+00	 1.4314e+00
439	-3.0000e-02	-3.0000e-03	 5.2698e+00	 3.3396e+00
440	-2.7000e-02	-3.0000e-03	 5.3973e+00	 5.3796e+00
441	-2.4000e-02	-3.0000e-03	 5.0522e+00	 7.3611e+00
442	-2.1000e-02	-3.0000e-03	 4.3658e+00	 3.2401e+00
443	-1.8000e-02	-3.0000e-03	 4.2721e+00	 6.6833e+00
444	-1.5000e-02	-3.0000e-03	 5.3303e+00	 2.1030e+00
445	-1.2000e-02	-3.0000e-03	 6.1636e+00	 3.5279e+00
446	-9.0000e-03	-3.0000e-03	 6.5291e+00	 4.4611e+00
447	-6.0000e-03	-3.0000e-03	 6.7825e+00	 5.1978e+00
448	-3.0000e-03	-3.0000e-03	 6.9222e+00	 5.8529e+00
449	 0.0000e+00	-3.0000e-03	 6.9817e+00	 6.2139e+00
450	 3.0000e-03	-3.0000e-03	 6.9972e+00	 6.2247e+00
451	 6.0000e-03	-3.0000e-03	 6.9305e+00	 5.6905e+00
452	 9.0000e-03	-3.0000e-03	 6.8289e+00	 4.9089e+00
453	 1.2000e-02	-3.0000e-03	 6.6603e+00	 4.1988e+00
454	 1.5000e-02	-3.0000e-03	 6.2244e+00	 3.1887e+00
455	 1.8000e-02	-3.0000e-03	 5.3865e+00	 2.1427e+00
456	 2.1000e-02	-3.0000e-03	 4.5575e+00	 3.7058e+00
457	 2.4000e-02	-3.0000e-03	 4.5203e+00	 4.0639e+00
458	 2.7000e-02	-3.0000e-03	 5.0160e+00	 5.0489e+00
459	 3.0000e-02	-3.0000e-03	 5.6015e+00	 3.5062e+00
460	 3.3000e-02	-3.0000e-03	 5.6754e+00	 1.3486e+00
461	 3.6000e-02	-3.0000e-03	 5.4788e+00	 9.0585e+00
462	 3.9000e-02	-3.0000e-03	 5.2954e+00	 7.1057e+00
463	 4.2000e-02	-3.0000e-03	 5.0844e+00	 4.8135e+00
464	 4.5000e-02	-3.0000e-03	 4.9355e+00	 2.1056e+00
465	-4.5000e-02	 0.0000e+00	 4.3757e+00	 2.4928e+00
466	-4.2000e-02	 0.0000e+00	 4.3872e+00	 4.9138e+00
467	-3.9000e-02	 0.0000e+00	 4.4993e+00	 7.3621e+00
468	-3.6000e-02	 0.0000e+00	 4.5627e+00	 2.7975e+00
469	-3.3000e-02	 0.0000e+00	 4.7938e+00	 1.3758e+00
470	-3.0000e-02	 0.0000e+00	 5.2931e+00	 3.2728e+00
471	-2.7000e-02	 0.0000e+00	 5.3904e+00	 5.4568e+00
472	-2.4000e-02	 0.0000e+00	 4.8990e+00	 7.4826e+00
473	-2.1000e-02	 0.0000e+00	 4.1285e+00	 3.5358e+00
474	-1.8000e-02	 0.0000e+00	 4.2258e+00	 6.3937e+00
475	-1.5000e-02	 0.0000e+00	 5.4151e+00	 2.0497e+00
476	-1.2000e-02	 0.0000e+00	 6.1461e+00	 3.5181e+00
477	-9.0000e-03	 0.0000e+00	 6.5350e+00	 4.5302e+00
478	-6.0000e-03	 0.0000e+00	 6.7461e+00	 5.2441e+00
479	-3.0000e-03	 0.0000e+00	 6.9140e+00	 5.9331e+00
480	 0.0000e+00	 0.0000e+00	 6.9785e+00	 6.3434e+00
481	 3.0000e-03	 0.0000e+00	 6.9729e+00	 6.3552e+00
482	 6.0000e-03	 0.0000e+00	 6.8812e+00	 5.8092e+00
483	 9.0000e-03	 0.0000e+00	 6.7825e+00	 4.9610e+00
484	 1.2000e-02	 0.0000e+00	 6.6517e+00	 4.2087e+00
485	 1.5000e-02	 0.0000e+00	 6.2333e+00	 3.1976e+00
486	 1.8000e-02	 0.0000e+00	 5.4115e+00	 2.3888e+00
487	 2.1000e-02	 0.0000e+00	 4.5874e+00	 3.5638e+00
488	 2.4000e-02	 0.0000e+00	 4.7964e+00	 4.1162e+00
489	 2.7000e-02	 0.0000e+00	 4.9210e+00	 4.8349e+00
490	 3.0000e-02	 0.0000e+00	 5.5758e+00	 3.4484e+00
491	 3.3000e-02	 0.0000e+00	 5.6909e+00	 1.3726e+00
492	 3.6000e-02	 0.0000e+00	 5.4834e+00	 9.2000e+00
493	 3.9000e-02	 0.0000e+00	 5.2123e+00	 7.1336e+00
494	 4.2000e-02	 0.0000e+00	 5.1376e+00	 4.8448e+00
495	 4.5000e-02	 0.0000e+00	 4.9496e+00	 2.2765e+00
496	-4.5000e-02	 3.0000e-03	 4.4510e+00	 2.7965e+00
497	-4.2000e-02	 3.0000e-03	 4.4414e+00	 4.4556e+00
498	-3.9000e-02	 3.0000e-03	 4.4812e+00	 7.2760e+00
499	-3.6000e-02	 3.0000e-03	 4.5867e+00	 2.6125e+00
500	-3.3000e-02	 3.0000e-03	 4.7652e+00	 1.3326e+00
501	-3.0000e-02	 3.0000e-03	 5.2317e+00	 3.1299e+00
502	-2.7000e-02	 3.0000e-03	 5.3096e+00	 5.2313e+00
503	-2.4000e-02	 3.0000e-03	 4.8523e+00	 7.3253e+00
504	-2.1000e-02	 3.0000e-03	 4.3221e+00	 3.3277e+00
505	-1.8000e-02	 3.0000e-03	 4.4743e+00	 7.1892e+00
506	-1.5000e-02	 3.0000e-03	 5.3092e+00	 1.5336e+00
507	-1.2000e-02	 3.0000e-03	 6.0843e+00	 3.1841e+00
508	-9.0000e-03	 3.0000e-03	 6.4367e+00	 4.3096e+00
509	-6.0000e-03	 3.0000e-03	 6.6675e+00	 5.0229e+00
510	-3.0000e-03	 3.0000e-03	 6.8680e+00	 5.7188e+00
511	 0.0000e+00	 3.0000e-03	 6.9403e+00	 6.2050e+00
512	 3.0000e-03	 3.0000e-03	 6.9058e+00	 6.1363e+00
513	 6.0000e-03	 3.0000e-03	 6.7996e+00	 5.5275e+00
514	 9.0000e-03	 3.0000e-03	 6.7355e+00	 4.6866e+00
515	 1.2000e-02	 3.0000e-03	 6.5998e+00	 3.8823e+00
516	 1.5000e-02	 3.0000e-03	 6.1991e+00	 2.9905e+00
517	 1.8000e-02	 3.0000e-03	 5.2839e+00	 2.2589e+00
518	 2.1000e-02	 3.0000e-03	 4.7560e+00	 4.0154e+00
519	 2.4000e-02	 3.0000e-03	 4.8324e+00	 4.0200e+00
520	 2.7000e-02	 3.0000e-03	 5.0101e+00	 4.5696e+00
521	 3.0000e-02	 3.0000e-03	 5.5729e+00	 3.2534e+00
522	 3.3000e-02	 3.0000e-03	 5.6692e+00	 1.2036e+00
523	 3.6000e-02	 3.0000e-03	 5.4180e+00	 9.0560e+00
524	 3.9000e-02	 3.0000e-03	 5.2024e+00	 6.9817e+00
525	 4.2000e-02	 3.0000e-03	 5.1748e+00	 4.8441e+00
526	 4.5000e-02	 3.0000e-03	 4.8517e+00	 2.2137e+00
527	-4.5000e-02	 6.0000e-03	 4.5716e+00	 2.9589e+00
528	-4.2000e-02	 6.0000e-03	 4.4365e+00	 5.0798e+00
529	-3.9000e-02	 6.0000e-03	 4.4072e+00	 7.3190e+00
530	-3.6000e-02	 6.0000e-03	 4.5100e+00	 1.8867e+00
531	-3.3000e-02	 6.0000e-03	 4.4588e+00	 1.5471e+00
532	-3.0000e-02	 6.0000e-03	 5.0203e+00	 2.6108e+00
533	-2.7000e-02	 6.0000e-03	 5.1649e+00	 5.0262e+00
534	-2.4000e-02	 6.0000e-03	 4.8332e+00	 7.2260e+00
535	-2.1000e-02	 6.0000e-03	 4.3053e+00	 2.9934e+00
536	-1.8000e-02	 6.0000e-03	 4.5091e+00	 7.1103e+00
537	-1.5000e-02	 6.0000e-03	 5.3776e+00	 1.1290e+00
538	-1.2000e-02	 6.0000e-03	 5.9012e+00	 2.6598e+00
539	-9.0000e-03	 6.0000e-03	 6.2773e+00	 3.6926e+00
540	-6.0000e-03	 6.0000e-03	 6.5712e+00	 4.4621e+00
541	-3.0000e-03	 6.0000e-03	 6.7493e+00	 5.1146e+00
542	 0.0000e+00	 6.0000e-03	 6.8292e+00	 5.6356e+00
543	 3.0000e-03	 6.0000e-03	 6.7602e+00	 5.6015e+00
544	 6.0000e-03	 6.0000e-03	 6.6925e+00	 4.9325e+00
545	 9.0000e-03	 6.0000e-03	 6.6668e+00	 4.1130e+00
546	 1.2000e-02	 6.0000e-03	 6.4693e+00	 3.4740e+00
547	 1.5000e-02	 6.0000e-03	 6.0255e+00	 2.6720e+00
548	 1.8000e-02	 6.0000e-03	 4.9989e+00	 2.2331e+00
549	 2.1000e-02	 6.0000e-03	 4.8451e+00	 4.1867e+00
550	 2.4000e-02	 6.0000e-03	 4.8526e+00	 4.1597e+00
551	 2.7000e-02	 6.0000e-03	 5.0502e+00	 4.4194e+00
552	 3.0000e-02	 6.0000e-03	 5.5640e+00	 3.0210e+00
553	 3.3000e-02	 6.0000e-03	 5.5854e+00	 1.0297e+00
554	 3.6000e-02	 6.0000e-03	 5.3861e+00	 8.8083e+00
555	 3.9000e-02	 6.0000e-03	 5.1150e+00	 6.8992e+00
556	 4.2000e-02	 6.0000e-03	 5.0232e+00	 4.6492e+00
557	 4.5000e-02	 6.0000e-03	 4.7412e+00	 1.9041e+00
558	-4.5000e-02	 9.0000e-03	 4.5321e+00	 2.7278e+00
559	-4.2000e-02	 9.0000e-03	 4.3520e+00	 5.3270e+00
560	-3.9000e-02	 9.0000e-03	 4.3045e+00	 6.9647e+00
561	-3.6000e-02	 9.0000e-03	 4.5634e+00	 2.1092e+00
562	-3.3000e-02	 9.0000e-03	 4.4253e+00	 3.3172e+00
563	-3.0000e-02	 9.0000e-03	 4.6868e+00	 2.2182e+00
564	-2.7000e-02	 9.0000e-03	 4.9421e+00	 4.5298e+00
565	-2.4000e-02	 9.0000e-03	 4.9289e+00	 6.5528e+00
566	-2.1000e-02	 9.0000e-03	 4.3770e+00	 4.0368e+00
567	-1.8000e-02	 9.0000e-03	 4.6156e+00	 6.0331e+00
568	-1.5000e-02	 9.0000e-03	 5.0561e+00	 9.1648e+00
569	-1.2000e-02	 9.0000e-03	 5.4996e+00	 1.8328e+00
570	-9.0000e-03	 9.0000e-03	 6.0163e+00	 2.7691e+00
571	-6.0000e-03	 9.0000e-03	 6.4749e+00	 3.5072e+00
572	-3.0000e-03	 9.0000e-03	 6.6576e+00	 4.1850e+00
573	 0.0000e+00	 9.0000e-03	 6.6580e+00	 4.6893e+00
574	 3.0000e-03	 9.0000e-03	 6.5781e+00	 4.6114e+00
575	 6.0000e-03	 9.0000e-03	 6.5518e+00	 3.9559e+00
576	 9.0000e-03	 9.0000e-03	 6.5137e+00	 3.2886e+00
577	 1.2000e-02	 9.0000e-03	 6.2546e+00	 2.7295e+00
578	 1.5000e-02	 9.0000e-03	 5.6005e+00	 2.1628e+00
579	 1.8000e-02	 9.0000e-03	 4.3149e+00	 3.1884e+00
580	 2.1000e-02	 9.0000e-03	 4.8753e+00	 4.4141e+00
581	 2.4000e-02	 9.0000e-03	 4.7981e+00	 4.6291e+00
582	 2.7000e-02	 9.0000e-03	 5.3010e+00	 4.4339e+00
583	 3.0000e-02	 9.0000e-03	 5.4920e+00	 2.7029e+00
584	 3.3000e-02	 9.0000e-03	 5.4627e+00	 6.9919e-01
585	 3.6000e-02	 9.0000e-03	 5.2501e+00	 8.6927e+00
586	 3.9000e-02	 9.0000e-03	 5.0201e+00	 6.8739e+00
587	 4.2000e-02	 9.0000e-03	 4.9749e+00	 4.4279e+00
588	 4.5000e-02	 9.0000e-03	 4.7481e+00	 1.8876e+00
589	-4.5000e-02	 1.2000e-02	 4.5420e+00	 3.1108e+00
590	-4.2000e-02	 1.2000e-02	 4.3941e+00	 5.6830e+00
591	-3.9000e-02	 1.2000e-02	 4.2882e+00	 6.9578e+00
592	-3.6000e-02	 1.2000e-02	 4.4464e+00	 3.1151e+00
593	-3.3000e-02	 1.2000e-02	 4.2958e+00	 3.6178e+00
594	-3.0000e-02	 1.2000e-02	 4.2942e+00	 3.0054e+00
595	-2.7000e-02	 1.2000e-02	 4.6354e+00	 3.7186e+00
596	-2.4000e-02	 1.2000e-02	 4.9000e+00	 5.6044e+00
597	-2.1000e-02	 1.2000e-02	 4.3714e+00	 7.5421e+00
598	-1.8000e-02	 1.2000e-02	 4.4983e+00	 5.4302e+00
599	-1.5000e-02	 1.2000e-02	 4.8661e+00	 7.9061e+00
600	-1.2000e-02	 1.2000e-02	 5.2415e+00	 9.2584e-01
601	-9.0000e-03	 1.2000e-02	 5.8539e+00	 1.3341e+00
602	-6.0000e-03	 1.2000e-02	 6.2944e+00	 2.2667e+00
603	-3.0000e-03	 1.2000e-02	 6.4680e+00	 2.9911e+00
604	 0.0000e+00	 1.2000e-02	 6.4183e+00	 3.3468e+00
605	 3.0000e-03	 1.2000e-02	 6.3559e+00	 3.1857e+00
606	 6.0000e-03	 1.2000e-02	 6.3641e+00	 2.6913e+00
607	 9.0000e-03	 1.2000e-02	 6.3013e+00	 2.1253e+00
608	 1.2000e-02	 1.2000e-02	 5.9351e+00	 1.5307e+00
609	 1.5000e-02	 1.2000e-02	 5.0992e+00	 1.2259e+00
610	 1.8000e-02	 1.2000e-02	 4.3573e+00	 4.8112e+00
611	 2.1000e-02	 1.2000e-02	 4.6196e+00	 4.6137e+00
612	 2.4000e-02	 1.2000e-02	 4.7458e+00	 4.9072e+00
613	 2.7000e-02	 1.2000e-02	 5.2425e+00	 4.0871e+00
614	 3.0000e-02	 1.2000e-02	 5.3773e+00	 2.2358e+00
615	 3.3000e-02	 1.2000e-02	 5.2596e+00	 6.0107e-01
616	 3.6000e-02	 1.2000e-02	 4.9802e+00	 8.6523e+00
617	 3.9000e-02	 1.2000e-02	 4.9171e+00	 6.6389e+00
618	 4.2000e-02	 1.2000e-02	 4.8609e+00	 4.1688e+00
619	 4.5000e-02	 1.2000e-02	 4.6594e+00	 1.5418e+00
620	-4.5000e-02	 1.5000e-02	 4.5367e+00	 2.8140e+00
621	-4.2000e-02	 1.5000e-02	 4.4947e+00	 5.2579e+00
622	-3.9000e-02	 1.5000e-02	 4.4000e+00	 6.9919e+00
623	-3.6000e-02	 1.5000e-02	 4.2685e+00	 4.1222e+00
624	-3.3000e-02	 1.5000e-02	 4.3099e+00	 3.4983e+00
625	-3.0000e-02	 1.5000e-02	 4.2297e+00	 5.7550e+00
626	-2.7000e-02	 1.5000e-02	 4.5561e+00	 2.7571e+00
627	-2.4000e-02	 1.5000e-02	 4.8520e+00	 4.7162e+00
628	-2.1000e-02	 1.5000e-02	 4.8165e+00	 6.5925e+00
629	-1.8000e-02	 1.5000e-02	 4.4812e+00	 6.5100e+00
630	-1.5000e-02	 1.5000e-02	 4.7251e+00	 7.2194e+00
631	-1.2000e-02	 1.5000e-02	 5.2004e+00	 8.3778e+00
632	-9.0000e-03	 1.5000e-02	 5.7185e+00	 9.5139e+00
633	-6.0000e-03	 1.5000e-02	 6.0745e+00	 9.1828e-01
634	-3.0000e-03	 1.5000e-02	 6.1849e+00	 1.4600e+00
635	 0.0000e+00	 1.5000e-02	 6.2020e+00	 1.6096e+00
636	 3.0000e-03	 1.5000e-02	 6.1534e+00	 1.4081e+00
637	 6.0000e-03	 1.5000e-02	 6.2040e+00	 1.1734e+00
638	 9.0000e-03	 1.5000e-02	 6.1024e+00	 8.0783e-01
639	 1.2000e-02	 1.5000e-02	 5.7481e+00	 3.6308e-01
640	 1.5000e-02	 1.5000e-02	 4.9328e+00	 8.8735e+00
641	 1.8000e-02	 1.5000e-02	 4.3063e+00	 5.7020e+00
642	 2.1000e-02	 1.5000e-02	 4.4355e+00	 5.3352e+00
643	 2.4000e-02	 1.5000e-02	 4.8112e+00	 5.0568e+00
644	 2.7000e-02	 1.5000e-02	 5.1541e+00	 3.2580e+00
645	 3.0000e-02	 1.5000e-02	 5.1002e+00	 1.3982e+00
646	 3.3000e-02	 1.5000e-02	 4.8201e+00	 8.6595e+00
647	 3.6000e-02	 1.5000e-02	 4.7639e+00	 8.2016e+00
648	 3.9000e-02	 1.5000e-02	 4.7639e+00	 5.9542e+00
649	 4.2000e-02	 1.5000e-02	 4.5062e+00	 3.7074e+00
650	 4.5000e-02	 1.5000e-02	 4.4927e+00	 2.0004e+00
651	-4.5000e-02	 1.8000e-02	 4.4122e+00	 2.8419e+00
652	-4.2000e-02	 1.8000e-02	 4.4766e+00	 4.7363e+00
653	-3.9000e-02	 1.8000e-02	 4.3306e+00	 6.3263e+00
654	-3.6000e-02	 1.8000e-02	 4.2978e+00	 4.0476e+00
655	-3.3000e-02	 1.8000e-02	 4.1683e+00	 3.7498e+00
656	-3.0000e-02	 1.8000e-02	 4.2116e+00	 4.8398e+00
657	-2.7000e-02	 1.8000e-02	 4.3034e+00	 2.5927e+00
658	-2.4000e-02	 1.8000e-02	 4.6587e+00	 3.6351e+00
659	-2.1000e-02	 1.8000e-02	 4.8523e+00	 5.3109e+00
660	-1.8000e-02	 1.8000e-02	 4.4375e+00	 6.1455e+00
661	-1.5000e-02	 1.8000e-02	 4.7024e+00	 5.9739e+00
662	-1.2000e-02	 1.8000e-02	 4.9299e+00	 6.4989e+00
663	-9.0000e-03	 1.8000e-02	 5.1860e+00	 8.0383e+00
664	-6.0000e-03	 1.8000e-02	 5.5262e+00	 9.3656e+00
665	-3.0000e-03	 1.8000e-02	 5.8256e+00	 9.7210e+00
666	 0.0000e+00	 1.8000e-02	 5.9680e+00	 9.8078e+00
667	 3.0000e-03	 1.8000e-02	 5.9805e+00	 9.7621e+00
668	 6.0000e-03	 1.8000e-02	 5.9644e+00	 9.6931e+00
669	 9.0000e-03	 1.8000e-02	 5.7589e+00	 9.4899e+00
670	 1.2000e-02	 1.8000e-02	 5.4166e+00	 8.6993e+00
671	 1.5000e-02	 1.8000e-02	 4.9118e+00	 7.6201e+00
672	 1.8000e-02	 1.8000e-02	 4.4539e+00	 7.0097e+00
673	 2.1000e-02	 1.8000e-02	 4.5394e+00	 5.8253e+00
674	 2.4000e-02	 1.8000e-02	 4.9480e+00	 4.2531e+00
675	 2.7000e-02	 1.8000e-02	 4.9322e+00	 2.2939e+00
676	 3.0000e-02	 1.8000e-02	 4.7491e+00	 1.6303e+00
677	 3.3000e-02	 1.8000e-02	 4.5096e+00	 7.7122e+00
678	 3.6000e-02	 1.8000e-02	 4.3336e+00	 7.0649e+00
679	 3.9000e-02	 1.8000e-02	 4.4302e+00	 4.7064e+00
680	 4.2000e-02	 1.8000e-02	 4.6061e+00	 3.2449e+00
681	 4.5000e-02	 1.8000e-02	 4.4105e+00	 2.4984e+00
682	-4.5000e-02	 2.1000e-02	 4.4411e+00	 2.5234e+00
683	-4.2000e-02	 2.1000e-02	 4.3836e+00	 4.6068e+00
684	-3.9000e-02	 2.1000e-02	 4.3052e+00	 6.7382e+00
685	-3.6000e-02	 2.1000e-02	 4.3366e+00	 3.5636e+00
686	-3.3000e-02	 2.1000e-02	 4.2705e+00	 3.6042e+00
687	-3.0000e-02	 2.1000e-02	 4.3481e+00	 3.6298e+00
688	-2.7000e-02	 2.1000e-02	 4.2258e+00	 3.6775e+00
689	-2.4000e-02	 2.1000e-02	 4.4878e+00	 2.8120e+00
690	-2.1000e-02	 2.1000e-02	 4.8139e+00	 4.2416e+00
691	-1.8000e-02	 2.1000e-02	 4.8766e+00	 5.7247e+00
692	-1.5000e-02	 2.1000e-02	 4.3882e+00	 6.7060e+00
693	-1.2000e-02	 2.1000e-02	 4.6354e+00	 5.0864e+00
694	-9.0000e-03	 2.1000e-02	 4.8908e+00	 5.9502e+00
695	-6.0000e-03	 2.1000e-02	 4.8467e+00	 7.3769e+00
696	-3.0000e-03	 2.1000e-02	 5.3576e+00	 8.1753e+00
697	 0.0000e+00	 2.1000e-02	 5.6034e+00	 8.3762e+00
698	 3.0000e-03	 2.1000e-02	 5.7527e+00	 8.3548e+00
699	 6.0000e-03	 2.1000e-02	 5.5561e+00	 8.1944e+00
700	 9.0000e-03	 2.1000e-02	 5.2997e+00	 8.2181e+00
701	 1.2000e-02	 2.1000e-02	 4.9874e+00	 7.2605e+00
702	 1.5000e-02	 2.1000e-02	 4.7333e+00	 6.5215e+00
703	 1.8000e-02	 2.1000e-02	 4.8372e+00	 6.2587e+00
704	 2.1000e-02	 2.1000e-02	 4.9200e+00	 4.9325e+00
705	 2.4000e-02	 2.1000e-02	 4.8402e+00	 3.3636e+00
706	 2.7000e-02	 2.1000e-02	 4.5870e+00	 1.6270e+00
707	 3.0000e-02	 2.1000e-02	 4.3293e+00	 5.4716e+00
708	 3.3000e-02	 2.1000e-02	 4.1893e+00	 7.0557e+00
709	 3.6000e-02	 2.1000e-02	 4.2935e+00	 6.8608e+00
710	 3.9000e-02	 2.1000e-02	 4.1794e+00	 4.1522e+00
711	 4.2000e-02	 2.1000e-02	 4.4736e+00	 3.5585e+00
712	 4.5000e-02	 2.1000e-02	 4.3484e+00	 5.2816e+00
713	-4.5000e-02	 2.4000e-02	 4.2268e+00	 4.0417e+00
714	-4.2000e-02	 2.4000e-02	 4.3638e+00	 4.0305e+00
715	-3.9000e-02	 2.4000e-02	 4.4095e+00	 5.8401e+00
716	-3.6000e-02	 2.4000e-02	 4.3428e+00	 4.5433e+00
717	-3.3000e-02	 2.4000e-02	 4.2550e+00	 3.3254e+00
718	-3.0000e-02	 2.4000e-02	 4.2531e+00	 2.6734e+00
719	-2.7000e-02	 2.4000e-02	 4.4710e+00	 3.0523e+00
720	-2.4000e-02	 2.4000e-02	 4.5259e+00	 3.3317e+00
721	-2.1000e-02	 2.4000e-02	 4.6653e+00	 3.1499e+00
722	-1.8000e-02	 2.4000e-02	 4.9292e+00	 3.9069e+00
723	-1.5000e-02	 2.4000e-02	 4.8674e+00	 4.5315e+00
724	-1.2000e-02	 2.4000e-02	 4.7642e+00	 4.3895e+00
725	-9.0000e-03	 2.4000e-02	 5.0255e+00	 4.5736e+00
726	-6.0000e-03	 2.4000e-02	 4.9417e+00	 4.9514e+00
727	-3.0000e-03	 2.4000e-02	 5.0351e+00	 5.8884e+00
728	 0.0000e+00	 2.4000e-02	 5.2142e+00	 6.6294e+00
729	 3.0000e-03	 2.4000e-02	 5.2737e+00	 6.9075e+00
730	 6.0000e-03	 2.4000e-02	 5.1347e+00	 7.0225e+00
731	 9.0000e-03	 2.4000e-02	 4.8089e+00	 6.9042e+00
732	 1.2000e-02	 2.4000e-02	 4.8352e+00	 6.4420e+00
733	 1.5000e-02	 2.4000e-02	 4.8819e+00	 5.6536e+00
734	 1.8000e-02	 2.4000e-02	 4.7907e+00	 4.7386e+00
735	 2.1000e-02	 2.4000e-02	 4.6689e+00	 3.8428e+00
736	 2.4000e-02	 2.4000e-02	 4.4907e+00	 2.2972e+00
737	 2.7000e-02	 2.4000e-02	 4.1877e+00	 3.0135e+00
738	 3.0000e-02	 2.4000e-02	 4.2353e+00	 3.5989e+00
739	 3.3000e-02	 2.4000e-02	 4.3665e+00	 7.0179e+00
740	 3.6000e-02	 2.4000e-02	 4.3382e+00	 5.6340e+00
741	 3.9000e-02	 2.4000e-02	 4.3326e+00	 4.0772e+00
742	 4.2000e-02	 2.4000e-02	 4.4283e+00	 2.6164e+00
743	 4.5000e-02	 2.4000e-02	 4.2646e+00	 4.7938e+00
744	-4.5000e-02	 2.7000e-02	 4.3168e+00	 4.6656e+00
745	-4.2000e-02	 2.7000e-02	 4.2126e+00	 3.6903e+00
746	-3.9000e-02	 2.7000e-02	 4.1916e+00	 4.4020e+00
747	-3.6000e-02	 2.7000e-02	 4.1360e+00	 5.8878e+00
748	-3.3000e-02	 2.7000e-02	 4.2767e+00	 6.6946e+00
749	-3.0000e-02	 2.7000e-02	 4.4917e+00	 3.0174e+00
750	-2.7000e-02	 2.7000e-02	 4.3954e+00	 2.5796e+00
751	-2.4000e-02	 2.7000e-02	 4.4217e+00	 2.7548e+00
752	-2.1000e-02	 2.7000e-02	 4.4201e+00	 2.6818e+00
753	-1.8000e-02	 2.7000e-02	 4.7267e+00	 2.0688e+00
754	-1.5000e-02	 2.7000e-02	 5.1728e+00	 2.8961e+00
755	-1.2000e-02	 2.7000e-02	 5.1455e+00	 3.4622e+00
756	-9.0000e-03	 2.7000e-02	 5.0745e+00	 3.9526e+00
757	-6.0000e-03	 2.7000e-02	 5.0620e+00	 3.9359e+00
758	-3.0000e-03	 2.7000e-02	 4.9940e+00	 4.1840e+00
759	 0.0000e+00	 2.7000e-02	 5.0870e+00	 4.6386e+00
760	 3.0000e-03	 2.7000e-02	 5.0624e+00	 5.0203e+00
761	 6.0000e-03	 2.7000e-02	 4.8888e+00	 5.3822e+00
762	 9.0000e-03	 2.7000e-02	 4.7879e+00	 4.4118e+00
763	 1.2000e-02	 2.7000e-02	 4.7409e+00	 4.0999e+00
764	 1.5000e-02	 2.7000e-02	 4.5647e+00	 2.9635e+00
765	 1.8000e-02	 2.7000e-02	 4.3773e+00	 2.4586e+00
766	 2.1000e-02	 2.7000e-02	 4.3497e+00	 3.9382e+00
767	 2.4000e-02	 2.7000e-02	 4.2537e+00	 4.1452e+00
768	 2.7000e-02	 2.7000e-02	 4.2672e+00	 3.5577e+00
769	 3.0000e-02	 2.7000e-02	 4.2692e+00	 3.4165e+00
770	 3.3000e-02	 2.7000e-02	 4.4279e+00	 5.7451e+00
771	 3.6000e-02	 2.7000e-02	 4.3298e+00	 4.8826e+00
772	 3.9000e-02	 2.7000e-02	 4.4296e+00	 3.4047e+00
773	 4.2000e-02	 2.7000e-02	 4.2616e+00	 3.2324e+00
774	 4.5000e-02	 2.7000e-02	 4.2139e+00	 5.1094e+00
775	-4.5000e-02	 3.0000e-02	 4.0923e+00	 4.7231e+00
776	-4.2000e-02	 3.0000e-02	 4.3573e+00	 4.4560e+00
777	-3.9000e-02	 3.0000e-02	 4.1755e+00	 4.4462e+00
778	-3.6000e-02	 3.0000e-02	 4.2840e+00	 5.2333e+00
779	-3.3000e-02	 3.0000e-02	 4.3553e+00	 6.1616e+00
780	-3.0000e-02	 3.0000e-02	 4.3415e+00	 4.3306e+00
781	-2.7000e-02	 3.0000e-02	 4.2846e+00	 2.4399e+00
782	-2.4000e-02	 3.0000e-02	 4.3717e+00	 2.7033e+00
783	-2.1000e-02	 3.0000e-02	 4.3313e+00	 3.5825e+00
784	-1.8000e-02	 3.0000e-02	 4.2715e+00	 3.8780e+00
785	-1.5000e-02	 3.0000e-02	 4.3757e+00	 2.3715e+00
786	-1.2000e-02	 3.0000e-02	 4.8548e+00	 2.3643e+00
787	-9.0000e-03	 3.0000e-02	 4.9269e+00	 2.8373e+00
788	-6.0000e-03	 3.0000e-02	 4.8921e+00	 2.9938e+00
789	-3.0000e-03	 3.0000e-02	 4.9845e+00	 2.6512e+00
790	 0.0000e+00	 3.0000e-02	 5.0969e+00	 2.5855e+00
791	 3.0000e-03	 3.0000e-02	 4.9292e+00	 2.4981e+00
792	 6.0000e-03	 3.0000e-02	 4.6577e+00	 2.4156e+00
793	 9.0000e-03	 3.0000e-02	 4.4046e+00	 2.7837e+00
794	 1.2000e-02	 3.0000e-02	 4.2823e+00	 4.1715e+00
795	 1.5000e-02	 3.0000e-02	 4.2626e+00	 6.5380e+00
796	 1.8000e-02	 3.0000e-02	 4.3836e+00	 5.6807e+00
797	 2.1000e-02	 3.0000e-02	 4.4855e+00	 5.0476e+00
798	 2.4000e-02	 3.0000e-02	 4.3892e+00	 3.2084e+00
799	 2.7000e-02	 3.0000e-02	 4.3293e+00	 3.3514e+00
800	 3.0000e-02	 3.0000e-02	 4.2863e+00	 5.6340e+00
801	 3.3000e-02	 3.0000e-02	 4.2810e+00	 5.1541e+00
802	 3.6000e-02	 3.0000e-02	 4.2682e+00	 4.2031e+00
803	 3.9000e-02	 3.0000e-02	 4.1722e+00	 3.2916e+00
804	 4.2000e-02	 3.0000e-02	 4.2373e+00	 5.0356e+00
805	 4.5000e-02	 3.0000e-02	 4.1088e+00	 5.1363e+00
806	-4.5000e-02	 3.3000e-02	 4.2679e+00	 4.0897e+00
807	-4.2000e-02	 3.3000e-02	 4.1420e+00	 5.6859e+00
808	-3.9000e-02	 3.3000e-02	 4.1978e+00	 4.1120e+00
809	-3.6000e-02	 3.3000e-02	 4.3047e+00	 4.1584e+00
810	-3.3000e-02	 3.3000e-02	 4.2481e+00	 5.5985e+00
811	-3.0000e-02	 3.3000e-02	 4.2997e+00	 5.2783e+00
812	-2.7000e-02	 3.3000e-02	 4.1114e+00	 3.2551e+00
813	-2.4000e-02	 3.3000e-02	 4.2595e+00	 3.5787e+00
814	-2.1000e-02	 3.3000e-02	 4.3392e+00	 2.9441e+00
815	-1.8000e-02	 3.3000e-02	 4.5907e+00	 2.9201e+00
816	-1.5000e-02	 3.3000e-02	 4.4812e+00	 3.4349e+00
817	-1.2000e-02	 3.3000e-02	 4.5266e+00	 3.8596e+00
818	-9.0000e-03	 3.3000e-02	 4.4138e+00	 3.4379e+00
819	-6.0000e-03	 3.3000e-02	 4.4782e+00	 3.2988e+00
820	-3.0000e-03	 3.3000e-02	 4.3727e+00	 2.4566e+00
821	 0.0000e+00	 3.3000e-02	 4.2468e+00	 3.0056e+00
822	 3.0000e-03	 3.3000e-02	 4.2919e+00	 6.2148e+00
823	 6.0000e-03	 3.3000e-02	 4.3767e+00	 7.3657e+00
824	 9.0000e-03	 3.3000e-02	 4.5394e+00	 6.1659e+00
825	 1.2000e-02	 3.3000e-02	 4.5568e+00	 5.3444e+00
826	 1.5000e-02	 3.3000e-02	 4.7241e+00	 4.5962e+00
827	 1.8000e-02	 3.3000e-02	 4.6248e+00	 3.9579e+00
828	 2.1000e-02	 3.3000e-02	 4.3773e+00	 3.0970e+00
829	 2.4000e-02	 3.3000e-02	 4.3569e+00	 3.4290e+00
830	 2.7000e-02	 3.3000e-02	 4.2598e+00	 3.7199e+00
831	 3.0000e-02	 3.3000e-02	 4.2192e+00	 5.1370e+00
832	 3.3000e-02	 3.3000e-02	 4.2343e+00	 3.9336e+00
833	 3.6000e-02	 3.3000e-02	 4.3425e+00	 3.8757e+00
834	 3.9000e-02	 3.3000e-02	 4.2120e+00	 5.3760e+00
835	 4.2000e-02	 3.3000e-02	 4.2965e+00	 4.2830e+00
836	 4.5000e-02	 3.3000e-02	 4.1410e+00	 5.6590e+00
837	-4.5000e-02	 3.6000e-02	 4.2442e+00	 5.3546e+00
838	-4.2000e-02	 3.6000e-02	 4.2734e+00	 5.0311e+00
839	-3.9000e-02	 3.6000e-02	 4.0811e+00	 4.4243e+00
840	-3.6000e-02	 3.6000e-02	 4.2909e+00	 4.2757e+00
841	-3.3000e-02	 3.6000e-02	 4.2830e+00	 4.8060e+00
842	-3.0000e-02	 3.6000e-02	 4.0946e+00	 4.7639e+00
843	-2.7000e-02	 3.6000e-02	 4.2564e+00	 3.9806e+00
844	-2.4000e-02	 3.6000e-02	 4.2873e+00	 2.9037e+00
845	-2.1000e-02	 3.6000e-02	 4.3619e+00	 4.0353e+00
846	-1.8000e-02	 3.6000e-02	 4.3977e+00	 3.0671e+00
847	-1.5000e-02	 3.6000e-02	 4.6916e+00	 2.2404e+00
848	-1.2000e-02	 3.6000e-02	 4.8766e+00	 2.6979e+00
849	-9.0000e-03	 3.6000e-02	 5.0071e+00	 3.0243e+00
850	-6.0000e-03	 3.6000e-02	 5.0022e+00	 3.0401e+00
851	-3.0000e-03	 3.6000e-02	 4.9565e+00	 2.9119e+00
852	 0.0000e+00	 3.6000e-02	 4.8329e+00	 3.1358e+00
853	 3.0000e-03	 3.6000e-02	 4.6179e+00	 3.7271e+00
854	 6.0000e-03	 3.6000e-02	 4.7090e+00	 3.6124e+00
855	 9.0000e-03	 3.6000e-02	 4.8023e+00	 3.6144e+00
856	 1.2000e-02	 3.6000e-02	 4.6788e+00	 3.0137e+00
857	 1.5000e-02	 3.6000e-02	 4.6870e+00	 2.8643e+00
858	 1.8000e-02	 3.6000e-02	 4.5121e+00	 2.4701e+00
859	 2.1000e-02	 3.6000e-02	 4.2882e+00	 3.6811e+00
860	 2.4000e-02	 3.6000e-02	 4.3402e+00	 3.4231e+00
861	 2.7000e-02	 3.6000e-02	 4.2649e+00	 2.9185e+00
862	 3.0000e-02	 3.6000e-02	 4.1719e+00	 4.0989e+00
863	 3.3000e-02	 3.6000e-02	 4.2485e+00	 4.1778e+00
864	 3.6000e-02	 3.6000e-02	 4.3405e+00	 4.1051e+00
865	 3.9000e-02	 3.6000e-02	 4.2485e+00	 4.8807e+00
866	 4.2000e-02	 3.6000e-02	 4.2800e+00	 4.6919e+00
867	 4.5000e-02	 3.6000e-02	 4.2070e+00	 4.0772e+00
868	-4.5000e-02	 3.9000e-02	 4.2024e+00	 3.8889e+00
869	-4.2000e-02	 3.9000e-02	 4.2534e+00	 4.7772e+00
870	-3.9000e-02	 3.9000e-02	 4.1755e+00	 4.8477e+00
871	-3.6000e-02	 3.9000e-02	 4.3132e+00	 4.2452e+00
872	-3.3000e-02	 3.9000e-02	 4.2813e+00	 5.1205e+00
873	-3.0000e-02	 3.9000e-02	 4.3336e+00	 6.6596e+00
874	-2.7000e-02	 3.9000e-02	 4.0805e+00	 5.2902e+00
875	-2.4000e-02	 3.9000e-02	 4.3527e+00	 2.0691e+00
876	-2.1000e-02	 3.9000e-02	 4.5098e+00	 2.3206e+00
877	-1.8000e-02	 3.9000e-02	 4.5390e+00	 2.8758e+00
878	-1.5000e-02	 3.9000e-02	 4.3744e+00	 3.1345e+00
879	-1.2000e-02	 3.9000e-02	 4.4871e+00	 2.5760e+00
880	-9.0000e-03	 3.9000e-02	 4.7392e+00	 1.7805e+00
881	-6.0000e-03	 3.9000e-02	 4.8671e+00	 1.2644e+00
882	-3.0000e-03	 3.9000e-02	 5.0081e+00	 1.0905e+00
883	 0.0000e+00	 3.9000e-02	 5.0489e+00	 1.0675e+00
884	 3.0000e-03	 3.9000e-02	 4.8592e+00	 9.9914e-01
885	 6.0000e-03	 3.9000e-02	 4.7547e+00	 1.7055e+00
886	 9.0000e-03	 3.9000e-02	 4.7004e+00	 1.3302e+00
887	 1.2000e-02	 3.9000e-02	 4.4690e+00	 2.1749e+00
888	 1.5000e-02	 3.9000e-02	 4.2560e+00	 3.1650e+00
889	 1.8000e-02	 3.9000e-02	 4.4283e+00	 2.5079e+00
890	 2.1000e-02	 3.9000e-02	 4.2994e+00	 2.5323e+00
891	 2.4000e-02	 3.9000e-02	 4.4276e+00	 3.4977e+00
892	 2.7000e-02	 3.9000e-02	 4.1814e+00	 5.5665e+00
893	 3.0000e-02	 3.9000e-02	 4.2869e+00	 6.0219e+00
894	 3.3000e-02	 3.9000e-02	 4.3323e+00	 5.0043e+00
895	 3.6000e-02	 3.9000e-02	 4.2873e+00	 3.4106e+00
896	 3.9000e-02	 3.9000e-02	 4.1929e+00	 4.3510e+00
897	 4.2000e-02	 3.9000e-02	 4.1965e+00	 4.3918e+00
898	 4.5000e-02	 3.9000e-02	 4.3464e+00	 4.7788e+00
899	-4.5000e-02	 4.2000e-02	 4.2633e+00	 4.8380e+00
900	-4.2000e-02	 4.2000e-02	 4.3182e+00	 4.9286e+00
901	-3.9000e-02	 4.2000e-02	 4.2261e+00	 4.4279e+00
902	-3.6000e-02	 4.2000e-02	 4.1337e+00	 4.3001e+00
903	-3.3000e-02	 4.2000e-02	 4.1265e+00	 4.9059e+00
904	-3.0000e-02	 4.2000e-02	 4.2130e+00	 4.9707e+00
905	-2.7000e-02	 4.2000e-02	 4.1992e+00	 6.8887e+00
906	-2.4000e-02	 4.2000e-02	 4.4888e+00	 7.5139e+00
907	-2.1000e-02	 4.2000e-02	 4.5520e+00	 1.6204e+00
908	-1.8000e-02	 4.2000e-02	 4.6518e+00	 1.6894e+00
909	-1.5000e-02	 4.2000e-02	 4.7524e+00	 2.0178e+00
910	-1.2000e-02	 4.2000e-02	 4.7774e+00	 2.4790e+00
911	-9.0000e-03	 4.2000e-02	 4.5782e+00	 2.3653e+00
912	-6.0000e-03	 4.2000e-02	 4.4424e+00	 2.5710e+00
913	-3.0000e-03	 4.2000e-02	 4.3375e+00	 6.2819e+00
914	 0.0000e+00	 4.2000e-02	 4.5170e+00	 7.9074e+00
915	 3.0000e-03	 4.2000e-02	 4.3232e+00	 7.0337e+00
916	 6.0000e-03	 4.2000e-02	 4.2659e+00	 7.0248e+00
917	 9.0000e-03	 4.2000e-02	 4.2235e+00	 6.7796e+00
918	 1.2000e-02	 4.2000e-02	 4.2008e+00	 6.4551e+00
919	 1.5000e-02	 4.2000e-02	 4.3714e+00	 4.7425e+00
920	 1.8000e-02	 4.2000e-02	 4.3655e+00	 7.4377e+00
921	 2.1000e-02	 4.2000e-02	 4.3688e+00	 6.9278e+00
922	 2.4000e-02	 4.2000e-02	 4.2429e+00	 6.6951e+00
923	 2.7000e-02	 4.2000e-02	 4.4214e+00	 5.7053e+00
924	 3.0000e-02	 4.2000e-02	 4.2705e+00	 3.8875e+00
925	 3.3000e-02	 4.2000e-02	 4.3293e+00	 4.2656e+00
926	 3.6000e-02	 4.2000e-02	 4.2909e+00	 5.2491e+00
927	 3.9000e-02	 4.2000e-02	 4.3188e+00	 3.8211e+00
928	 4.2000e-02	 4.2000e-02	 4.1429e+00	 3.5868e+00
929	 4.5000e-02	 4.2000e-02	 4.2965e+00	 4.1466e+00
930	-4.5000e-02	 4.5000e-02	 4.3063e+00	 4.1732e+00
931	-4.2000e-02	 4.5000e-02	 4.2232e+00	 4.7498e+00
932	-3.9000e-02	 4.5000e-02	 4.1120e+00	 4.8747e+00
933	-3.6000e-02	 4.5000e-02	 4.0857e+00	 3.9224e+00
934	-3.3000e-02	 4.5000e-02	 4.2672e+00	 4.6511e+00
935	-3.0000e-02	 4.5000e-02	 4.2304e+00	 4.8612e+00
936	-2.7000e-02	 4.5000e-02	 4.3172e+00	 5.8023e+00
937	-2.4000e-02	 4.5000e-02	 4.4279e+00	 7.0551e+00
938	-2.1000e-02	 4.5000e-02	 4.4572e+00	 8.1628e+00
939	-1.8000e-02	 4.5000e-02	 4.6031e+00	 2.3937e+00
940	-1.5000e-02	 4.5000e-02	 4.6086e+00	 1.1093e+00
941	-1.2000e-02	 4.5000e-02	 4.7126e+00	 1.4010e+00
942	-9.0000e-03	 4.5000e-02	 4.5953e+00	 1.6401e+00
943	-6.0000e-03	 4.5000e-02	 4.4510e+00	 2.1904e+00
944	-3.0000e-03	 4.5000e-02	 4.4128e+00	 7.4742e+00
945	 0.0000e+00	 4.5000e-02	 4.1939e+00	 7.4610e+00
946	 3.0000e-03	 4.5000e-02	 4.1969e+00	 5.7872e+00
947	 6.0000e-03	 4.5000e-02	 4.2610e+00	 6.1606e+00
948	 9.0000e-03	 4.5000e-02	 4.2922e+00	 6.6182e+00
949	 1.2000e-02	 4.5000e-02	 4.2110e+00	 6.2439e+00
950	 1.5000e-02	 4.5000e-02	 4.3517e+00	 5.3477e+00
951	 1.8000e-02	 4.5000e-02	 4.1709e+00	 5.9285e+00
952	 2.1000e-02	 4.5000e-02	 4.4204e+00	 5.1043e+00
953	 2.4000e-02	 4.5000e-02	 4.1203e+00	 4.5768e+00
954	 2.7000e-02	 4.5000e-02	 4.2284e+00	 3.9158e+00
955	 3.0000e-02	 4.5000e-02	 4.1153e+00	 3.4007e+00
956	 3.3000e-02	 4.5000e-02	 4.3017e+00	 4.8888e+00
957	 3.6000e-02	 4.5000e-02	 4.1973e+00	 4.9986e+00
958	 3.9000e-02	 4.5000e-02	 4.3198e+00	 4.3329e+00
959	 4.2000e-02	 4.5000e-02	 4.3218e+00	 4.3944e+00
960	 4.5000e-02	 4.5000e-02	 4.1738e+00	 4.2593e+00
