	x (m)	y (m)	Mesure ch1 (V)	Mesure ch2 (V)
0	-1.5000e-02	-1.5000e-02	 4.8750e+00	 2.6411e+00
1	-1.4000e-02	-1.5000e-02	 4.9480e+00	 4.3675e+00
2	-1.3000e-02	-1.5000e-02	 4.9082e+00	 5.7796e+00
3	-1.2000e-02	-1.5000e-02	 5.1814e+00	 6.7921e+00
4	-1.1000e-02	-1.5000e-02	 5.4384e+00	 7.8187e+00
5	-1.0000e-02	-1.5000e-02	 5.5896e+00	 8.5047e+00
6	-9.0000e-03	-1.5000e-02	 5.6761e+00	 9.2605e+00
7	-8.0000e-03	-1.5000e-02	 5.7106e+00	 9.6717e+00
8	-7.0000e-03	-1.5000e-02	 5.7569e+00	 5.1495e-01
9	-6.0000e-03	-1.5000e-02	 5.7803e+00	 1.1434e+00
10	-5.0000e-03	-1.5000e-02	 5.8671e+00	 1.7506e+00
11	-4.0000e-03	-1.5000e-02	 5.9289e+00	 2.2778e+00
12	-3.0000e-03	-1.5000e-02	 5.9624e+00	 2.6851e+00
13	-2.0000e-03	-1.5000e-02	 6.0140e+00	 2.8725e+00
14	-1.0000e-03	-1.5000e-02	 5.9979e+00	 3.0233e+00
15	 0.0000e+00	-1.5000e-02	 5.9815e+00	 3.1003e+00
16	 1.0000e-03	-1.5000e-02	 5.9755e+00	 3.0187e+00
17	 2.0000e-03	-1.5000e-02	 5.9861e+00	 3.0588e+00
18	 3.0000e-03	-1.5000e-02	 5.9676e+00	 3.0266e+00
19	 4.0000e-03	-1.5000e-02	 5.9706e+00	 2.8643e+00
20	 5.0000e-03	-1.5000e-02	 5.9200e+00	 2.4435e+00
21	 6.0000e-03	-1.5000e-02	 5.8424e+00	 2.0684e+00
22	 7.0000e-03	-1.5000e-02	 5.8411e+00	 1.5050e+00
23	 8.0000e-03	-1.5000e-02	 5.7796e+00	 8.8672e-01
24	 9.0000e-03	-1.5000e-02	 5.7780e+00	 3.5487e-01
25	 1.0000e-02	-1.5000e-02	 5.7352e+00	 9.6372e+00
26	 1.1000e-02	-1.5000e-02	 5.6629e+00	 8.9505e+00
27	 1.2000e-02	-1.5000e-02	 5.4999e+00	 8.2822e+00
28	 1.3000e-02	-1.5000e-02	 5.3480e+00	 7.6303e+00
29	 1.4000e-02	-1.5000e-02	 5.1531e+00	 6.8476e+00
30	 1.5000e-02	-1.5000e-02	 4.9578e+00	 5.4595e+00
31	-1.5000e-02	-1.4000e-02	 4.9003e+00	 3.6564e+00
32	-1.4000e-02	-1.4000e-02	 5.0140e+00	 5.3947e+00
33	-1.3000e-02	-1.4000e-02	 5.1815e+00	 6.9328e+00
34	-1.2000e-02	-1.4000e-02	 5.4000e+00	 7.8492e+00
35	-1.1000e-02	-1.4000e-02	 5.5998e+00	 8.5586e+00
36	-1.0000e-02	-1.4000e-02	 5.6790e+00	 9.4228e+00
37	-9.0000e-03	-1.4000e-02	 5.7369e+00	 3.4862e-01
38	-8.0000e-03	-1.4000e-02	 5.7842e+00	 8.6338e-01
39	-7.0000e-03	-1.4000e-02	 5.7826e+00	 1.6063e+00
40	-6.0000e-03	-1.4000e-02	 5.8309e+00	 2.1937e+00
41	-5.0000e-03	-1.4000e-02	 5.9285e+00	 2.7709e+00
42	-4.0000e-03	-1.4000e-02	 6.0285e+00	 3.2794e+00
43	-3.0000e-03	-1.4000e-02	 6.0580e+00	 3.6052e+00
44	-2.0000e-03	-1.4000e-02	 6.0462e+00	 3.8224e+00
45	-1.0000e-03	-1.4000e-02	 6.0446e+00	 4.0006e+00
46	 0.0000e+00	-1.4000e-02	 6.0170e+00	 4.0279e+00
47	 1.0000e-03	-1.4000e-02	 6.0110e+00	 4.1679e+00
48	 2.0000e-03	-1.4000e-02	 6.0133e+00	 4.0805e+00
49	 3.0000e-03	-1.4000e-02	 6.0551e+00	 4.0243e+00
50	 4.0000e-03	-1.4000e-02	 6.0104e+00	 3.8297e+00
51	 5.0000e-03	-1.4000e-02	 5.9916e+00	 3.5365e+00
52	 6.0000e-03	-1.4000e-02	 5.9358e+00	 3.0924e+00
53	 7.0000e-03	-1.4000e-02	 5.8740e+00	 2.5257e+00
54	 8.0000e-03	-1.4000e-02	 5.7717e+00	 1.8719e+00
55	 9.0000e-03	-1.4000e-02	 5.7668e+00	 1.2072e+00
56	 1.0000e-02	-1.4000e-02	 5.7724e+00	 5.4618e-01
57	 1.1000e-02	-1.4000e-02	 5.7201e+00	 9.6036e+00
58	 1.2000e-02	-1.4000e-02	 5.6945e+00	 9.2105e+00
59	 1.3000e-02	-1.4000e-02	 5.4821e+00	 8.4607e+00
60	 1.4000e-02	-1.4000e-02	 5.2530e+00	 7.7904e+00
61	 1.5000e-02	-1.4000e-02	 5.0673e+00	 6.7628e+00
62	-1.5000e-02	-1.3000e-02	 4.8743e+00	 4.7169e+00
63	-1.4000e-02	-1.3000e-02	 5.0676e+00	 6.4548e+00
64	-1.3000e-02	-1.3000e-02	 5.3861e+00	 7.7362e+00
65	-1.2000e-02	-1.3000e-02	 5.5880e+00	 8.7444e+00
66	-1.1000e-02	-1.3000e-02	 5.6754e+00	 9.5001e+00
67	-1.0000e-02	-1.3000e-02	 5.7711e+00	 3.5026e-01
68	-9.0000e-03	-1.3000e-02	 5.7813e+00	 9.5312e-01
69	-8.0000e-03	-1.3000e-02	 5.8210e+00	 1.8288e+00
70	-7.0000e-03	-1.3000e-02	 5.8250e+00	 2.5240e+00
71	-6.0000e-03	-1.3000e-02	 5.9068e+00	 3.2429e+00
72	-5.0000e-03	-1.3000e-02	 6.0390e+00	 3.7580e+00
73	-4.0000e-03	-1.3000e-02	 6.0935e+00	 4.2015e+00
74	-3.0000e-03	-1.3000e-02	 6.0968e+00	 4.4976e+00
75	-2.0000e-03	-1.3000e-02	 6.0935e+00	 4.7215e+00
76	-1.0000e-03	-1.3000e-02	 6.0791e+00	 4.9394e+00
77	 0.0000e+00	-1.3000e-02	 6.0804e+00	 5.0857e+00
78	 1.0000e-03	-1.3000e-02	 6.0673e+00	 5.1051e+00
79	 2.0000e-03	-1.3000e-02	 6.0932e+00	 5.0680e+00
80	 3.0000e-03	-1.3000e-02	 6.1011e+00	 4.9414e+00
81	 4.0000e-03	-1.3000e-02	 6.0679e+00	 4.7665e+00
82	 5.0000e-03	-1.3000e-02	 6.0074e+00	 4.4496e+00
83	 6.0000e-03	-1.3000e-02	 5.9824e+00	 4.0115e+00
84	 7.0000e-03	-1.3000e-02	 5.8911e+00	 3.4609e+00
85	 8.0000e-03	-1.3000e-02	 5.8132e+00	 2.9257e+00
86	 9.0000e-03	-1.3000e-02	 5.8003e+00	 2.1723e+00
87	 1.0000e-02	-1.3000e-02	 5.7934e+00	 1.4274e+00
88	 1.1000e-02	-1.3000e-02	 5.7888e+00	 6.8621e-01
89	 1.2000e-02	-1.3000e-02	 5.7753e+00	 3.7196e-01
90	 1.3000e-02	-1.3000e-02	 5.5952e+00	 9.2960e+00
91	 1.4000e-02	-1.3000e-02	 5.4141e+00	 8.4722e+00
92	 1.5000e-02	-1.3000e-02	 5.2113e+00	 7.4081e+00
93	-1.5000e-02	-1.2000e-02	 4.9812e+00	 5.8128e+00
94	-1.4000e-02	-1.2000e-02	 5.2353e+00	 7.5011e+00
95	-1.3000e-02	-1.2000e-02	 5.6051e+00	 8.6438e+00
96	-1.2000e-02	-1.2000e-02	 5.7073e+00	 9.4718e+00
97	-1.1000e-02	-1.2000e-02	 5.8092e+00	 2.8814e-01
98	-1.0000e-02	-1.2000e-02	 5.7984e+00	 9.8763e-01
99	-9.0000e-03	-1.2000e-02	 5.7974e+00	 1.7756e+00
100	-8.0000e-03	-1.2000e-02	 5.8398e+00	 2.6555e+00
101	-7.0000e-03	-1.2000e-02	 5.8644e+00	 3.4014e+00
102	-6.0000e-03	-1.2000e-02	 6.0068e+00	 4.0555e+00
103	-5.0000e-03	-1.2000e-02	 6.1304e+00	 4.5946e+00
104	-4.0000e-03	-1.2000e-02	 6.1692e+00	 5.0144e+00
105	-3.0000e-03	-1.2000e-02	 6.1984e+00	 5.3612e+00
106	-2.0000e-03	-1.2000e-02	 6.1981e+00	 5.6603e+00
107	-1.0000e-03	-1.2000e-02	 6.1649e+00	 5.9318e+00
108	 0.0000e+00	-1.2000e-02	 6.1570e+00	 6.0518e+00
109	 1.0000e-03	-1.2000e-02	 6.1866e+00	 6.0235e+00
110	 2.0000e-03	-1.2000e-02	 6.1738e+00	 6.0433e+00
111	 3.0000e-03	-1.2000e-02	 6.1524e+00	 5.8792e+00
112	 4.0000e-03	-1.2000e-02	 6.1363e+00	 5.6521e+00
113	 5.0000e-03	-1.2000e-02	 6.0564e+00	 5.2823e+00
114	 6.0000e-03	-1.2000e-02	 5.9989e+00	 4.8822e+00
115	 7.0000e-03	-1.2000e-02	 5.9650e+00	 4.3885e+00
116	 8.0000e-03	-1.2000e-02	 5.8687e+00	 3.8139e+00
117	 9.0000e-03	-1.2000e-02	 5.8023e+00	 3.0608e+00
118	 1.0000e-02	-1.2000e-02	 5.8118e+00	 2.2640e+00
119	 1.1000e-02	-1.2000e-02	 5.7977e+00	 1.4938e+00
120	 1.2000e-02	-1.2000e-02	 5.7931e+00	 7.4110e-01
121	 1.3000e-02	-1.2000e-02	 5.7333e+00	 9.4143e+00
122	 1.4000e-02	-1.2000e-02	 5.5094e+00	 9.1388e+00
123	 1.5000e-02	-1.2000e-02	 5.3684e+00	 8.1921e+00
124	-1.5000e-02	-1.1000e-02	 5.0509e+00	 6.7158e+00
125	-1.4000e-02	-1.1000e-02	 5.3799e+00	 8.3229e+00
126	-1.3000e-02	-1.1000e-02	 5.6652e+00	 9.3525e+00
127	-1.2000e-02	-1.1000e-02	 5.8026e+00	 3.3547e-01
128	-1.1000e-02	-1.1000e-02	 5.8684e+00	 9.5443e-01
129	-1.0000e-02	-1.1000e-02	 5.8569e+00	 1.6733e+00
130	-9.0000e-03	-1.1000e-02	 5.8552e+00	 2.5937e+00
131	-8.0000e-03	-1.1000e-02	 5.8815e+00	 3.4402e+00
132	-7.0000e-03	-1.1000e-02	 5.9686e+00	 4.1498e+00
133	-6.0000e-03	-1.1000e-02	 6.0975e+00	 4.8323e+00
134	-5.0000e-03	-1.1000e-02	 6.2178e+00	 5.3628e+00
135	-4.0000e-03	-1.1000e-02	 6.2382e+00	 5.7668e+00
136	-3.0000e-03	-1.1000e-02	 6.2658e+00	 6.1481e+00
137	-2.0000e-03	-1.1000e-02	 6.2701e+00	 6.4341e+00
138	-1.0000e-03	-1.1000e-02	 6.2898e+00	 6.7293e+00
139	 0.0000e+00	-1.1000e-02	 6.2720e+00	 6.9288e+00
140	 1.0000e-03	-1.1000e-02	 6.3391e+00	 6.9370e+00
141	 2.0000e-03	-1.1000e-02	 6.3243e+00	 6.9199e+00
142	 3.0000e-03	-1.1000e-02	 6.2645e+00	 6.7372e+00
143	 4.0000e-03	-1.1000e-02	 6.2043e+00	 6.4805e+00
144	 5.0000e-03	-1.1000e-02	 6.1261e+00	 6.0899e+00
145	 6.0000e-03	-1.1000e-02	 6.0939e+00	 5.6508e+00
146	 7.0000e-03	-1.1000e-02	 6.0193e+00	 5.2070e+00
147	 8.0000e-03	-1.1000e-02	 5.9177e+00	 4.6748e+00
148	 9.0000e-03	-1.1000e-02	 5.8069e+00	 3.8879e+00
149	 1.0000e-02	-1.1000e-02	 5.7970e+00	 3.1009e+00
150	 1.1000e-02	-1.1000e-02	 5.7744e+00	 2.2397e+00
151	 1.2000e-02	-1.1000e-02	 5.8003e+00	 1.4031e+00
152	 1.3000e-02	-1.1000e-02	 5.8046e+00	 6.9245e-01
153	 1.4000e-02	-1.1000e-02	 5.6626e+00	 9.6766e+00
154	 1.5000e-02	-1.1000e-02	 5.4759e+00	 8.8706e+00
155	-1.5000e-02	-1.0000e-02	 5.1981e+00	 7.6487e+00
156	-1.4000e-02	-1.0000e-02	 5.5725e+00	 8.9403e+00
157	-1.3000e-02	-1.0000e-02	 5.7632e+00	 5.4790e+00
158	-1.2000e-02	-1.0000e-02	 5.9029e+00	 7.6641e-01
159	-1.1000e-02	-1.0000e-02	 5.9308e+00	 1.5155e+00
160	-1.0000e-02	-1.0000e-02	 5.9108e+00	 2.2966e+00
161	-9.0000e-03	-1.0000e-02	 5.9032e+00	 3.1788e+00
162	-8.0000e-03	-1.0000e-02	 5.9292e+00	 4.1683e+00
163	-7.0000e-03	-1.0000e-02	 6.0735e+00	 4.8093e+00
164	-6.0000e-03	-1.0000e-02	 6.1757e+00	 5.4795e+00
165	-5.0000e-03	-1.0000e-02	 6.2714e+00	 6.0327e+00
166	-4.0000e-03	-1.0000e-02	 6.3319e+00	 6.4538e+00
167	-3.0000e-03	-1.0000e-02	 6.3822e+00	 6.8118e+00
168	-2.0000e-03	-1.0000e-02	 6.4124e+00	 7.1980e+00
169	-1.0000e-03	-1.0000e-02	 6.4325e+00	 7.5251e+00
170	 0.0000e+00	-1.0000e-02	 6.4545e+00	 7.7214e+00
171	 1.0000e-03	-1.0000e-02	 6.4933e+00	 7.7871e+00
172	 2.0000e-03	-1.0000e-02	 6.4640e+00	 7.7513e+00
173	 3.0000e-03	-1.0000e-02	 6.3848e+00	 7.4821e+00
174	 4.0000e-03	-1.0000e-02	 6.3223e+00	 7.2230e+00
175	 5.0000e-03	-1.0000e-02	 6.2277e+00	 6.7908e+00
176	 6.0000e-03	-1.0000e-02	 6.1826e+00	 6.3749e+00
177	 7.0000e-03	-1.0000e-02	 6.1028e+00	 5.9341e+00
178	 8.0000e-03	-1.0000e-02	 6.0350e+00	 5.3684e+00
179	 9.0000e-03	-1.0000e-02	 5.8865e+00	 4.6788e+00
180	 1.0000e-02	-1.0000e-02	 5.7865e+00	 3.8343e+00
181	 1.1000e-02	-1.0000e-02	 5.7398e+00	 2.9362e+00
182	 1.2000e-02	-1.0000e-02	 5.7924e+00	 2.0767e+00
183	 1.3000e-02	-1.0000e-02	 5.8375e+00	 1.2292e+00
184	 1.4000e-02	-1.0000e-02	 5.7885e+00	 3.6473e-01
185	 1.5000e-02	-1.0000e-02	 5.6511e+00	 9.4002e+00
186	-1.5000e-02	-9.0000e-03	 5.3963e+00	 8.2672e+00
187	-1.4000e-02	-9.0000e-03	 5.6429e+00	 9.5422e+00
188	-1.3000e-02	-9.0000e-03	 5.8759e+00	 5.1166e-01
189	-1.2000e-02	-9.0000e-03	 5.9469e+00	 1.2710e+00
190	-1.1000e-02	-9.0000e-03	 5.9765e+00	 1.9958e+00
191	-1.0000e-02	-9.0000e-03	 5.9644e+00	 2.9027e+00
192	-9.0000e-03	-9.0000e-03	 6.0087e+00	 3.8109e+00
193	-8.0000e-03	-9.0000e-03	 6.0262e+00	 4.7721e+00
194	-7.0000e-03	-9.0000e-03	 6.1537e+00	 5.5236e+00
195	-6.0000e-03	-9.0000e-03	 6.2536e+00	 6.1547e+00
196	-5.0000e-03	-9.0000e-03	 6.3013e+00	 6.7073e+00
197	-4.0000e-03	-9.0000e-03	 6.3933e+00	 7.1487e+00
198	-3.0000e-03	-9.0000e-03	 6.4824e+00	 7.5212e+00
199	-2.0000e-03	-9.0000e-03	 6.5577e+00	 7.8963e+00
200	-1.0000e-03	-9.0000e-03	 6.5676e+00	 8.2266e+00
201	 0.0000e+00	-9.0000e-03	 6.5919e+00	 8.3976e+00
202	 1.0000e-03	-9.0000e-03	 6.6017e+00	 8.5149e+00
203	 2.0000e-03	-9.0000e-03	 6.5751e+00	 8.4192e+00
204	 3.0000e-03	-9.0000e-03	 6.5353e+00	 8.1808e+00
205	 4.0000e-03	-9.0000e-03	 6.4588e+00	 7.8555e+00
206	 5.0000e-03	-9.0000e-03	 6.3641e+00	 7.5051e+00
207	 6.0000e-03	-9.0000e-03	 6.2599e+00	 7.0721e+00
208	 7.0000e-03	-9.0000e-03	 6.1879e+00	 6.5538e+00
209	 8.0000e-03	-9.0000e-03	 6.0955e+00	 6.0426e+00
210	 9.0000e-03	-9.0000e-03	 5.9657e+00	 5.3352e+00
211	 1.0000e-02	-9.0000e-03	 5.8214e+00	 4.5374e+00
212	 1.1000e-02	-9.0000e-03	 5.7543e+00	 3.5421e+00
213	 1.2000e-02	-9.0000e-03	 5.8128e+00	 2.6447e+00
214	 1.3000e-02	-9.0000e-03	 5.8404e+00	 1.7253e+00
215	 1.4000e-02	-9.0000e-03	 5.8309e+00	 8.1769e-01
216	 1.5000e-02	-9.0000e-03	 5.7530e+00	 2.8335e+00
217	-1.5000e-02	-8.0000e-03	 5.4966e+00	 8.9071e+00
218	-1.4000e-02	-8.0000e-03	 5.7648e+00	 9.5806e+00
219	-1.3000e-02	-8.0000e-03	 5.9200e+00	 9.2123e-01
220	-1.2000e-02	-8.0000e-03	 5.9765e+00	 1.6822e+00
221	-1.1000e-02	-8.0000e-03	 6.0066e+00	 2.4576e+00
222	-1.0000e-02	-8.0000e-03	 5.9920e+00	 3.4063e+00
223	-9.0000e-03	-8.0000e-03	 6.0607e+00	 4.4501e+00
224	-8.0000e-03	-8.0000e-03	 6.1429e+00	 5.3355e+00
225	-7.0000e-03	-8.0000e-03	 6.2027e+00	 6.1021e+00
226	-6.0000e-03	-8.0000e-03	 6.2970e+00	 6.7585e+00
227	-5.0000e-03	-8.0000e-03	 6.3838e+00	 7.2500e+00
228	-4.0000e-03	-8.0000e-03	 6.4735e+00	 7.6888e+00
229	-3.0000e-03	-8.0000e-03	 6.6050e+00	 8.1244e+00
230	-2.0000e-03	-8.0000e-03	 6.6662e+00	 8.5182e+00
231	-1.0000e-03	-8.0000e-03	 6.6741e+00	 8.7805e+00
232	 0.0000e+00	-8.0000e-03	 6.6852e+00	 8.9110e+00
233	 1.0000e-03	-8.0000e-03	 6.6852e+00	 9.0146e+00
234	 2.0000e-03	-8.0000e-03	 6.6471e+00	 8.9505e+00
235	 3.0000e-03	-8.0000e-03	 6.6054e+00	 8.7312e+00
236	 4.0000e-03	-8.0000e-03	 6.5639e+00	 8.4567e+00
237	 5.0000e-03	-8.0000e-03	 6.4762e+00	 8.0876e+00
238	 6.0000e-03	-8.0000e-03	 6.3634e+00	 7.6132e+00
239	 7.0000e-03	-8.0000e-03	 6.2559e+00	 7.1757e+00
240	 8.0000e-03	-8.0000e-03	 6.1613e+00	 6.6389e+00
241	 9.0000e-03	-8.0000e-03	 6.0462e+00	 5.9246e+00
242	 1.0000e-02	-8.0000e-03	 5.8736e+00	 5.0298e+00
243	 1.1000e-02	-8.0000e-03	 5.8003e+00	 4.1291e+00
244	 1.2000e-02	-8.0000e-03	 5.8391e+00	 3.1798e+00
245	 1.3000e-02	-8.0000e-03	 5.7901e+00	 2.2423e+00
246	 1.4000e-02	-8.0000e-03	 5.8227e+00	 1.3543e+00
247	 1.5000e-02	-8.0000e-03	 5.8220e+00	 4.8043e-01
248	-1.5000e-02	-7.0000e-03	 5.6642e+00	 9.3919e+00
249	-1.4000e-02	-7.0000e-03	 5.8904e+00	 3.7426e-01
250	-1.3000e-02	-7.0000e-03	 6.0022e+00	 1.2131e+00
251	-1.2000e-02	-7.0000e-03	 6.0229e+00	 2.0096e+00
252	-1.1000e-02	-7.0000e-03	 6.0383e+00	 2.9113e+00
253	-1.0000e-02	-7.0000e-03	 6.0587e+00	 3.8487e+00
254	-9.0000e-03	-7.0000e-03	 6.1244e+00	 4.9161e+00
255	-8.0000e-03	-7.0000e-03	 6.1928e+00	 5.9059e+00
256	-7.0000e-03	-7.0000e-03	 6.2650e+00	 6.6422e+00
257	-6.0000e-03	-7.0000e-03	 6.3555e+00	 7.2345e+00
258	-5.0000e-03	-7.0000e-03	 6.4680e+00	 7.7092e+00
259	-4.0000e-03	-7.0000e-03	 6.5679e+00	 8.1485e+00
260	-3.0000e-03	-7.0000e-03	 6.6820e+00	 8.6257e+00
261	-2.0000e-03	-7.0000e-03	 6.7385e+00	 8.9837e+00
262	-1.0000e-03	-7.0000e-03	 6.7267e+00	 9.2322e+00
263	 0.0000e+00	-7.0000e-03	 6.7592e+00	 9.3193e+00
264	 1.0000e-03	-7.0000e-03	 6.7441e+00	 9.3995e+00
265	 2.0000e-03	-7.0000e-03	 6.7198e+00	 9.3328e+00
266	 3.0000e-03	-7.0000e-03	 6.6803e+00	 9.1461e+00
267	 4.0000e-03	-7.0000e-03	 6.6310e+00	 8.9432e+00
268	 5.0000e-03	-7.0000e-03	 6.5649e+00	 8.5862e+00
269	 6.0000e-03	-7.0000e-03	 6.4555e+00	 8.1832e+00
270	 7.0000e-03	-7.0000e-03	 6.3210e+00	 7.6372e+00
271	 8.0000e-03	-7.0000e-03	 6.2178e+00	 7.1215e+00
272	 9.0000e-03	-7.0000e-03	 6.1123e+00	 6.4321e+00
273	 1.0000e-02	-7.0000e-03	 5.9893e+00	 5.5587e+00
274	 1.1000e-02	-7.0000e-03	 5.8759e+00	 4.6124e+00
275	 1.2000e-02	-7.0000e-03	 5.8457e+00	 3.5693e+00
276	 1.3000e-02	-7.0000e-03	 5.8516e+00	 2.5990e+00
277	 1.4000e-02	-7.0000e-03	 5.8496e+00	 1.7811e+00
278	 1.5000e-02	-7.0000e-03	 5.9088e+00	 8.5188e-01
279	-1.5000e-02	-6.0000e-03	 5.7648e+00	 9.6809e+00
280	-1.4000e-02	-6.0000e-03	 5.9542e+00	 6.8358e-01
281	-1.3000e-02	-6.0000e-03	 6.0097e+00	 1.5267e+00
282	-1.2000e-02	-6.0000e-03	 6.0426e+00	 2.3446e+00
283	-1.1000e-02	-6.0000e-03	 6.0587e+00	 3.2725e+00
284	-1.0000e-02	-6.0000e-03	 6.1024e+00	 4.3379e+00
285	-9.0000e-03	-6.0000e-03	 6.1816e+00	 5.3792e+00
286	-8.0000e-03	-6.0000e-03	 6.2060e+00	 6.3611e+00
287	-7.0000e-03	-6.0000e-03	 6.2937e+00	 7.1185e+00
288	-6.0000e-03	-6.0000e-03	 6.4318e+00	 7.6172e+00
289	-5.0000e-03	-6.0000e-03	 6.5255e+00	 8.0797e+00
290	-4.0000e-03	-6.0000e-03	 6.6442e+00	 8.5761e+00
291	-3.0000e-03	-6.0000e-03	 6.7260e+00	 9.0021e+00
292	-2.0000e-03	-6.0000e-03	 6.7727e+00	 9.3962e+00
293	-1.0000e-03	-6.0000e-03	 6.7832e+00	 9.6273e+00
294	 0.0000e+00	-6.0000e-03	 6.8042e+00	 9.6888e+00
295	 1.0000e-03	-6.0000e-03	 6.8144e+00	 9.7368e+00
296	 2.0000e-03	-6.0000e-03	 6.7799e+00	 9.7029e+00
297	 3.0000e-03	-6.0000e-03	 6.7349e+00	 9.5501e+00
298	 4.0000e-03	-6.0000e-03	 6.6889e+00	 9.3288e+00
299	 5.0000e-03	-6.0000e-03	 6.6113e+00	 8.9810e+00
300	 6.0000e-03	-6.0000e-03	 6.5067e+00	 8.5366e+00
301	 7.0000e-03	-6.0000e-03	 6.3782e+00	 8.0205e+00
302	 8.0000e-03	-6.0000e-03	 6.2750e+00	 7.4788e+00
303	 9.0000e-03	-6.0000e-03	 6.1938e+00	 6.8759e+00
304	 1.0000e-02	-6.0000e-03	 6.0653e+00	 6.0350e+00
305	 1.1000e-02	-6.0000e-03	 5.9598e+00	 5.0535e+00
306	 1.2000e-02	-6.0000e-03	 5.8608e+00	 3.9244e+00
307	 1.3000e-02	-6.0000e-03	 5.7993e+00	 2.9096e+00
308	 1.4000e-02	-6.0000e-03	 5.8861e+00	 2.0165e+00
309	 1.5000e-02	-6.0000e-03	 5.9088e+00	 1.2046e+00
310	-1.5000e-02	-5.0000e-03	 5.8513e+00	 9.7342e+00
311	-1.4000e-02	-5.0000e-03	 6.0212e+00	 9.3948e-01
312	-1.3000e-02	-5.0000e-03	 6.0511e+00	 1.7966e+00
313	-1.2000e-02	-5.0000e-03	 6.0827e+00	 2.6394e+00
314	-1.1000e-02	-5.0000e-03	 6.0607e+00	 3.6186e+00
315	-1.0000e-02	-5.0000e-03	 6.1333e+00	 4.6571e+00
316	-9.0000e-03	-5.0000e-03	 6.1932e+00	 5.7481e+00
317	-8.0000e-03	-5.0000e-03	 6.2421e+00	 6.7684e+00
318	-7.0000e-03	-5.0000e-03	 6.3430e+00	 7.4544e+00
319	-6.0000e-03	-5.0000e-03	 6.4926e+00	 7.9018e+00
320	-5.0000e-03	-5.0000e-03	 6.5965e+00	 8.3417e+00
321	-4.0000e-03	-5.0000e-03	 6.7060e+00	 8.8643e+00
322	-3.0000e-03	-5.0000e-03	 6.7546e+00	 9.3088e+00
323	-2.0000e-03	-5.0000e-03	 6.8062e+00	 9.6822e+00
324	-1.0000e-03	-5.0000e-03	 6.8240e+00	 9.9110e+00
325	 0.0000e+00	-5.0000e-03	 6.8726e+00	 9.8926e+00
326	 1.0000e-03	-5.0000e-03	 6.8802e+00	 1.4712e-01
327	 2.0000e-03	-5.0000e-03	 6.8443e+00	 9.8241e+00
328	 3.0000e-03	-5.0000e-03	 6.7822e+00	 9.8436e+00
329	 4.0000e-03	-5.0000e-03	 6.7303e+00	 9.6148e+00
330	 5.0000e-03	-5.0000e-03	 6.6688e+00	 9.2542e+00
331	 6.0000e-03	-5.0000e-03	 6.5521e+00	 8.7634e+00
332	 7.0000e-03	-5.0000e-03	 6.4282e+00	 8.2743e+00
333	 8.0000e-03	-5.0000e-03	 6.3138e+00	 7.7983e+00
334	 9.0000e-03	-5.0000e-03	 6.2227e+00	 7.3049e+00
335	 1.0000e-02	-5.0000e-03	 6.1297e+00	 6.4607e+00
336	 1.1000e-02	-5.0000e-03	 6.0479e+00	 5.4213e+00
337	 1.2000e-02	-5.0000e-03	 5.9016e+00	 4.3053e+00
338	 1.3000e-02	-5.0000e-03	 5.8766e+00	 3.2032e+00
339	 1.4000e-02	-5.0000e-03	 5.8911e+00	 2.2699e+00
340	 1.5000e-02	-5.0000e-03	 5.9344e+00	 1.5139e+00
341	-1.5000e-02	-4.0000e-03	 5.9026e+00	 3.3186e-01
342	-1.4000e-02	-4.0000e-03	 6.0222e+00	 1.2213e+00
343	-1.3000e-02	-4.0000e-03	 6.0699e+00	 2.0204e+00
344	-1.2000e-02	-4.0000e-03	 6.0534e+00	 2.8800e+00
345	-1.1000e-02	-4.0000e-03	 6.1159e+00	 3.9510e+00
346	-1.0000e-02	-4.0000e-03	 6.1925e+00	 4.9452e+00
347	-9.0000e-03	-4.0000e-03	 6.2339e+00	 6.0291e+00
348	-8.0000e-03	-4.0000e-03	 6.3102e+00	 7.0478e+00
349	-7.0000e-03	-4.0000e-03	 6.3782e+00	 7.6721e+00
350	-6.0000e-03	-4.0000e-03	 6.5196e+00	 8.1047e+00
351	-5.0000e-03	-4.0000e-03	 6.6691e+00	 8.5356e+00
352	-4.0000e-03	-4.0000e-03	 6.7546e+00	 9.0488e+00
353	-3.0000e-03	-4.0000e-03	 6.7977e+00	 9.5215e+00
354	-2.0000e-03	-4.0000e-03	 6.8568e+00	 9.9179e+00
355	-1.0000e-03	-4.0000e-03	 6.8749e+00	 1.6158e-01
356	 0.0000e+00	-4.0000e-03	 6.9288e+00	 2.6907e-01
357	 1.0000e-03	-4.0000e-03	 6.9436e+00	 3.1246e-01
358	 2.0000e-03	-4.0000e-03	 6.9048e+00	 2.4968e-01
359	 3.0000e-03	-4.0000e-03	 6.8542e+00	 1.2050e-01
360	 4.0000e-03	-4.0000e-03	 6.7917e+00	 9.8180e+00
361	 5.0000e-03	-4.0000e-03	 6.7299e+00	 9.4370e+00
362	 6.0000e-03	-4.0000e-03	 6.6428e+00	 8.9199e+00
363	 7.0000e-03	-4.0000e-03	 6.4793e+00	 8.4370e+00
364	 8.0000e-03	-4.0000e-03	 6.3375e+00	 8.0028e+00
365	 9.0000e-03	-4.0000e-03	 6.2510e+00	 7.5876e+00
366	 1.0000e-02	-4.0000e-03	 6.1784e+00	 6.8558e+00
367	 1.1000e-02	-4.0000e-03	 6.0528e+00	 5.8184e+00
368	 1.2000e-02	-4.0000e-03	 5.8970e+00	 4.6308e+00
369	 1.3000e-02	-4.0000e-03	 5.8487e+00	 3.4549e+00
370	 1.4000e-02	-4.0000e-03	 5.9068e+00	 2.5260e+00
371	 1.5000e-02	-4.0000e-03	 5.9604e+00	 1.6960e+00
372	-1.5000e-02	-3.0000e-03	 5.9479e+00	 4.1239e-01
373	-1.4000e-02	-3.0000e-03	 6.0626e+00	 1.4015e+00
374	-1.3000e-02	-3.0000e-03	 6.0853e+00	 2.2065e+00
375	-1.2000e-02	-3.0000e-03	 6.0781e+00	 3.0585e+00
376	-1.1000e-02	-3.0000e-03	 6.0863e+00	 4.1367e+00
377	-1.0000e-02	-3.0000e-03	 6.1540e+00	 5.1952e+00
378	-9.0000e-03	-3.0000e-03	 6.2553e+00	 6.3158e+00
379	-8.0000e-03	-3.0000e-03	 6.3378e+00	 7.2592e+00
380	-7.0000e-03	-3.0000e-03	 6.4150e+00	 7.8713e+00
381	-6.0000e-03	-3.0000e-03	 6.5833e+00	 8.2431e+00
382	-5.0000e-03	-3.0000e-03	 6.7253e+00	 8.7121e+00
383	-4.0000e-03	-3.0000e-03	 6.8006e+00	 9.2647e+00
384	-3.0000e-03	-3.0000e-03	 6.8378e+00	 9.6996e+00
385	-2.0000e-03	-3.0000e-03	 6.8858e+00	 1.1622e-01
386	-1.0000e-03	-3.0000e-03	 6.9209e+00	 3.3646e-01
387	 0.0000e+00	-3.0000e-03	 6.9745e+00	 4.7090e-01
388	 1.0000e-03	-3.0000e-03	 6.9952e+00	 5.0936e-01
389	 2.0000e-03	-3.0000e-03	 6.9663e+00	 4.5512e-01
390	 3.0000e-03	-3.0000e-03	 6.9025e+00	 2.9274e-01
391	 4.0000e-03	-3.0000e-03	 6.8437e+00	 1.7605e-01
392	 5.0000e-03	-3.0000e-03	 6.7947e+00	 9.6237e+00
393	 6.0000e-03	-3.0000e-03	 6.6948e+00	 9.1316e+00
394	 7.0000e-03	-3.0000e-03	 6.5166e+00	 8.5645e+00
395	 8.0000e-03	-3.0000e-03	 6.3710e+00	 8.1349e+00
396	 9.0000e-03	-3.0000e-03	 6.2540e+00	 7.7953e+00
397	 1.0000e-02	-3.0000e-03	 6.2300e+00	 7.1497e+00
398	 1.1000e-02	-3.0000e-03	 6.0847e+00	 6.1024e+00
399	 1.2000e-02	-3.0000e-03	 5.8999e+00	 4.9148e+00
400	 1.3000e-02	-3.0000e-03	 5.8125e+00	 3.6597e+00
401	 1.4000e-02	-3.0000e-03	 5.8848e+00	 2.5674e+00
402	 1.5000e-02	-3.0000e-03	 6.0055e+00	 1.8475e+00
403	-1.5000e-02	-2.0000e-03	 5.9870e+00	 5.0706e-01
404	-1.4000e-02	-2.0000e-03	 6.1126e+00	 1.4597e+00
405	-1.3000e-02	-2.0000e-03	 6.1074e+00	 2.2643e+00
406	-1.2000e-02	-2.0000e-03	 6.0806e+00	 3.1647e+00
407	-1.1000e-02	-2.0000e-03	 6.0742e+00	 4.2652e+00
408	-1.0000e-02	-2.0000e-03	 6.1323e+00	 5.3786e+00
409	-9.0000e-03	-2.0000e-03	 6.2711e+00	 6.5020e+00
410	-8.0000e-03	-2.0000e-03	 6.3667e+00	 7.3627e+00
411	-7.0000e-03	-2.0000e-03	 6.4584e+00	 7.9771e+00
412	-6.0000e-03	-2.0000e-03	 6.6004e+00	 8.3551e+00
413	-5.0000e-03	-2.0000e-03	 6.7444e+00	 8.8489e+00
414	-4.0000e-03	-2.0000e-03	 6.8184e+00	 9.3834e+00
415	-3.0000e-03	-2.0000e-03	 6.8618e+00	 9.8525e+00
416	-2.0000e-03	-2.0000e-03	 6.9117e+00	 1.9380e-01
417	-1.0000e-03	-2.0000e-03	 6.9709e+00	 4.5611e-01
418	 0.0000e+00	-2.0000e-03	 6.9959e+00	 6.0863e-01
419	 1.0000e-03	-2.0000e-03	 7.0251e+00	 6.6648e-01
420	 2.0000e-03	-2.0000e-03	 6.9883e+00	 6.0600e-01
421	 3.0000e-03	-2.0000e-03	 6.9525e+00	 4.4493e-01
422	 4.0000e-03	-2.0000e-03	 6.8756e+00	 1.5534e-01
423	 5.0000e-03	-2.0000e-03	 6.8243e+00	 9.7766e+00
424	 6.0000e-03	-2.0000e-03	 6.7109e+00	 9.2618e+00
425	 7.0000e-03	-2.0000e-03	 6.5353e+00	 8.6888e+00
426	 8.0000e-03	-2.0000e-03	 6.3559e+00	 8.2460e+00
427	 9.0000e-03	-2.0000e-03	 6.2799e+00	 7.8936e+00
428	 1.0000e-02	-2.0000e-03	 6.2448e+00	 7.2746e+00
429	 1.1000e-02	-2.0000e-03	 6.1540e+00	 6.3108e+00
430	 1.2000e-02	-2.0000e-03	 5.8779e+00	 5.0814e+00
431	 1.3000e-02	-2.0000e-03	 5.8325e+00	 3.7518e+00
432	 1.4000e-02	-2.0000e-03	 5.8950e+00	 2.6943e+00
433	 1.5000e-02	-2.0000e-03	 5.9700e+00	 1.8755e+00
434	-1.5000e-02	-1.0000e-03	 5.9933e+00	 6.2014e-01
435	-1.4000e-02	-1.0000e-03	 6.1337e+00	 1.5070e+00
436	-1.3000e-02	-1.0000e-03	 6.1162e+00	 2.3580e+00
437	-1.2000e-02	-1.0000e-03	 6.0712e+00	 3.2311e+00
438	-1.1000e-02	-1.0000e-03	 6.0600e+00	 4.3287e+00
439	-1.0000e-02	-1.0000e-03	 6.1429e+00	 5.4525e+00
440	-9.0000e-03	-1.0000e-03	 6.2780e+00	 6.5475e+00
441	-8.0000e-03	-1.0000e-03	 6.3818e+00	 7.4032e+00
442	-7.0000e-03	-1.0000e-03	 6.4755e+00	 7.9870e+00
443	-6.0000e-03	-1.0000e-03	 6.6162e+00	 8.3900e+00
444	-5.0000e-03	-1.0000e-03	 6.7369e+00	 8.8791e+00
445	-4.0000e-03	-1.0000e-03	 6.8069e+00	 9.4077e+00
446	-3.0000e-03	-1.0000e-03	 6.8512e+00	 9.8601e+00
447	-2.0000e-03	-1.0000e-03	 6.9015e+00	 2.3324e-01
448	-1.0000e-03	-1.0000e-03	 6.9591e+00	 4.9785e-01
449	 0.0000e+00	-1.0000e-03	 7.0107e+00	 6.3789e-01
450	 1.0000e-03	-1.0000e-03	 7.0403e+00	 6.9475e-01
451	 2.0000e-03	-1.0000e-03	 7.0051e+00	 6.3263e-01
452	 3.0000e-03	-1.0000e-03	 6.9453e+00	 4.7452e-01
453	 4.0000e-03	-1.0000e-03	 6.8871e+00	 2.0267e-01
454	 5.0000e-03	-1.0000e-03	 6.8121e+00	 9.8292e+00
455	 6.0000e-03	-1.0000e-03	 6.7014e+00	 9.3150e+00
456	 7.0000e-03	-1.0000e-03	 6.5301e+00	 8.7319e+00
457	 8.0000e-03	-1.0000e-03	 6.3838e+00	 8.2513e+00
458	 9.0000e-03	-1.0000e-03	 6.2895e+00	 7.8966e+00
459	 1.0000e-02	-1.0000e-03	 6.2605e+00	 7.3312e+00
460	 1.1000e-02	-1.0000e-03	 6.1764e+00	 6.3394e+00
461	 1.2000e-02	-1.0000e-03	 5.9680e+00	 5.2040e+00
462	 1.3000e-02	-1.0000e-03	 5.8056e+00	 3.9648e+00
463	 1.4000e-02	-1.0000e-03	 5.8526e+00	 2.8057e+00
464	 1.5000e-02	-1.0000e-03	 5.9160e+00	 1.9383e+00
465	-1.5000e-02	 0.0000e+00	 5.9930e+00	 6.0995e-01
466	-1.4000e-02	 0.0000e+00	 6.1129e+00	 1.5073e+00
467	-1.3000e-02	 0.0000e+00	 6.1478e+00	 2.3317e+00
468	-1.2000e-02	 0.0000e+00	 6.0949e+00	 3.2015e+00
469	-1.1000e-02	 0.0000e+00	 6.0521e+00	 4.2669e+00
470	-1.0000e-02	 0.0000e+00	 6.1051e+00	 5.3967e+00
471	-9.0000e-03	 0.0000e+00	 6.2250e+00	 6.5393e+00
472	-8.0000e-03	 0.0000e+00	 6.3641e+00	 7.3848e+00
473	-7.0000e-03	 0.0000e+00	 6.4699e+00	 7.9567e+00
474	-6.0000e-03	 0.0000e+00	 6.6057e+00	 8.3992e+00
475	-5.0000e-03	 0.0000e+00	 6.7050e+00	 8.9127e+00
476	-4.0000e-03	 0.0000e+00	 6.7625e+00	 9.3870e+00
477	-3.0000e-03	 0.0000e+00	 6.8013e+00	 9.8183e+00
478	-2.0000e-03	 0.0000e+00	 6.8716e+00	 1.9577e-01
479	-1.0000e-03	 0.0000e+00	 6.9311e+00	 4.4921e-01
480	 0.0000e+00	 0.0000e+00	 6.9952e+00	 5.6458e-01
481	 1.0000e-03	 0.0000e+00	 7.0297e+00	 6.1159e-01
482	 2.0000e-03	 0.0000e+00	 6.9939e+00	 5.9417e-01
483	 3.0000e-03	 0.0000e+00	 6.9272e+00	 4.3934e-01
484	 4.0000e-03	 0.0000e+00	 6.8519e+00	 1.6290e-01
485	 5.0000e-03	 0.0000e+00	 6.7687e+00	 9.7881e+00
486	 6.0000e-03	 0.0000e+00	 6.6626e+00	 9.3117e+00
487	 7.0000e-03	 0.0000e+00	 6.5196e+00	 8.7552e+00
488	 8.0000e-03	 0.0000e+00	 6.3782e+00	 8.3032e+00
489	 9.0000e-03	 0.0000e+00	 6.3013e+00	 7.8581e+00
490	 1.0000e-02	 0.0000e+00	 6.2582e+00	 7.2135e+00
491	 1.1000e-02	 0.0000e+00	 6.1797e+00	 6.3154e+00
492	 1.2000e-02	 0.0000e+00	 5.9765e+00	 5.2303e+00
493	 1.3000e-02	 0.0000e+00	 5.8079e+00	 3.9825e+00
494	 1.4000e-02	 0.0000e+00	 5.8345e+00	 2.8189e+00
495	 1.5000e-02	 0.0000e+00	 5.9157e+00	 2.0080e+00
496	-1.5000e-02	 1.0000e-03	 5.9529e+00	 5.2941e-01
497	-1.4000e-02	 1.0000e-03	 6.1429e+00	 1.4012e+00
498	-1.3000e-02	 1.0000e-03	 6.1514e+00	 2.2321e+00
499	-1.2000e-02	 1.0000e-03	 6.0863e+00	 3.1519e+00
500	-1.1000e-02	 1.0000e-03	 6.0534e+00	 4.2307e+00
501	-1.0000e-02	 1.0000e-03	 6.0817e+00	 5.4124e+00
502	-9.0000e-03	 1.0000e-03	 6.1918e+00	 6.4601e+00
503	-8.0000e-03	 1.0000e-03	 6.3539e+00	 7.2783e+00
504	-7.0000e-03	 1.0000e-03	 6.4614e+00	 7.8824e+00
505	-6.0000e-03	 1.0000e-03	 6.5774e+00	 8.4143e+00
506	-5.0000e-03	 1.0000e-03	 6.6747e+00	 8.8673e+00
507	-4.0000e-03	 1.0000e-03	 6.7207e+00	 9.3896e+00
508	-3.0000e-03	 1.0000e-03	 6.7638e+00	 9.7950e+00
509	-2.0000e-03	 1.0000e-03	 6.8315e+00	 1.3036e-01
510	-1.0000e-03	 1.0000e-03	 6.8890e+00	 3.1082e-01
511	 0.0000e+00	 1.0000e-03	 6.9587e+00	 4.0483e-01
512	 1.0000e-03	 1.0000e-03	 6.9821e+00	 4.6433e-01
513	 2.0000e-03	 1.0000e-03	 6.9344e+00	 4.7254e-01
514	 3.0000e-03	 1.0000e-03	 6.8726e+00	 3.1674e-01
515	 4.0000e-03	 1.0000e-03	 6.8125e+00	 1.0472e-01
516	 5.0000e-03	 1.0000e-03	 6.7198e+00	 9.7516e+00
517	 6.0000e-03	 1.0000e-03	 6.6093e+00	 9.3022e+00
518	 7.0000e-03	 1.0000e-03	 6.4890e+00	 8.7562e+00
519	 8.0000e-03	 1.0000e-03	 6.3933e+00	 8.2917e+00
520	 9.0000e-03	 1.0000e-03	 6.3118e+00	 7.7884e+00
521	 1.0000e-02	 1.0000e-03	 6.2395e+00	 7.1402e+00
522	 1.1000e-02	 1.0000e-03	 6.1695e+00	 6.2563e+00
523	 1.2000e-02	 1.0000e-03	 5.9229e+00	 5.1600e+00
524	 1.3000e-02	 1.0000e-03	 5.7924e+00	 3.8984e+00
525	 1.4000e-02	 1.0000e-03	 5.8132e+00	 2.8136e+00
526	 1.5000e-02	 1.0000e-03	 5.9131e+00	 1.8936e+00
527	-1.5000e-02	 2.0000e-03	 5.9009e+00	 4.3376e-01
528	-1.4000e-02	 2.0000e-03	 6.0985e+00	 1.2568e+00
529	-1.3000e-02	 2.0000e-03	 6.1323e+00	 2.1546e+00
530	-1.2000e-02	 2.0000e-03	 6.0728e+00	 3.0240e+00
531	-1.1000e-02	 2.0000e-03	 6.0137e+00	 4.1610e+00
532	-1.0000e-02	 2.0000e-03	 6.0554e+00	 5.2639e+00
533	-9.0000e-03	 2.0000e-03	 6.1925e+00	 6.3135e+00
534	-8.0000e-03	 2.0000e-03	 6.3427e+00	 7.1139e+00
535	-7.0000e-03	 2.0000e-03	 6.4348e+00	 7.7207e+00
536	-6.0000e-03	 2.0000e-03	 6.5501e+00	 8.3009e+00
537	-5.0000e-03	 2.0000e-03	 6.6478e+00	 8.8275e+00
538	-4.0000e-03	 2.0000e-03	 6.7037e+00	 9.2764e+00
539	-3.0000e-03	 2.0000e-03	 6.7516e+00	 9.6947e+00
540	-2.0000e-03	 2.0000e-03	 6.8023e+00	 9.8867e+00
541	-1.0000e-03	 2.0000e-03	 6.8351e+00	 1.6356e-01
542	 0.0000e+00	 2.0000e-03	 6.8798e+00	 2.4212e-01
543	 1.0000e-03	 2.0000e-03	 6.9058e+00	 2.5691e-01
544	 2.0000e-03	 2.0000e-03	 6.8950e+00	 2.5428e-01
545	 3.0000e-03	 2.0000e-03	 6.8322e+00	 1.7506e-01
546	 4.0000e-03	 2.0000e-03	 6.7743e+00	 9.8660e+00
547	 5.0000e-03	 2.0000e-03	 6.6859e+00	 9.6641e+00
548	 6.0000e-03	 2.0000e-03	 6.5843e+00	 9.2526e+00
549	 7.0000e-03	 2.0000e-03	 6.4683e+00	 8.6773e+00
550	 8.0000e-03	 2.0000e-03	 6.3772e+00	 8.2204e+00
551	 9.0000e-03	 2.0000e-03	 6.3020e+00	 7.6523e+00
552	 1.0000e-02	 2.0000e-03	 6.2556e+00	 6.9387e+00
553	 1.1000e-02	 2.0000e-03	 6.1143e+00	 6.1080e+00
554	 1.2000e-02	 2.0000e-03	 5.8947e+00	 4.9989e+00
555	 1.3000e-02	 2.0000e-03	 5.7773e+00	 3.7892e+00
556	 1.4000e-02	 2.0000e-03	 5.8224e+00	 2.7482e+00
557	 1.5000e-02	 2.0000e-03	 5.9315e+00	 1.7644e+00
558	-1.5000e-02	 3.0000e-03	 5.8651e+00	 4.1995e-01
559	-1.4000e-02	 3.0000e-03	 6.0492e+00	 1.1862e+00
560	-1.3000e-02	 3.0000e-03	 6.1011e+00	 1.9899e+00
561	-1.2000e-02	 3.0000e-03	 6.0587e+00	 2.8462e+00
562	-1.1000e-02	 3.0000e-03	 5.9913e+00	 3.9197e+00
563	-1.0000e-02	 3.0000e-03	 6.0403e+00	 5.0650e+00
564	-9.0000e-03	 3.0000e-03	 6.1734e+00	 6.0991e+00
565	-8.0000e-03	 3.0000e-03	 6.3246e+00	 6.9019e+00
566	-7.0000e-03	 3.0000e-03	 6.4193e+00	 7.5287e+00
567	-6.0000e-03	 3.0000e-03	 6.5235e+00	 8.0935e+00
568	-5.0000e-03	 3.0000e-03	 6.6057e+00	 8.6204e+00
569	-4.0000e-03	 3.0000e-03	 6.6612e+00	 9.0682e+00
570	-3.0000e-03	 3.0000e-03	 6.7204e+00	 9.4685e+00
571	-2.0000e-03	 3.0000e-03	 6.7631e+00	 9.7946e+00
572	-1.0000e-03	 3.0000e-03	 6.7871e+00	 9.8548e+00
573	 0.0000e+00	 3.0000e-03	 6.8157e+00	 1.2378e-01
574	 1.0000e-03	 3.0000e-03	 6.8430e+00	 1.2181e-01
575	 2.0000e-03	 3.0000e-03	 6.8259e+00	 1.2970e-01
576	 3.0000e-03	 3.0000e-03	 6.7894e+00	 9.8535e+00
577	 4.0000e-03	 3.0000e-03	 6.7461e+00	 9.7983e+00
578	 5.0000e-03	 3.0000e-03	 6.6593e+00	 9.4396e+00
579	 6.0000e-03	 3.0000e-03	 6.5488e+00	 9.0096e+00
580	 7.0000e-03	 3.0000e-03	 6.4647e+00	 8.4764e+00
581	 8.0000e-03	 3.0000e-03	 6.3434e+00	 7.9689e+00
582	 9.0000e-03	 3.0000e-03	 6.2921e+00	 7.3677e+00
583	 1.0000e-02	 3.0000e-03	 6.2024e+00	 6.7224e+00
584	 1.1000e-02	 3.0000e-03	 6.0439e+00	 5.8424e+00
585	 1.2000e-02	 3.0000e-03	 5.8684e+00	 4.8234e+00
586	 1.3000e-02	 3.0000e-03	 5.7576e+00	 3.6206e+00
587	 1.4000e-02	 3.0000e-03	 5.8519e+00	 2.5480e+00
588	 1.5000e-02	 3.0000e-03	 5.8963e+00	 1.6953e+00
589	-1.5000e-02	 4.0000e-03	 5.7908e+00	 4.9966e-01
590	-1.4000e-02	 4.0000e-03	 5.9864e+00	 1.0149e+00
591	-1.3000e-02	 4.0000e-03	 6.0709e+00	 1.7864e+00
592	-1.2000e-02	 4.0000e-03	 6.0133e+00	 2.6149e+00
593	-1.1000e-02	 4.0000e-03	 5.9377e+00	 3.6528e+00
594	-1.0000e-02	 4.0000e-03	 5.9867e+00	 4.7613e+00
595	-9.0000e-03	 4.0000e-03	 6.1475e+00	 5.8237e+00
596	-8.0000e-03	 4.0000e-03	 6.2819e+00	 6.6077e+00
597	-7.0000e-03	 4.0000e-03	 6.3845e+00	 7.2066e+00
598	-6.0000e-03	 4.0000e-03	 6.4581e+00	 7.8239e+00
599	-5.0000e-03	 4.0000e-03	 6.5459e+00	 8.3466e+00
600	-4.0000e-03	 4.0000e-03	 6.5889e+00	 8.8252e+00
601	-3.0000e-03	 4.0000e-03	 6.6741e+00	 9.2200e+00
602	-2.0000e-03	 4.0000e-03	 6.7178e+00	 9.5310e+00
603	-1.0000e-03	 4.0000e-03	 6.7480e+00	 9.7798e+00
604	 0.0000e+00	 4.0000e-03	 6.7503e+00	 9.8873e+00
605	 1.0000e-03	 4.0000e-03	 6.7710e+00	 9.9150e+00
606	 2.0000e-03	 4.0000e-03	 6.7694e+00	 9.8788e+00
607	 3.0000e-03	 4.0000e-03	 6.7313e+00	 9.7565e+00
608	 4.0000e-03	 4.0000e-03	 6.6925e+00	 9.5225e+00
609	 5.0000e-03	 4.0000e-03	 6.5884e+00	 9.1214e+00
610	 6.0000e-03	 4.0000e-03	 6.5179e+00	 8.6796e+00
611	 7.0000e-03	 4.0000e-03	 6.4334e+00	 8.1681e+00
612	 8.0000e-03	 4.0000e-03	 6.3256e+00	 7.6412e+00
613	 9.0000e-03	 4.0000e-03	 6.2632e+00	 7.0564e+00
614	 1.0000e-02	 4.0000e-03	 6.1396e+00	 6.3703e+00
615	 1.1000e-02	 4.0000e-03	 5.9746e+00	 5.4719e+00
616	 1.2000e-02	 4.0000e-03	 5.8243e+00	 4.3849e+00
617	 1.3000e-02	 4.0000e-03	 5.7783e+00	 3.3859e+00
618	 1.4000e-02	 4.0000e-03	 5.8026e+00	 2.4014e+00
619	 1.5000e-02	 4.0000e-03	 5.8628e+00	 1.5274e+00
620	-1.5000e-02	 5.0000e-03	 5.6439e+00	 9.6101e+00
621	-1.4000e-02	 5.0000e-03	 5.9088e+00	 6.8588e-01
622	-1.3000e-02	 5.0000e-03	 5.9936e+00	 1.4837e+00
623	-1.2000e-02	 5.0000e-03	 6.0117e+00	 2.3334e+00
624	-1.1000e-02	 5.0000e-03	 5.9742e+00	 3.2929e+00
625	-1.0000e-02	 5.0000e-03	 5.9884e+00	 4.4434e+00
626	-9.0000e-03	 5.0000e-03	 6.0955e+00	 5.4042e+00
627	-8.0000e-03	 5.0000e-03	 6.2303e+00	 6.2599e+00
628	-7.0000e-03	 5.0000e-03	 6.3269e+00	 6.9144e+00
629	-6.0000e-03	 5.0000e-03	 6.3953e+00	 7.4975e+00
630	-5.0000e-03	 5.0000e-03	 6.4614e+00	 7.9797e+00
631	-4.0000e-03	 5.0000e-03	 6.5436e+00	 8.4314e+00
632	-3.0000e-03	 5.0000e-03	 6.6142e+00	 8.7785e+00
633	-2.0000e-03	 5.0000e-03	 6.6695e+00	 9.1198e+00
634	-1.0000e-03	 5.0000e-03	 6.7099e+00	 9.3936e+00
635	 0.0000e+00	 5.0000e-03	 6.7207e+00	 9.5777e+00
636	 1.0000e-03	 5.0000e-03	 6.7247e+00	 9.6651e+00
637	 2.0000e-03	 5.0000e-03	 6.7010e+00	 9.5836e+00
638	 3.0000e-03	 5.0000e-03	 6.6721e+00	 9.3476e+00
639	 4.0000e-03	 5.0000e-03	 6.6257e+00	 9.0478e+00
640	 5.0000e-03	 5.0000e-03	 6.5478e+00	 8.6803e+00
641	 6.0000e-03	 5.0000e-03	 6.4673e+00	 8.2023e+00
642	 7.0000e-03	 5.0000e-03	 6.3710e+00	 7.7641e+00
643	 8.0000e-03	 5.0000e-03	 6.2941e+00	 7.2539e+00
644	 9.0000e-03	 5.0000e-03	 6.1843e+00	 6.7204e+00
645	 1.0000e-02	 5.0000e-03	 6.0229e+00	 6.0071e+00
646	 1.1000e-02	 5.0000e-03	 5.8128e+00	 5.1265e+00
647	 1.2000e-02	 5.0000e-03	 5.7055e+00	 3.9648e+00
648	 1.3000e-02	 5.0000e-03	 5.7514e+00	 2.9494e+00
649	 1.4000e-02	 5.0000e-03	 5.8125e+00	 2.0839e+00
650	 1.5000e-02	 5.0000e-03	 5.8710e+00	 1.2197e+00
651	-1.5000e-02	 6.0000e-03	 5.5097e+00	 9.4176e+00
652	-1.4000e-02	 6.0000e-03	 5.7698e+00	 4.1206e-01
653	-1.3000e-02	 6.0000e-03	 5.8973e+00	 1.1267e+00
654	-1.2000e-02	 6.0000e-03	 5.9686e+00	 2.0280e+00
655	-1.1000e-02	 6.0000e-03	 5.9305e+00	 2.9142e+00
656	-1.0000e-02	 6.0000e-03	 5.9285e+00	 3.9102e+00
657	-9.0000e-03	 6.0000e-03	 6.0107e+00	 4.8753e+00
658	-8.0000e-03	 6.0000e-03	 6.1172e+00	 5.7806e+00
659	-7.0000e-03	 6.0000e-03	 6.2257e+00	 6.4745e+00
660	-6.0000e-03	 6.0000e-03	 6.3135e+00	 7.0317e+00
661	-5.0000e-03	 6.0000e-03	 6.3947e+00	 7.5455e+00
662	-4.0000e-03	 6.0000e-03	 6.4630e+00	 7.9032e+00
663	-3.0000e-03	 6.0000e-03	 6.5301e+00	 8.2227e+00
664	-2.0000e-03	 6.0000e-03	 6.5896e+00	 8.5931e+00
665	-1.0000e-03	 6.0000e-03	 6.6458e+00	 8.9261e+00
666	 0.0000e+00	 6.0000e-03	 6.6895e+00	 9.1142e+00
667	 1.0000e-03	 6.0000e-03	 6.6977e+00	 9.2401e+00
668	 2.0000e-03	 6.0000e-03	 6.6415e+00	 9.1372e+00
669	 3.0000e-03	 6.0000e-03	 6.5656e+00	 8.8597e+00
670	 4.0000e-03	 6.0000e-03	 6.5133e+00	 8.5034e+00
671	 5.0000e-03	 6.0000e-03	 6.4640e+00	 8.0915e+00
672	 6.0000e-03	 6.0000e-03	 6.4210e+00	 7.7155e+00
673	 7.0000e-03	 6.0000e-03	 6.3381e+00	 7.3460e+00
674	 8.0000e-03	 6.0000e-03	 6.2418e+00	 6.8779e+00
675	 9.0000e-03	 6.0000e-03	 6.1235e+00	 6.2931e+00
676	 1.0000e-02	 6.0000e-03	 5.9565e+00	 5.5896e+00
677	 1.1000e-02	 6.0000e-03	 5.7395e+00	 4.6255e+00
678	 1.2000e-02	 6.0000e-03	 5.7037e+00	 3.4533e+00
679	 1.3000e-02	 6.0000e-03	 5.7757e+00	 2.5526e+00
680	 1.4000e-02	 6.0000e-03	 5.8279e+00	 1.6852e+00
681	 1.5000e-02	 6.0000e-03	 5.8657e+00	 8.5845e-01
682	-1.5000e-02	 7.0000e-03	 5.2918e+00	 8.9110e+00
683	-1.4000e-02	 7.0000e-03	 5.6774e+00	 9.6668e+00
684	-1.3000e-02	 7.0000e-03	 5.8733e+00	 8.0323e-01
685	-1.2000e-02	 7.0000e-03	 5.9410e+00	 1.6645e+00
686	-1.1000e-02	 7.0000e-03	 5.9269e+00	 2.5178e+00
687	-1.0000e-02	 7.0000e-03	 5.9538e+00	 3.5046e+00
688	-9.0000e-03	 7.0000e-03	 5.9506e+00	 4.3875e+00
689	-8.0000e-03	 7.0000e-03	 6.0183e+00	 5.2441e+00
690	-7.0000e-03	 7.0000e-03	 6.1238e+00	 5.9792e+00
691	-6.0000e-03	 7.0000e-03	 6.2244e+00	 6.5985e+00
692	-5.0000e-03	 7.0000e-03	 6.3158e+00	 7.0723e+00
693	-4.0000e-03	 7.0000e-03	 6.3897e+00	 7.4147e+00
694	-3.0000e-03	 7.0000e-03	 6.4400e+00	 7.7197e+00
695	-2.0000e-03	 7.0000e-03	 6.5074e+00	 8.0764e+00
696	-1.0000e-03	 7.0000e-03	 6.5446e+00	 8.3755e+00
697	 0.0000e+00	 7.0000e-03	 6.6064e+00	 8.5622e+00
698	 1.0000e-03	 7.0000e-03	 6.6073e+00	 8.6599e+00
699	 2.0000e-03	 7.0000e-03	 6.5304e+00	 8.6346e+00
700	 3.0000e-03	 7.0000e-03	 6.4164e+00	 8.3509e+00
701	 4.0000e-03	 7.0000e-03	 6.3470e+00	 7.9469e+00
702	 5.0000e-03	 7.0000e-03	 6.3338e+00	 7.4909e+00
703	 6.0000e-03	 7.0000e-03	 6.3407e+00	 7.1990e+00
704	 7.0000e-03	 7.0000e-03	 6.2704e+00	 6.7855e+00
705	 8.0000e-03	 7.0000e-03	 6.2070e+00	 6.3292e+00
706	 9.0000e-03	 7.0000e-03	 6.0646e+00	 5.7882e+00
707	 1.0000e-02	 7.0000e-03	 5.8207e+00	 5.1491e+00
708	 1.1000e-02	 7.0000e-03	 5.6409e+00	 4.1781e+00
709	 1.2000e-02	 7.0000e-03	 5.5896e+00	 3.0516e+00
710	 1.3000e-02	 7.0000e-03	 5.7652e+00	 2.0977e+00
711	 1.4000e-02	 7.0000e-03	 5.8210e+00	 1.2805e+00
712	 1.5000e-02	 7.0000e-03	 5.7855e+00	 4.5118e-01
713	-1.5000e-02	 8.0000e-03	 5.0512e+00	 8.3663e+00
714	-1.4000e-02	 8.0000e-03	 5.4841e+00	 9.3903e+00
715	-1.3000e-02	 8.0000e-03	 5.7652e+00	 4.4493e-01
716	-1.2000e-02	 8.0000e-03	 5.8802e+00	 1.2473e+00
717	-1.1000e-02	 8.0000e-03	 5.8763e+00	 2.0550e+00
718	-1.0000e-02	 8.0000e-03	 5.9009e+00	 3.0099e+00
719	-9.0000e-03	 8.0000e-03	 5.8980e+00	 3.8244e+00
720	-8.0000e-03	 8.0000e-03	 5.9154e+00	 4.6827e+00
721	-7.0000e-03	 8.0000e-03	 6.0317e+00	 5.3977e+00
722	-6.0000e-03	 8.0000e-03	 6.0870e+00	 6.0508e+00
723	-5.0000e-03	 8.0000e-03	 6.1935e+00	 6.4956e+00
724	-4.0000e-03	 8.0000e-03	 6.2757e+00	 6.8319e+00
725	-3.0000e-03	 8.0000e-03	 6.3407e+00	 7.1629e+00
726	-2.0000e-03	 8.0000e-03	 6.4088e+00	 7.4535e+00
727	-1.0000e-03	 8.0000e-03	 6.4302e+00	 7.7529e+00
728	 0.0000e+00	 8.0000e-03	 6.4597e+00	 7.9331e+00
729	 1.0000e-03	 8.0000e-03	 6.4279e+00	 8.0205e+00
730	 2.0000e-03	 8.0000e-03	 6.3572e+00	 7.9919e+00
731	 3.0000e-03	 8.0000e-03	 6.2665e+00	 7.7651e+00
732	 4.0000e-03	 8.0000e-03	 6.2142e+00	 7.3384e+00
733	 5.0000e-03	 8.0000e-03	 6.1899e+00	 6.8716e+00
734	 6.0000e-03	 8.0000e-03	 6.2346e+00	 6.5426e+00
735	 7.0000e-03	 8.0000e-03	 6.1823e+00	 6.1701e+00
736	 8.0000e-03	 8.0000e-03	 6.0774e+00	 5.8247e+00
737	 9.0000e-03	 8.0000e-03	 5.9555e+00	 5.3010e+00
738	 1.0000e-02	 8.0000e-03	 5.7001e+00	 4.6278e+00
739	 1.1000e-02	 8.0000e-03	 5.5778e+00	 3.6949e+00
740	 1.2000e-02	 8.0000e-03	 5.5860e+00	 2.4580e+00
741	 1.3000e-02	 8.0000e-03	 5.7652e+00	 1.5113e+00
742	 1.4000e-02	 8.0000e-03	 5.8155e+00	 7.8679e-01
743	 1.5000e-02	 8.0000e-03	 5.7109e+00	 3.5191e-01
744	-1.5000e-02	 9.0000e-03	 4.8247e+00	 7.1408e+00
745	-1.4000e-02	 9.0000e-03	 5.2366e+00	 8.6944e+00
746	-1.3000e-02	 9.0000e-03	 5.5646e+00	 9.5494e+00
747	-1.2000e-02	 9.0000e-03	 5.7477e+00	 7.3157e-01
748	-1.1000e-02	 9.0000e-03	 5.8559e+00	 1.5741e+00
749	-1.0000e-02	 9.0000e-03	 5.8631e+00	 2.4146e+00
750	-9.0000e-03	 9.0000e-03	 5.8657e+00	 3.2097e+00
751	-8.0000e-03	 9.0000e-03	 5.8740e+00	 4.0825e+00
752	-7.0000e-03	 9.0000e-03	 5.9098e+00	 4.7254e+00
753	-6.0000e-03	 9.0000e-03	 5.9969e+00	 5.3878e+00
754	-5.0000e-03	 9.0000e-03	 6.0557e+00	 5.8220e+00
755	-4.0000e-03	 9.0000e-03	 6.1718e+00	 6.2053e+00
756	-3.0000e-03	 9.0000e-03	 6.2467e+00	 6.5475e+00
757	-2.0000e-03	 9.0000e-03	 6.3010e+00	 6.8226e+00
758	-1.0000e-03	 9.0000e-03	 6.2960e+00	 7.0412e+00
759	 0.0000e+00	 9.0000e-03	 6.2750e+00	 7.2401e+00
760	 1.0000e-03	 9.0000e-03	 6.2333e+00	 7.2789e+00
761	 2.0000e-03	 9.0000e-03	 6.1751e+00	 7.2023e+00
762	 3.0000e-03	 9.0000e-03	 6.0982e+00	 7.0386e+00
763	 4.0000e-03	 9.0000e-03	 6.1343e+00	 6.6580e+00
764	 5.0000e-03	 9.0000e-03	 6.1314e+00	 6.3029e+00
765	 6.0000e-03	 9.0000e-03	 6.1501e+00	 5.9506e+00
766	 7.0000e-03	 9.0000e-03	 6.0834e+00	 5.5709e+00
767	 8.0000e-03	 9.0000e-03	 5.9719e+00	 5.1567e+00
768	 9.0000e-03	 9.0000e-03	 5.8250e+00	 4.7419e+00
769	 1.0000e-02	 9.0000e-03	 5.6149e+00	 3.9911e+00
770	 1.1000e-02	 9.0000e-03	 5.4710e+00	 2.8439e+00
771	 1.2000e-02	 9.0000e-03	 5.6347e+00	 1.8219e+00
772	 1.3000e-02	 9.0000e-03	 5.7717e+00	 9.5641e-01
773	 1.4000e-02	 9.0000e-03	 5.7842e+00	 3.6703e-01
774	 1.5000e-02	 9.0000e-03	 5.5840e+00	 9.5658e+00
775	-1.5000e-02	 1.0000e-02	 4.8237e+00	 5.9736e+00
776	-1.4000e-02	 1.0000e-02	 5.0315e+00	 7.9551e+00
777	-1.3000e-02	 1.0000e-02	 5.4184e+00	 9.2391e+00
778	-1.2000e-02	 1.0000e-02	 5.6116e+00	 3.8741e-01
779	-1.1000e-02	 1.0000e-02	 5.7540e+00	 1.0023e+00
780	-1.0000e-02	 1.0000e-02	 5.8112e+00	 1.8433e+00
781	-9.0000e-03	 1.0000e-02	 5.8122e+00	 2.6069e+00
782	-8.0000e-03	 1.0000e-02	 5.8362e+00	 3.4290e+00
783	-7.0000e-03	 1.0000e-02	 5.8161e+00	 3.9822e+00
784	-6.0000e-03	 1.0000e-02	 5.9147e+00	 4.5953e+00
785	-5.0000e-03	 1.0000e-02	 5.9358e+00	 5.1005e+00
786	-4.0000e-03	 1.0000e-02	 6.0728e+00	 5.4650e+00
787	-3.0000e-03	 1.0000e-02	 6.1287e+00	 5.7798e+00
788	-2.0000e-03	 1.0000e-02	 6.1557e+00	 6.0873e+00
789	-1.0000e-03	 1.0000e-02	 6.1662e+00	 6.3151e+00
790	 0.0000e+00	 1.0000e-02	 6.0742e+00	 6.4525e+00
791	 1.0000e-03	 1.0000e-02	 6.0311e+00	 6.4808e+00
792	 2.0000e-03	 1.0000e-02	 5.9686e+00	 6.4111e+00
793	 3.0000e-03	 1.0000e-02	 5.9765e+00	 6.1310e+00
794	 4.0000e-03	 1.0000e-02	 6.0337e+00	 5.8293e+00
795	 5.0000e-03	 1.0000e-02	 6.0462e+00	 5.5209e+00
796	 6.0000e-03	 1.0000e-02	 6.0298e+00	 5.2626e+00
797	 7.0000e-03	 1.0000e-02	 5.9778e+00	 4.9266e+00
798	 8.0000e-03	 1.0000e-02	 5.8178e+00	 4.5637e+00
799	 9.0000e-03	 1.0000e-02	 5.6922e+00	 3.9165e+00
800	 1.0000e-02	 1.0000e-02	 5.5065e+00	 3.0848e+00
801	 1.1000e-02	 1.0000e-02	 5.4848e+00	 2.0011e+00
802	 1.2000e-02	 1.0000e-02	 5.6478e+00	 1.1287e+00
803	 1.3000e-02	 1.0000e-02	 5.7573e+00	 4.0023e-01
804	 1.4000e-02	 1.0000e-02	 5.7198e+00	 9.6398e+00
805	 1.5000e-02	 1.0000e-02	 5.4997e+00	 9.2884e+00
806	-1.5000e-02	 1.1000e-02	 4.8022e+00	 5.1028e+00
807	-1.4000e-02	 1.1000e-02	 4.8076e+00	 6.8463e+00
808	-1.3000e-02	 1.1000e-02	 5.1672e+00	 8.4681e+00
809	-1.2000e-02	 1.1000e-02	 5.4512e+00	 9.5326e+00
810	-1.1000e-02	 1.1000e-02	 5.6419e+00	 3.9431e-01
811	-1.0000e-02	 1.1000e-02	 5.7412e+00	 1.1454e+00
812	-9.0000e-03	 1.1000e-02	 5.7162e+00	 1.8995e+00
813	-8.0000e-03	 1.1000e-02	 5.7469e+00	 2.5492e+00
814	-7.0000e-03	 1.1000e-02	 5.7573e+00	 3.0940e+00
815	-6.0000e-03	 1.1000e-02	 5.7629e+00	 3.6150e+00
816	-5.0000e-03	 1.1000e-02	 5.8565e+00	 4.1433e+00
817	-4.0000e-03	 1.1000e-02	 5.9437e+00	 4.5884e+00
818	-3.0000e-03	 1.1000e-02	 6.0166e+00	 5.0173e+00
819	-2.0000e-03	 1.1000e-02	 5.9979e+00	 5.2734e+00
820	-1.0000e-03	 1.1000e-02	 5.9397e+00	 5.4565e+00
821	 0.0000e+00	 1.1000e-02	 5.8717e+00	 5.5452e+00
822	 1.0000e-03	 1.1000e-02	 5.7997e+00	 5.5452e+00
823	 2.0000e-03	 1.1000e-02	 5.7533e+00	 5.4023e+00
824	 3.0000e-03	 1.1000e-02	 5.8155e+00	 5.2264e+00
825	 4.0000e-03	 1.1000e-02	 5.8710e+00	 4.9046e+00
826	 5.0000e-03	 1.1000e-02	 5.9239e+00	 4.7261e+00
827	 6.0000e-03	 1.1000e-02	 5.9128e+00	 4.4437e+00
828	 7.0000e-03	 1.1000e-02	 5.8639e+00	 4.1005e+00
829	 8.0000e-03	 1.1000e-02	 5.7576e+00	 3.6157e+00
830	 9.0000e-03	 1.1000e-02	 5.6337e+00	 2.9418e+00
831	 1.0000e-02	 1.1000e-02	 5.4700e+00	 2.1220e+00
832	 1.1000e-02	 1.1000e-02	 5.5406e+00	 1.1342e+00
833	 1.2000e-02	 1.1000e-02	 5.6606e+00	 4.5874e-01
834	 1.3000e-02	 1.1000e-02	 5.6761e+00	 9.6589e+00
835	 1.4000e-02	 1.1000e-02	 5.5936e+00	 9.2282e+00
836	 1.5000e-02	 1.1000e-02	 5.2954e+00	 8.7082e+00
837	-1.5000e-02	 1.2000e-02	 4.8181e+00	 4.2827e+00
838	-1.4000e-02	 1.2000e-02	 4.7632e+00	 5.8953e+00
839	-1.3000e-02	 1.2000e-02	 4.9680e+00	 7.6905e+00
840	-1.2000e-02	 1.2000e-02	 5.2077e+00	 8.8394e+00
841	-1.1000e-02	 1.2000e-02	 5.5199e+00	 9.5530e+00
842	-1.0000e-02	 1.2000e-02	 5.6116e+00	 4.3408e-01
843	-9.0000e-03	 1.2000e-02	 5.6725e+00	 1.0544e+00
844	-8.0000e-03	 1.2000e-02	 5.6873e+00	 1.6368e+00
845	-7.0000e-03	 1.2000e-02	 5.7205e+00	 2.1700e+00
846	-6.0000e-03	 1.2000e-02	 5.7070e+00	 2.7584e+00
847	-5.0000e-03	 1.2000e-02	 5.7744e+00	 3.2541e+00
848	-4.0000e-03	 1.2000e-02	 5.9032e+00	 3.7518e+00
849	-3.0000e-03	 1.2000e-02	 5.8848e+00	 4.1630e+00
850	-2.0000e-03	 1.2000e-02	 5.8819e+00	 4.4263e+00
851	-1.0000e-03	 1.2000e-02	 5.8296e+00	 4.5167e+00
852	 0.0000e+00	 1.2000e-02	 5.7310e+00	 4.5404e+00
853	 1.0000e-03	 1.2000e-02	 5.6567e+00	 4.4687e+00
854	 2.0000e-03	 1.2000e-02	 5.6810e+00	 4.3425e+00
855	 3.0000e-03	 1.2000e-02	 5.7487e+00	 4.1374e+00
856	 4.0000e-03	 1.2000e-02	 5.8187e+00	 4.0078e+00
857	 5.0000e-03	 1.2000e-02	 5.8477e+00	 3.8517e+00
858	 6.0000e-03	 1.2000e-02	 5.8450e+00	 3.5187e+00
859	 7.0000e-03	 1.2000e-02	 5.7343e+00	 3.2344e+00
860	 8.0000e-03	 1.2000e-02	 5.6636e+00	 2.6289e+00
861	 9.0000e-03	 1.2000e-02	 5.5653e+00	 1.9639e+00
862	 1.0000e-02	 1.2000e-02	 5.5403e+00	 1.3318e+00
863	 1.1000e-02	 1.2000e-02	 5.5610e+00	 4.6071e-01
864	 1.2000e-02	 1.2000e-02	 5.5972e+00	 9.5626e+00
865	 1.3000e-02	 1.2000e-02	 5.5745e+00	 9.1349e+00
866	 1.4000e-02	 1.2000e-02	 5.4154e+00	 8.6010e+00
867	 1.5000e-02	 1.2000e-02	 5.0469e+00	 8.2506e+00
868	-1.5000e-02	 1.3000e-02	 4.6995e+00	 3.5112e+00
869	-1.4000e-02	 1.3000e-02	 4.5683e+00	 5.0226e+00
870	-1.3000e-02	 1.3000e-02	 4.7231e+00	 6.8272e+00
871	-1.2000e-02	 1.3000e-02	 5.0821e+00	 8.1224e+00
872	-1.1000e-02	 1.3000e-02	 5.2576e+00	 8.8916e+00
873	-1.0000e-02	 1.3000e-02	 5.4611e+00	 9.5649e+00
874	-9.0000e-03	 1.3000e-02	 5.5893e+00	 3.9595e-01
875	-8.0000e-03	 1.3000e-02	 5.6564e+00	 8.4300e-01
876	-7.0000e-03	 1.3000e-02	 5.6754e+00	 1.3765e+00
877	-6.0000e-03	 1.3000e-02	 5.6744e+00	 1.9041e+00
878	-5.0000e-03	 1.3000e-02	 5.6889e+00	 2.4596e+00
879	-4.0000e-03	 1.3000e-02	 5.7596e+00	 2.8406e+00
880	-3.0000e-03	 1.3000e-02	 5.7398e+00	 3.2416e+00
881	-2.0000e-03	 1.3000e-02	 5.7813e+00	 3.5125e+00
882	-1.0000e-03	 1.3000e-02	 5.7514e+00	 3.5900e+00
883	 0.0000e+00	 1.3000e-02	 5.7086e+00	 3.5996e+00
884	 1.0000e-03	 1.3000e-02	 5.7185e+00	 3.3882e+00
885	 2.0000e-03	 1.3000e-02	 5.7300e+00	 3.3511e+00
886	 3.0000e-03	 1.3000e-02	 5.7543e+00	 3.2101e+00
887	 4.0000e-03	 1.3000e-02	 5.7638e+00	 3.1404e+00
888	 5.0000e-03	 1.3000e-02	 5.7530e+00	 2.9872e+00
889	 6.0000e-03	 1.3000e-02	 5.7740e+00	 2.7268e+00
890	 7.0000e-03	 1.3000e-02	 5.6978e+00	 2.3123e+00
891	 8.0000e-03	 1.3000e-02	 5.5479e+00	 1.8009e+00
892	 9.0000e-03	 1.3000e-02	 5.4798e+00	 1.0274e+00
893	 1.0000e-02	 1.3000e-02	 5.4900e+00	 4.8766e-01
894	 1.1000e-02	 1.3000e-02	 5.5324e+00	 9.4846e+00
895	 1.2000e-02	 1.3000e-02	 5.4417e+00	 8.9192e+00
896	 1.3000e-02	 1.3000e-02	 5.4032e+00	 8.4649e+00
897	 1.4000e-02	 1.3000e-02	 5.1587e+00	 7.8921e+00
898	 1.5000e-02	 1.3000e-02	 4.7820e+00	 7.4025e+00
899	-1.5000e-02	 1.4000e-02	 4.6480e+00	 2.7623e+00
900	-1.4000e-02	 1.4000e-02	 4.6176e+00	 3.8027e+00
901	-1.3000e-02	 1.4000e-02	 4.6761e+00	 5.4466e+00
902	-1.2000e-02	 1.4000e-02	 4.7300e+00	 6.9193e+00
903	-1.1000e-02	 1.4000e-02	 5.0873e+00	 7.9848e+00
904	-1.0000e-02	 1.4000e-02	 5.2524e+00	 8.7125e+00
905	-9.0000e-03	 1.4000e-02	 5.4466e+00	 9.3186e+00
906	-8.0000e-03	 1.4000e-02	 5.5426e+00	 9.5169e+00
907	-7.0000e-03	 1.4000e-02	 5.5637e+00	 5.1002e-01
908	-6.0000e-03	 1.4000e-02	 5.6067e+00	 8.9297e-01
909	-5.0000e-03	 1.4000e-02	 5.5896e+00	 1.5655e+00
910	-4.0000e-03	 1.4000e-02	 5.6416e+00	 2.0178e+00
911	-3.0000e-03	 1.4000e-02	 5.6511e+00	 2.3508e+00
912	-2.0000e-03	 1.4000e-02	 5.6485e+00	 2.5467e+00
913	-1.0000e-03	 1.4000e-02	 5.6481e+00	 2.6611e+00
914	 0.0000e+00	 1.4000e-02	 5.6531e+00	 2.5170e+00
915	 1.0000e-03	 1.4000e-02	 5.7011e+00	 2.3771e+00
916	 2.0000e-03	 1.4000e-02	 5.7175e+00	 2.3340e+00
917	 3.0000e-03	 1.4000e-02	 5.6932e+00	 2.3186e+00
918	 4.0000e-03	 1.4000e-02	 5.6495e+00	 2.2382e+00
919	 5.0000e-03	 1.4000e-02	 5.6988e+00	 2.1509e+00
920	 6.0000e-03	 1.4000e-02	 5.6199e+00	 1.8804e+00
921	 7.0000e-03	 1.4000e-02	 5.5259e+00	 1.5047e+00
922	 8.0000e-03	 1.4000e-02	 5.4361e+00	 9.5246e-01
923	 9.0000e-03	 1.4000e-02	 5.3405e+00	 7.9764e-01
924	 1.0000e-02	 1.4000e-02	 5.3760e+00	 9.2697e+00
925	 1.1000e-02	 1.4000e-02	 5.3845e+00	 8.5261e+00
926	 1.2000e-02	 1.4000e-02	 5.2941e+00	 7.8532e+00
927	 1.3000e-02	 1.4000e-02	 5.2047e+00	 7.4291e+00
928	 1.4000e-02	 1.4000e-02	 4.9105e+00	 6.8134e+00
929	 1.5000e-02	 1.4000e-02	 4.6097e+00	 6.0799e+00
930	-1.5000e-02	 1.5000e-02	 4.5916e+00	 1.9810e+00
931	-1.4000e-02	 1.5000e-02	 4.7195e+00	 2.6644e+00
932	-1.3000e-02	 1.5000e-02	 4.8135e+00	 3.7791e+00
933	-1.2000e-02	 1.5000e-02	 4.8099e+00	 5.0926e+00
934	-1.1000e-02	 1.5000e-02	 4.9033e+00	 6.2365e+00
935	-1.0000e-02	 1.5000e-02	 5.0630e+00	 7.5698e+00
936	-9.0000e-03	 1.5000e-02	 5.2142e+00	 8.0930e+00
937	-8.0000e-03	 1.5000e-02	 5.3316e+00	 8.8275e+00
938	-7.0000e-03	 1.5000e-02	 5.4348e+00	 9.3525e+00
939	-6.0000e-03	 1.5000e-02	 5.4154e+00	 9.5159e+00
940	-5.0000e-03	 1.5000e-02	 5.3835e+00	 5.1791e-01
941	-4.0000e-03	 1.5000e-02	 5.4253e+00	 1.1310e+00
942	-3.0000e-03	 1.5000e-02	 5.3556e+00	 1.3844e+00
943	-2.0000e-03	 1.5000e-02	 5.4493e+00	 1.7016e+00
944	-1.0000e-03	 1.5000e-02	 5.4300e+00	 1.6835e+00
945	 0.0000e+00	 1.5000e-02	 5.5022e+00	 1.5944e+00
946	 1.0000e-03	 1.5000e-02	 5.5919e+00	 1.4462e+00
947	 2.0000e-03	 1.5000e-02	 5.6386e+00	 1.4265e+00
948	 3.0000e-03	 1.5000e-02	 5.6113e+00	 1.4255e+00
949	 4.0000e-03	 1.5000e-02	 5.5337e+00	 1.3032e+00
950	 5.0000e-03	 1.5000e-02	 5.4890e+00	 1.1918e+00
951	 6.0000e-03	 1.5000e-02	 5.3842e+00	 9.2123e-01
952	 7.0000e-03	 1.5000e-02	 5.3092e+00	 5.7149e-01
953	 8.0000e-03	 1.5000e-02	 5.1133e+00	 9.2131e+00
954	 9.0000e-03	 1.5000e-02	 5.1925e+00	 8.7759e+00
955	 1.0000e-02	 1.5000e-02	 5.2460e+00	 8.0212e+00
956	 1.1000e-02	 1.5000e-02	 5.3043e+00	 7.4538e+00
957	 1.2000e-02	 1.5000e-02	 5.2852e+00	 6.8220e+00
958	 1.3000e-02	 1.5000e-02	 5.1406e+00	 6.2043e+00
959	 1.4000e-02	 1.5000e-02	 4.9095e+00	 5.3707e+00
960	 1.5000e-02	 1.5000e-02	 4.4763e+00	 4.4454e+00
