	x (m)	y (m)	Mesure ch1 (V)	Mesure ch2 (V)
0	-1.5000e-02	-1.5000e-02	 5.0614e+00	 5.9164e+00
1	-1.4000e-02	-1.5000e-02	 4.9223e+00	 5.3536e+00
2	-1.3000e-02	-1.5000e-02	 5.0048e+00	 4.8883e+00
3	-1.2000e-02	-1.5000e-02	 4.9946e+00	 4.3205e+00
4	-1.1000e-02	-1.5000e-02	 4.8589e+00	 3.7722e+00
5	-1.0000e-02	-1.5000e-02	 4.5463e+00	 3.4536e+00
6	-9.0000e-03	-1.5000e-02	 4.4263e+00	 1.9458e+00
7	-8.0000e-03	-1.5000e-02	 4.6636e+00	 1.1556e+00
8	-7.0000e-03	-1.5000e-02	 4.9197e+00	 1.1030e+00
9	-6.0000e-03	-1.5000e-02	 4.6610e+00	 1.8528e+00
10	-5.0000e-03	-1.5000e-02	 4.8300e+00	 2.8570e+00
11	-4.0000e-03	-1.5000e-02	 5.2494e+00	 3.7820e+00
12	-3.0000e-03	-1.5000e-02	 5.4920e+00	 4.0200e+00
13	-2.0000e-03	-1.5000e-02	 5.5965e+00	 4.2047e+00
14	-1.0000e-03	-1.5000e-02	 5.6123e+00	 4.5233e+00
15	 0.0000e+00	-1.5000e-02	 5.5844e+00	 4.6567e+00
16	 1.0000e-03	-1.5000e-02	 5.5939e+00	 4.6201e+00
17	 2.0000e-03	-1.5000e-02	 5.6498e+00	 4.5926e+00
18	 3.0000e-03	-1.5000e-02	 5.6761e+00	 4.5436e+00
19	 4.0000e-03	-1.5000e-02	 5.6153e+00	 4.3984e+00
20	 5.0000e-03	-1.5000e-02	 5.4493e+00	 4.2179e+00
21	 6.0000e-03	-1.5000e-02	 5.2132e+00	 3.6354e+00
22	 7.0000e-03	-1.5000e-02	 5.0282e+00	 2.7909e+00
23	 8.0000e-03	-1.5000e-02	 4.9296e+00	 1.9024e+00
24	 9.0000e-03	-1.5000e-02	 4.9670e+00	 1.2973e+00
25	 1.0000e-02	-1.5000e-02	 4.7116e+00	 1.4531e+00
26	 1.1000e-02	-1.5000e-02	 4.4523e+00	 2.3189e+00
27	 1.2000e-02	-1.5000e-02	 4.5699e+00	 3.6147e+00
28	 1.3000e-02	-1.5000e-02	 4.8697e+00	 3.7909e+00
29	 1.4000e-02	-1.5000e-02	 5.1067e+00	 3.8806e+00
30	 1.5000e-02	-1.5000e-02	 5.1222e+00	 3.9207e+00
31	-1.5000e-02	-1.4000e-02	 5.1416e+00	 6.0390e+00
32	-1.4000e-02	-1.4000e-02	 5.0683e+00	 5.3842e+00
33	-1.3000e-02	-1.4000e-02	 4.9983e+00	 4.9276e+00
34	-1.2000e-02	-1.4000e-02	 4.9933e+00	 4.5440e+00
35	-1.1000e-02	-1.4000e-02	 4.7359e+00	 4.3744e+00
36	-1.0000e-02	-1.4000e-02	 4.5252e+00	 3.2035e+00
37	-9.0000e-03	-1.4000e-02	 4.8247e+00	 1.7269e+00
38	-8.0000e-03	-1.4000e-02	 5.0459e+00	 1.5997e+00
39	-7.0000e-03	-1.4000e-02	 4.9792e+00	 2.1858e+00
40	-6.0000e-03	-1.4000e-02	 4.9328e+00	 3.5117e+00
41	-5.0000e-03	-1.4000e-02	 5.2277e+00	 4.4644e+00
42	-4.0000e-03	-1.4000e-02	 5.6064e+00	 5.0091e+00
43	-3.0000e-03	-1.4000e-02	 5.7372e+00	 5.2819e+00
44	-2.0000e-03	-1.4000e-02	 5.8145e+00	 5.5508e+00
45	-1.0000e-03	-1.4000e-02	 5.8312e+00	 5.7099e+00
46	 0.0000e+00	-1.4000e-02	 5.8286e+00	 5.8618e+00
47	 1.0000e-03	-1.4000e-02	 5.8546e+00	 5.9174e+00
48	 2.0000e-03	-1.4000e-02	 5.8894e+00	 5.8559e+00
49	 3.0000e-03	-1.4000e-02	 5.8631e+00	 5.6613e+00
50	 4.0000e-03	-1.4000e-02	 5.9085e+00	 5.5479e+00
51	 5.0000e-03	-1.4000e-02	 5.7829e+00	 5.4818e+00
52	 6.0000e-03	-1.4000e-02	 5.6136e+00	 5.2586e+00
53	 7.0000e-03	-1.4000e-02	 5.2468e+00	 4.7764e+00
54	 8.0000e-03	-1.4000e-02	 4.9010e+00	 3.7570e+00
55	 9.0000e-03	-1.4000e-02	 4.9105e+00	 2.2459e+00
56	 1.0000e-02	-1.4000e-02	 4.9046e+00	 1.8022e+00
57	 1.1000e-02	-1.4000e-02	 4.6479e+00	 1.9623e+00
58	 1.2000e-02	-1.4000e-02	 4.5509e+00	 3.4743e+00
59	 1.3000e-02	-1.4000e-02	 4.9628e+00	 4.0677e+00
60	 1.4000e-02	-1.4000e-02	 5.1909e+00	 4.0078e+00
61	 1.5000e-02	-1.4000e-02	 5.2981e+00	 4.0941e+00
62	-1.5000e-02	-1.3000e-02	 5.1925e+00	 5.9532e+00
63	-1.4000e-02	-1.3000e-02	 5.1511e+00	 5.5597e+00
64	-1.3000e-02	-1.3000e-02	 5.1228e+00	 5.1758e+00
65	-1.2000e-02	-1.3000e-02	 5.0200e+00	 4.9785e+00
66	-1.1000e-02	-1.3000e-02	 4.6682e+00	 4.0088e+00
67	-1.0000e-02	-1.3000e-02	 4.7951e+00	 2.6151e+00
68	-9.0000e-03	-1.3000e-02	 5.1620e+00	 2.0477e+00
69	-8.0000e-03	-1.3000e-02	 5.1748e+00	 2.3907e+00
70	-7.0000e-03	-1.3000e-02	 4.9522e+00	 3.6213e+00
71	-6.0000e-03	-1.3000e-02	 5.2530e+00	 5.0985e+00
72	-5.0000e-03	-1.3000e-02	 5.6015e+00	 5.8171e+00
73	-4.0000e-03	-1.3000e-02	 5.8020e+00	 6.1590e+00
74	-3.0000e-03	-1.3000e-02	 5.8457e+00	 6.3933e+00
75	-2.0000e-03	-1.3000e-02	 5.8404e+00	 6.6655e+00
76	-1.0000e-03	-1.3000e-02	 5.8483e+00	 6.9295e+00
77	 0.0000e+00	-1.3000e-02	 5.8789e+00	 7.1007e+00
78	 1.0000e-03	-1.3000e-02	 5.8904e+00	 7.2217e+00
79	 2.0000e-03	-1.3000e-02	 5.9131e+00	 7.1205e+00
80	 3.0000e-03	-1.3000e-02	 5.9193e+00	 6.8425e+00
81	 4.0000e-03	-1.3000e-02	 5.9157e+00	 6.6428e+00
82	 5.0000e-03	-1.3000e-02	 5.9358e+00	 6.4229e+00
83	 6.0000e-03	-1.3000e-02	 5.8638e+00	 6.2392e+00
84	 7.0000e-03	-1.3000e-02	 5.5965e+00	 5.8851e+00
85	 8.0000e-03	-1.3000e-02	 5.1482e+00	 5.1814e+00
86	 9.0000e-03	-1.3000e-02	 4.7359e+00	 3.8113e+00
87	 1.0000e-02	-1.3000e-02	 4.8904e+00	 2.6440e+00
88	 1.1000e-02	-1.3000e-02	 4.9509e+00	 2.3071e+00
89	 1.2000e-02	-1.3000e-02	 4.6778e+00	 2.3975e+00
90	 1.3000e-02	-1.3000e-02	 4.8451e+00	 3.9028e+00
91	 1.4000e-02	-1.3000e-02	 5.2241e+00	 4.3155e+00
92	 1.5000e-02	-1.3000e-02	 5.4092e+00	 4.2866e+00
93	-1.5000e-02	-1.2000e-02	 5.2349e+00	 6.1399e+00
94	-1.4000e-02	-1.2000e-02	 5.2050e+00	 5.5508e+00
95	-1.3000e-02	-1.2000e-02	 5.1662e+00	 5.3723e+00
96	-1.2000e-02	-1.2000e-02	 4.9749e+00	 4.9023e+00
97	-1.1000e-02	-1.2000e-02	 4.7406e+00	 3.5715e+00
98	-1.0000e-02	-1.2000e-02	 5.0551e+00	 2.7453e+00
99	-9.0000e-03	-1.2000e-02	 5.2639e+00	 2.7988e+00
100	-8.0000e-03	-1.2000e-02	 5.1360e+00	 3.5864e+00
101	-7.0000e-03	-1.2000e-02	 5.2126e+00	 5.3911e+00
102	-6.0000e-03	-1.2000e-02	 5.5699e+00	 6.3141e+00
103	-5.0000e-03	-1.2000e-02	 5.7836e+00	 6.7664e+00
104	-4.0000e-03	-1.2000e-02	 5.8380e+00	 7.1685e+00
105	-3.0000e-03	-1.2000e-02	 5.8441e+00	 7.5623e+00
106	-2.0000e-03	-1.2000e-02	 5.8299e+00	 8.1349e+00
107	-1.0000e-03	-1.2000e-02	 5.8963e+00	 8.4406e+00
108	 0.0000e+00	-1.2000e-02	 5.9338e+00	 8.6937e+00
109	 1.0000e-03	-1.2000e-02	 5.9456e+00	 8.8367e+00
110	 2.0000e-03	-1.2000e-02	 5.9059e+00	 8.7358e+00
111	 3.0000e-03	-1.2000e-02	 5.8457e+00	 8.3667e+00
112	 4.0000e-03	-1.2000e-02	 5.8897e+00	 7.9002e+00
113	 5.0000e-03	-1.2000e-02	 5.9187e+00	 7.5649e+00
114	 6.0000e-03	-1.2000e-02	 5.9144e+00	 7.1142e+00
115	 7.0000e-03	-1.2000e-02	 5.8053e+00	 6.7855e+00
116	 8.0000e-03	-1.2000e-02	 5.5117e+00	 6.3940e+00
117	 9.0000e-03	-1.2000e-02	 5.0923e+00	 5.6416e+00
118	 1.0000e-02	-1.2000e-02	 4.9000e+00	 3.8764e+00
119	 1.1000e-02	-1.2000e-02	 5.0762e+00	 2.9290e+00
120	 1.2000e-02	-1.2000e-02	 4.9739e+00	 2.8199e+00
121	 1.3000e-02	-1.2000e-02	 4.9542e+00	 3.3215e+00
122	 1.4000e-02	-1.2000e-02	 5.0783e+00	 4.2149e+00
123	 1.5000e-02	-1.2000e-02	 5.4230e+00	 4.4595e+00
124	-1.5000e-02	-1.1000e-02	 5.4282e+00	 6.1429e+00
125	-1.4000e-02	-1.1000e-02	 5.3066e+00	 5.7201e+00
126	-1.3000e-02	-1.1000e-02	 5.1718e+00	 5.6301e+00
127	-1.2000e-02	-1.1000e-02	 4.8359e+00	 4.6383e+00
128	-1.1000e-02	-1.1000e-02	 4.9578e+00	 3.3770e+00
129	-1.0000e-02	-1.1000e-02	 5.2892e+00	 3.2488e+00
130	-9.0000e-03	-1.1000e-02	 5.2921e+00	 3.8277e+00
131	-8.0000e-03	-1.1000e-02	 5.2126e+00	 5.2593e+00
132	-7.0000e-03	-1.1000e-02	 5.4834e+00	 6.5613e+00
133	-6.0000e-03	-1.1000e-02	 5.7297e+00	 7.2365e+00
134	-5.0000e-03	-1.1000e-02	 5.8618e+00	 7.7431e+00
135	-4.0000e-03	-1.1000e-02	 5.8611e+00	 8.3903e+00
136	-3.0000e-03	-1.1000e-02	 5.8605e+00	 9.2200e+00
137	-2.0000e-03	-1.1000e-02	 5.9716e+00	 9.7309e+00
138	-1.0000e-03	-1.1000e-02	 6.0827e+00	 2.8814e-01
139	 0.0000e+00	-1.1000e-02	 6.1695e+00	 2.1418e-01
140	 1.0000e-03	-1.1000e-02	 6.1741e+00	 2.9110e-01
141	 2.0000e-03	-1.1000e-02	 6.1037e+00	 2.9504e-01
142	 3.0000e-03	-1.1000e-02	 6.0173e+00	 9.6937e+00
143	 4.0000e-03	-1.1000e-02	 5.9298e+00	 9.4653e+00
144	 5.0000e-03	-1.1000e-02	 5.8332e+00	 8.8463e+00
145	 6.0000e-03	-1.1000e-02	 5.8878e+00	 8.1717e+00
146	 7.0000e-03	-1.1000e-02	 5.8358e+00	 7.6596e+00
147	 8.0000e-03	-1.1000e-02	 5.7431e+00	 7.1698e+00
148	 9.0000e-03	-1.1000e-02	 5.4779e+00	 6.4857e+00
149	 1.0000e-02	-1.1000e-02	 5.1360e+00	 5.1541e+00
150	 1.1000e-02	-1.1000e-02	 5.1817e+00	 3.7565e+00
151	 1.2000e-02	-1.1000e-02	 5.2211e+00	 3.2479e+00
152	 1.3000e-02	-1.1000e-02	 5.0942e+00	 3.1068e+00
153	 1.4000e-02	-1.1000e-02	 5.1518e+00	 3.8879e+00
154	 1.5000e-02	-1.1000e-02	 5.3510e+00	 4.4927e+00
155	-1.5000e-02	-1.0000e-02	 5.4601e+00	 6.2691e+00
156	-1.4000e-02	-1.0000e-02	 5.3405e+00	 5.8697e+00
157	-1.3000e-02	-1.0000e-02	 5.1452e+00	 5.4272e+00
158	-1.2000e-02	-1.0000e-02	 4.9348e+00	 4.2600e+00
159	-1.1000e-02	-1.0000e-02	 5.2639e+00	 3.7130e+00
160	-1.0000e-02	-1.0000e-02	 5.3855e+00	 4.1117e+00
161	-9.0000e-03	-1.0000e-02	 5.3073e+00	 5.2241e+00
162	-8.0000e-03	-1.0000e-02	 5.4151e+00	 6.5580e+00
163	-7.0000e-03	-1.0000e-02	 5.6853e+00	 7.5748e+00
164	-6.0000e-03	-1.0000e-02	 5.8812e+00	 8.2565e+00
165	-5.0000e-03	-1.0000e-02	 5.9598e+00	 8.8989e+00
166	-4.0000e-03	-1.0000e-02	 5.9509e+00	 9.6553e+00
167	-3.0000e-03	-1.0000e-02	 6.0403e+00	 4.6170e-01
168	-2.0000e-03	-1.0000e-02	 6.2237e+00	 1.0064e+00
169	-1.0000e-03	-1.0000e-02	 6.3115e+00	 1.2434e+00
170	 0.0000e+00	-1.0000e-02	 6.4078e+00	 1.3959e+00
171	 1.0000e-03	-1.0000e-02	 6.3973e+00	 1.4863e+00
172	 2.0000e-03	-1.0000e-02	 6.3499e+00	 1.4442e+00
173	 3.0000e-03	-1.0000e-02	 6.2605e+00	 1.2404e+00
174	 4.0000e-03	-1.0000e-02	 6.0830e+00	 8.9132e-01
175	 5.0000e-03	-1.0000e-02	 5.8989e+00	 3.2101e-01
176	 6.0000e-03	-1.0000e-02	 5.8789e+00	 9.2759e+00
177	 7.0000e-03	-1.0000e-02	 5.9486e+00	 8.5475e+00
178	 8.0000e-03	-1.0000e-02	 5.8615e+00	 8.0028e+00
179	 9.0000e-03	-1.0000e-02	 5.6698e+00	 7.3134e+00
180	 1.0000e-02	-1.0000e-02	 5.3329e+00	 6.3033e+00
181	 1.1000e-02	-1.0000e-02	 5.2392e+00	 4.9082e+00
182	 1.2000e-02	-1.0000e-02	 5.2951e+00	 3.9460e+00
183	 1.3000e-02	-1.0000e-02	 5.2925e+00	 3.4576e+00
184	 1.4000e-02	-1.0000e-02	 5.2777e+00	 3.6091e+00
185	 1.5000e-02	-1.0000e-02	 5.2796e+00	 4.2641e+00
186	-1.5000e-02	-9.0000e-03	 5.5028e+00	 6.2576e+00
187	-1.4000e-02	-9.0000e-03	 5.3526e+00	 6.0679e+00
188	-1.3000e-02	-9.0000e-03	 4.9674e+00	 5.2856e+00
189	-1.2000e-02	-9.0000e-03	 5.1169e+00	 4.2399e+00
190	-1.1000e-02	-9.0000e-03	 5.4756e+00	 4.2583e+00
191	-1.0000e-02	-9.0000e-03	 5.5390e+00	 4.8520e+00
192	-9.0000e-03	-9.0000e-03	 5.4867e+00	 6.0212e+00
193	-8.0000e-03	-9.0000e-03	 5.5775e+00	 7.3128e+00
194	-7.0000e-03	-9.0000e-03	 5.8316e+00	 8.3634e+00
195	-6.0000e-03	-9.0000e-03	 6.0127e+00	 9.1129e+00
196	-5.0000e-03	-9.0000e-03	 6.0709e+00	 9.8236e+00
197	-4.0000e-03	-9.0000e-03	 6.1179e+00	 7.7693e-01
198	-3.0000e-03	-9.0000e-03	 6.2714e+00	 1.5044e+00
199	-2.0000e-03	-9.0000e-03	 6.4535e+00	 1.9092e+00
200	-1.0000e-03	-9.0000e-03	 6.5482e+00	 2.1536e+00
201	 0.0000e+00	-9.0000e-03	 6.5419e+00	 2.3449e+00
202	 1.0000e-03	-9.0000e-03	 6.5317e+00	 2.4820e+00
203	 2.0000e-03	-9.0000e-03	 6.4831e+00	 2.4060e+00
204	 3.0000e-03	-9.0000e-03	 6.4239e+00	 2.1204e+00
205	 4.0000e-03	-9.0000e-03	 6.3430e+00	 1.8180e+00
206	 5.0000e-03	-9.0000e-03	 6.1166e+00	 1.3405e+00
207	 6.0000e-03	-9.0000e-03	 5.8993e+00	 4.3573e-01
208	 7.0000e-03	-9.0000e-03	 5.9239e+00	 9.4488e+00
209	 8.0000e-03	-9.0000e-03	 5.9535e+00	 8.7513e+00
210	 9.0000e-03	-9.0000e-03	 5.7961e+00	 8.1436e+00
211	 1.0000e-02	-9.0000e-03	 5.5443e+00	 7.1224e+00
212	 1.1000e-02	-9.0000e-03	 5.3717e+00	 5.7734e+00
213	 1.2000e-02	-9.0000e-03	 5.3766e+00	 4.5588e+00
214	 1.3000e-02	-9.0000e-03	 5.3645e+00	 3.8310e+00
215	 1.4000e-02	-9.0000e-03	 5.3454e+00	 3.6180e+00
216	 1.5000e-02	-9.0000e-03	 5.2379e+00	 4.0180e+00
217	-1.5000e-02	-8.0000e-03	 5.4867e+00	 6.4872e+00
218	-1.4000e-02	-8.0000e-03	 5.2522e+00	 6.2582e+00
219	-1.3000e-02	-8.0000e-03	 4.9848e+00	 5.0058e+00
220	-1.2000e-02	-8.0000e-03	 5.3359e+00	 4.2784e+00
221	-1.1000e-02	-8.0000e-03	 5.6255e+00	 4.6084e+00
222	-1.0000e-02	-8.0000e-03	 5.6593e+00	 5.4210e+00
223	-9.0000e-03	-8.0000e-03	 5.5114e+00	 6.6162e+00
224	-8.0000e-03	-8.0000e-03	 5.6560e+00	 8.0945e+00
225	-7.0000e-03	-8.0000e-03	 5.9423e+00	 9.1053e+00
226	-6.0000e-03	-8.0000e-03	 6.0751e+00	 9.8103e+00
227	-5.0000e-03	-8.0000e-03	 6.1922e+00	 9.0184e-01
228	-4.0000e-03	-8.0000e-03	 6.3167e+00	 1.6697e+00
229	-3.0000e-03	-8.0000e-03	 6.4680e+00	 2.3091e+00
230	-2.0000e-03	-8.0000e-03	 6.5801e+00	 2.7765e+00
231	-1.0000e-03	-8.0000e-03	 6.6366e+00	 3.0342e+00
232	 0.0000e+00	-8.0000e-03	 6.6445e+00	 3.2383e+00
233	 1.0000e-03	-8.0000e-03	 6.6192e+00	 3.4093e+00
234	 2.0000e-03	-8.0000e-03	 6.5518e+00	 3.3284e+00
235	 3.0000e-03	-8.0000e-03	 6.5340e+00	 2.9747e+00
236	 4.0000e-03	-8.0000e-03	 6.5199e+00	 2.6414e+00
237	 5.0000e-03	-8.0000e-03	 6.3256e+00	 2.2022e+00
238	 6.0000e-03	-8.0000e-03	 6.0673e+00	 1.4672e+00
239	 7.0000e-03	-8.0000e-03	 5.9335e+00	 4.8898e-01
240	 8.0000e-03	-8.0000e-03	 5.9962e+00	 9.4998e+00
241	 9.0000e-03	-8.0000e-03	 5.9243e+00	 8.8390e+00
242	 1.0000e-02	-8.0000e-03	 5.6711e+00	 7.9705e+00
243	 1.1000e-02	-8.0000e-03	 5.4512e+00	 6.5751e+00
244	 1.2000e-02	-8.0000e-03	 5.4299e+00	 5.2244e+00
245	 1.3000e-02	-8.0000e-03	 5.4371e+00	 4.2606e+00
246	 1.4000e-02	-8.0000e-03	 5.4851e+00	 3.7238e+00
247	 1.5000e-02	-8.0000e-03	 5.3658e+00	 3.7682e+00
248	-1.5000e-02	-7.0000e-03	 5.4575e+00	 6.6734e+00
249	-1.4000e-02	-7.0000e-03	 5.1304e+00	 6.3269e+00
250	-1.3000e-02	-7.0000e-03	 5.0502e+00	 4.9782e+00
251	-1.2000e-02	-7.0000e-03	 5.4410e+00	 4.6653e+00
252	-1.1000e-02	-7.0000e-03	 5.7763e+00	 5.0561e+00
253	-1.0000e-02	-7.0000e-03	 5.6679e+00	 5.9736e+00
254	-9.0000e-03	-7.0000e-03	 5.4923e+00	 7.3499e+00
255	-8.0000e-03	-7.0000e-03	 5.7556e+00	 8.8443e+00
256	-7.0000e-03	-7.0000e-03	 6.0278e+00	 9.7499e+00
257	-6.0000e-03	-7.0000e-03	 6.1721e+00	 8.3347e-01
258	-5.0000e-03	-7.0000e-03	 6.3158e+00	 1.6763e+00
259	-4.0000e-03	-7.0000e-03	 6.4331e+00	 2.4162e+00
260	-3.0000e-03	-7.0000e-03	 6.5699e+00	 3.0664e+00
261	-2.0000e-03	-7.0000e-03	 6.6931e+00	 3.5956e+00
262	-1.0000e-03	-7.0000e-03	 6.7648e+00	 3.8839e+00
263	 0.0000e+00	-7.0000e-03	 6.8125e+00	 4.0677e+00
264	 1.0000e-03	-7.0000e-03	 6.8079e+00	 4.1949e+00
265	 2.0000e-03	-7.0000e-03	 6.7438e+00	 4.0881e+00
266	 3.0000e-03	-7.0000e-03	 6.7050e+00	 3.8063e+00
267	 4.0000e-03	-7.0000e-03	 6.6438e+00	 3.5559e+00
268	 5.0000e-03	-7.0000e-03	 6.4680e+00	 3.0710e+00
269	 6.0000e-03	-7.0000e-03	 6.2257e+00	 2.3173e+00
270	 7.0000e-03	-7.0000e-03	 6.0242e+00	 1.3472e+00
271	 8.0000e-03	-7.0000e-03	 5.9614e+00	 3.3153e-01
272	 9.0000e-03	-7.0000e-03	 5.9808e+00	 9.3630e+00
273	 1.0000e-02	-7.0000e-03	 5.8059e+00	 8.6523e+00
274	 1.1000e-02	-7.0000e-03	 5.4545e+00	 7.3969e+00
275	 1.2000e-02	-7.0000e-03	 5.5170e+00	 5.8316e+00
276	 1.3000e-02	-7.0000e-03	 5.5643e+00	 4.6646e+00
277	 1.4000e-02	-7.0000e-03	 5.6090e+00	 4.0744e+00
278	 1.5000e-02	-7.0000e-03	 5.5047e+00	 3.8464e+00
279	-1.5000e-02	-6.0000e-03	 5.4118e+00	 6.8629e+00
280	-1.4000e-02	-6.0000e-03	 4.9726e+00	 6.3319e+00
281	-1.3000e-02	-6.0000e-03	 5.2044e+00	 5.0476e+00
282	-1.2000e-02	-6.0000e-03	 5.6008e+00	 4.9996e+00
283	-1.1000e-02	-6.0000e-03	 5.7832e+00	 5.4920e+00
284	-1.0000e-02	-6.0000e-03	 5.6093e+00	 6.3845e+00
285	-9.0000e-03	-6.0000e-03	 5.4923e+00	 7.9975e+00
286	-8.0000e-03	-6.0000e-03	 5.8592e+00	 9.5386e+00
287	-7.0000e-03	-6.0000e-03	 6.1205e+00	 5.3434e-01
288	-6.0000e-03	-6.0000e-03	 6.2461e+00	 1.4626e+00
289	-5.0000e-03	-6.0000e-03	 6.3874e+00	 2.3176e+00
290	-4.0000e-03	-6.0000e-03	 6.5350e+00	 3.1233e+00
291	-3.0000e-03	-6.0000e-03	 6.6800e+00	 3.7705e+00
292	-2.0000e-03	-6.0000e-03	 6.8010e+00	 4.2475e+00
293	-1.0000e-03	-6.0000e-03	 6.9190e+00	 4.5358e+00
294	 0.0000e+00	-6.0000e-03	 7.0005e+00	 4.6761e+00
295	 1.0000e-03	-6.0000e-03	 7.0126e+00	 4.7846e+00
296	 2.0000e-03	-6.0000e-03	 6.9538e+00	 4.7060e+00
297	 3.0000e-03	-6.0000e-03	 6.8749e+00	 4.4789e+00
298	 4.0000e-03	-6.0000e-03	 6.7421e+00	 4.2593e+00
299	 5.0000e-03	-6.0000e-03	 6.5810e+00	 3.7781e+00
300	 6.0000e-03	-6.0000e-03	 6.3920e+00	 3.1137e+00
301	 7.0000e-03	-6.0000e-03	 6.1195e+00	 2.2601e+00
302	 8.0000e-03	-6.0000e-03	 5.9420e+00	 9.7547e-01
303	 9.0000e-03	-6.0000e-03	 5.9584e+00	 9.7411e+00
304	 1.0000e-02	-6.0000e-03	 5.8644e+00	 9.1181e+00
305	 1.1000e-02	-6.0000e-03	 5.5143e+00	 8.1303e+00
306	 1.2000e-02	-6.0000e-03	 5.4946e+00	 6.2158e+00
307	 1.3000e-02	-6.0000e-03	 5.6235e+00	 5.1478e+00
308	 1.4000e-02	-6.0000e-03	 5.6984e+00	 4.3175e+00
309	 1.5000e-02	-6.0000e-03	 5.6222e+00	 3.9773e+00
310	-1.5000e-02	-5.0000e-03	 5.3684e+00	 6.9788e+00
311	-1.4000e-02	-5.0000e-03	 4.9453e+00	 6.0073e+00
312	-1.3000e-02	-5.0000e-03	 5.3996e+00	 5.0969e+00
313	-1.2000e-02	-5.0000e-03	 5.7648e+00	 5.2691e+00
314	-1.1000e-02	-5.0000e-03	 5.7760e+00	 5.9009e+00
315	-1.0000e-02	-5.0000e-03	 5.5387e+00	 6.8368e+00
316	-9.0000e-03	-5.0000e-03	 5.5229e+00	 8.6109e+00
317	-8.0000e-03	-5.0000e-03	 5.9742e+00	 3.4928e-01
318	-7.0000e-03	-5.0000e-03	 6.1889e+00	 1.1185e+00
319	-6.0000e-03	-5.0000e-03	 6.3072e+00	 1.9912e+00
320	-5.0000e-03	-5.0000e-03	 6.4216e+00	 2.9081e+00
321	-4.0000e-03	-5.0000e-03	 6.6507e+00	 3.7271e+00
322	-3.0000e-03	-5.0000e-03	 6.7799e+00	 4.2873e+00
323	-2.0000e-03	-5.0000e-03	 6.9176e+00	 4.7139e+00
324	-1.0000e-03	-5.0000e-03	 7.0475e+00	 4.9476e+00
325	 0.0000e+00	-5.0000e-03	 7.1297e+00	 5.1708e+00
326	 1.0000e-03	-5.0000e-03	 7.1448e+00	 5.2865e+00
327	 2.0000e-03	-5.0000e-03	 7.0850e+00	 5.2004e+00
328	 3.0000e-03	-5.0000e-03	 6.9742e+00	 4.9818e+00
329	 4.0000e-03	-5.0000e-03	 6.8115e+00	 4.6998e+00
330	 5.0000e-03	-5.0000e-03	 6.6780e+00	 4.2725e+00
331	 6.0000e-03	-5.0000e-03	 6.5472e+00	 3.7363e+00
332	 7.0000e-03	-5.0000e-03	 6.2250e+00	 2.9694e+00
333	 8.0000e-03	-5.0000e-03	 5.9249e+00	 1.7236e+00
334	 9.0000e-03	-5.0000e-03	 5.9012e+00	 4.8569e-01
335	 1.0000e-02	-5.0000e-03	 5.9200e+00	 9.4357e+00
336	 1.1000e-02	-5.0000e-03	 5.6074e+00	 8.5077e+00
337	 1.2000e-02	-5.0000e-03	 5.3858e+00	 6.7503e+00
338	 1.3000e-02	-5.0000e-03	 5.6445e+00	 5.4013e+00
339	 1.4000e-02	-5.0000e-03	 5.7310e+00	 4.5788e+00
340	 1.5000e-02	-5.0000e-03	 5.7445e+00	 4.1541e+00
341	-1.5000e-02	-4.0000e-03	 5.3477e+00	 6.8608e+00
342	-1.4000e-02	-4.0000e-03	 5.1804e+00	 5.7783e+00
343	-1.3000e-02	-4.0000e-03	 5.5252e+00	 5.2997e+00
344	-1.2000e-02	-4.0000e-03	 5.7967e+00	 5.5311e+00
345	-1.1000e-02	-4.0000e-03	 5.7892e+00	 6.1442e+00
346	-1.0000e-02	-4.0000e-03	 5.5120e+00	 7.3322e+00
347	-9.0000e-03	-4.0000e-03	 5.6258e+00	 9.1898e+00
348	-8.0000e-03	-4.0000e-03	 6.0781e+00	 5.7412e-01
349	-7.0000e-03	-4.0000e-03	 6.3559e+00	 1.5464e+00
350	-6.0000e-03	-4.0000e-03	 6.4305e+00	 2.3426e+00
351	-5.0000e-03	-4.0000e-03	 6.5301e+00	 3.2439e+00
352	-4.0000e-03	-4.0000e-03	 6.7217e+00	 4.1055e+00
353	-3.0000e-03	-4.0000e-03	 6.8690e+00	 4.6699e+00
354	-2.0000e-03	-4.0000e-03	 6.9975e+00	 5.0108e+00
355	-1.0000e-03	-4.0000e-03	 7.1385e+00	 5.2533e+00
356	 0.0000e+00	-4.0000e-03	 7.2142e+00	 5.4897e+00
357	 1.0000e-03	-4.0000e-03	 7.2214e+00	 5.6281e+00
358	 2.0000e-03	-4.0000e-03	 7.1517e+00	 5.5390e+00
359	 3.0000e-03	-4.0000e-03	 7.0389e+00	 5.3043e+00
360	 4.0000e-03	-4.0000e-03	 6.9150e+00	 5.0298e+00
361	 5.0000e-03	-4.0000e-03	 6.7848e+00	 4.6893e+00
362	 6.0000e-03	-4.0000e-03	 6.6507e+00	 4.1630e+00
363	 7.0000e-03	-4.0000e-03	 6.3835e+00	 3.3987e+00
364	 8.0000e-03	-4.0000e-03	 6.0771e+00	 2.2736e+00
365	 9.0000e-03	-4.0000e-03	 6.0199e+00	 1.0609e+00
366	 1.0000e-02	-4.0000e-03	 5.9519e+00	 9.8167e+00
367	 1.1000e-02	-4.0000e-03	 5.6639e+00	 8.9521e+00
368	 1.2000e-02	-4.0000e-03	 5.2464e+00	 7.2211e+00
369	 1.3000e-02	-4.0000e-03	 5.6731e+00	 5.6163e+00
370	 1.4000e-02	-4.0000e-03	 5.8204e+00	 4.7711e+00
371	 1.5000e-02	-4.0000e-03	 5.7938e+00	 4.2527e+00
372	-1.5000e-02	-3.0000e-03	 5.3569e+00	 6.8894e+00
373	-1.4000e-02	-3.0000e-03	 5.2527e+00	 5.8049e+00
374	-1.3000e-02	-3.0000e-03	 5.6564e+00	 5.4479e+00
375	-1.2000e-02	-3.0000e-03	 5.9039e+00	 5.7408e+00
376	-1.1000e-02	-3.0000e-03	 5.8575e+00	 6.3237e+00
377	-1.0000e-02	-3.0000e-03	 5.5268e+00	 7.7404e+00
378	-9.0000e-03	-3.0000e-03	 5.7491e+00	 9.6050e+00
379	-8.0000e-03	-3.0000e-03	 6.2316e+00	 9.1302e-01
380	-7.0000e-03	-3.0000e-03	 6.4936e+00	 1.7920e+00
381	-6.0000e-03	-3.0000e-03	 6.5025e+00	 2.5355e+00
382	-5.0000e-03	-3.0000e-03	 6.5824e+00	 3.4924e+00
383	-4.0000e-03	-3.0000e-03	 6.7378e+00	 4.3905e+00
384	-3.0000e-03	-3.0000e-03	 6.9157e+00	 4.9733e+00
385	-2.0000e-03	-3.0000e-03	 7.0685e+00	 5.2303e+00
386	-1.0000e-03	-3.0000e-03	 7.1934e+00	 5.4828e+00
387	 0.0000e+00	-3.0000e-03	 7.2651e+00	 5.7011e+00
388	 1.0000e-03	-3.0000e-03	 7.2664e+00	 5.8585e+00
389	 2.0000e-03	-3.0000e-03	 7.1980e+00	 5.7385e+00
390	 3.0000e-03	-3.0000e-03	 7.1050e+00	 5.4637e+00
391	 4.0000e-03	-3.0000e-03	 6.9923e+00	 5.3079e+00
392	 5.0000e-03	-3.0000e-03	 6.8322e+00	 5.0620e+00
393	 6.0000e-03	-3.0000e-03	 6.7092e+00	 4.4805e+00
394	 7.0000e-03	-3.0000e-03	 6.4739e+00	 3.6088e+00
395	 8.0000e-03	-3.0000e-03	 6.2336e+00	 2.5967e+00
396	 9.0000e-03	-3.0000e-03	 6.1228e+00	 1.4796e+00
397	 1.0000e-02	-3.0000e-03	 6.0156e+00	 3.4402e-01
398	 1.1000e-02	-3.0000e-03	 5.7990e+00	 9.2434e+00
399	 1.2000e-02	-3.0000e-03	 5.3342e+00	 7.8072e+00
400	 1.3000e-02	-3.0000e-03	 5.6215e+00	 5.8105e+00
401	 1.4000e-02	-3.0000e-03	 5.8095e+00	 4.9496e+00
402	 1.5000e-02	-3.0000e-03	 5.8125e+00	 4.3517e+00
403	-1.5000e-02	-2.0000e-03	 5.3605e+00	 6.8581e+00
404	-1.4000e-02	-2.0000e-03	 5.3296e+00	 5.7987e+00
405	-1.3000e-02	-2.0000e-03	 5.7448e+00	 5.4956e+00
406	-1.2000e-02	-2.0000e-03	 5.9170e+00	 5.8815e+00
407	-1.1000e-02	-2.0000e-03	 5.8884e+00	 6.4962e+00
408	-1.0000e-02	-2.0000e-03	 5.5242e+00	 7.9396e+00
409	-9.0000e-03	-2.0000e-03	 5.8618e+00	 9.7871e+00
410	-8.0000e-03	-2.0000e-03	 6.3144e+00	 1.1303e+00
411	-7.0000e-03	-2.0000e-03	 6.5541e+00	 1.9402e+00
412	-6.0000e-03	-2.0000e-03	 6.5350e+00	 2.6805e+00
413	-5.0000e-03	-2.0000e-03	 6.5787e+00	 3.6581e+00
414	-4.0000e-03	-2.0000e-03	 6.7296e+00	 4.6360e+00
415	-3.0000e-03	-2.0000e-03	 6.9216e+00	 5.1807e+00
416	-2.0000e-03	-2.0000e-03	 7.0945e+00	 5.4670e+00
417	-1.0000e-03	-2.0000e-03	 7.2188e+00	 5.6942e+00
418	 0.0000e+00	-2.0000e-03	 7.2792e+00	 5.9160e+00
419	 1.0000e-03	-2.0000e-03	 7.2802e+00	 6.0534e+00
420	 2.0000e-03	-2.0000e-03	 7.2036e+00	 5.9266e+00
421	 3.0000e-03	-2.0000e-03	 7.1359e+00	 5.6879e+00
422	 4.0000e-03	-2.0000e-03	 6.9837e+00	 5.5479e+00
423	 5.0000e-03	-2.0000e-03	 6.8332e+00	 5.3188e+00
424	 6.0000e-03	-2.0000e-03	 6.7175e+00	 4.6827e+00
425	 7.0000e-03	-2.0000e-03	 6.5455e+00	 3.7321e+00
426	 8.0000e-03	-2.0000e-03	 6.3552e+00	 2.7193e+00
427	 9.0000e-03	-2.0000e-03	 6.1974e+00	 1.7236e+00
428	 1.0000e-02	-2.0000e-03	 6.0324e+00	 5.5111e-01
429	 1.1000e-02	-2.0000e-03	 5.8020e+00	 9.4991e+00
430	 1.2000e-02	-2.0000e-03	 5.3756e+00	 8.0705e+00
431	 1.3000e-02	-2.0000e-03	 5.5742e+00	 5.9811e+00
432	 1.4000e-02	-2.0000e-03	 5.8682e+00	 5.0278e+00
433	 1.5000e-02	-2.0000e-03	 5.8611e+00	 4.3655e+00
434	-1.5000e-02	-1.0000e-03	 5.3947e+00	 6.8200e+00
435	-1.4000e-02	-1.0000e-03	 5.3983e+00	 5.8013e+00
436	-1.3000e-02	-1.0000e-03	 5.8056e+00	 5.4992e+00
437	-1.2000e-02	-1.0000e-03	 5.9417e+00	 5.8421e+00
438	-1.1000e-02	-1.0000e-03	 5.8355e+00	 6.4315e+00
439	-1.0000e-02	-1.0000e-03	 5.4933e+00	 7.9600e+00
440	-9.0000e-03	-1.0000e-03	 5.8444e+00	 5.4930e-01
441	-8.0000e-03	-1.0000e-03	 6.3227e+00	 1.2167e+00
442	-7.0000e-03	-1.0000e-03	 6.5778e+00	 1.9757e+00
443	-6.0000e-03	-1.0000e-03	 6.5570e+00	 2.7222e+00
444	-5.0000e-03	-1.0000e-03	 6.5942e+00	 3.7748e+00
445	-4.0000e-03	-1.0000e-03	 6.7418e+00	 4.6949e+00
446	-3.0000e-03	-1.0000e-03	 6.9324e+00	 5.2685e+00
447	-2.0000e-03	-1.0000e-03	 7.0978e+00	 5.5699e+00
448	-1.0000e-03	-1.0000e-03	 7.1888e+00	 5.8243e+00
449	 0.0000e+00	-1.0000e-03	 7.2641e+00	 6.0294e+00
450	 1.0000e-03	-1.0000e-03	 7.2464e+00	 6.1274e+00
451	 2.0000e-03	-1.0000e-03	 7.2003e+00	 6.0084e+00
452	 3.0000e-03	-1.0000e-03	 7.1264e+00	 5.8161e+00
453	 4.0000e-03	-1.0000e-03	 6.9686e+00	 5.6761e+00
454	 5.0000e-03	-1.0000e-03	 6.8226e+00	 5.4568e+00
455	 6.0000e-03	-1.0000e-03	 6.7109e+00	 4.8250e+00
456	 7.0000e-03	-1.0000e-03	 6.5564e+00	 3.8632e+00
457	 8.0000e-03	-1.0000e-03	 6.3776e+00	 2.8468e+00
458	 9.0000e-03	-1.0000e-03	 6.2201e+00	 1.8094e+00
459	 1.0000e-02	-1.0000e-03	 6.0571e+00	 6.3164e-01
460	 1.1000e-02	-1.0000e-03	 5.8141e+00	 9.5866e+00
461	 1.2000e-02	-1.0000e-03	 5.2681e+00	 8.4409e+00
462	 1.3000e-02	-1.0000e-03	 5.5097e+00	 6.0393e+00
463	 1.4000e-02	-1.0000e-03	 5.8023e+00	 5.0259e+00
464	 1.5000e-02	-1.0000e-03	 5.8815e+00	 4.2997e+00
465	-1.5000e-02	 0.0000e+00	 5.4003e+00	 6.9130e+00
466	-1.4000e-02	 0.0000e+00	 5.3960e+00	 5.8204e+00
467	-1.3000e-02	 0.0000e+00	 5.7770e+00	 5.4966e+00
468	-1.2000e-02	 0.0000e+00	 5.9170e+00	 5.7326e+00
469	-1.1000e-02	 0.0000e+00	 5.7583e+00	 6.3808e+00
470	-1.0000e-02	 0.0000e+00	 5.3875e+00	 8.0268e+00
471	-9.0000e-03	 0.0000e+00	 5.8496e+00	 4.6433e-01
472	-8.0000e-03	 0.0000e+00	 6.3250e+00	 1.2785e+00
473	-7.0000e-03	 0.0000e+00	 6.5307e+00	 2.0474e+00
474	-6.0000e-03	 0.0000e+00	 6.5393e+00	 2.8097e+00
475	-5.0000e-03	 0.0000e+00	 6.5994e+00	 3.8149e+00
476	-4.0000e-03	 0.0000e+00	 6.7454e+00	 4.7120e+00
477	-3.0000e-03	 0.0000e+00	 6.9269e+00	 5.2386e+00
478	-2.0000e-03	 0.0000e+00	 7.0784e+00	 5.5778e+00
479	-1.0000e-03	 0.0000e+00	 7.1668e+00	 5.8256e+00
480	 0.0000e+00	 0.0000e+00	 7.2161e+00	 6.0387e+00
481	 1.0000e-03	 0.0000e+00	 7.2138e+00	 6.1274e+00
482	 2.0000e-03	 0.0000e+00	 7.1688e+00	 6.0045e+00
483	 3.0000e-03	 0.0000e+00	 7.1155e+00	 5.8227e+00
484	 4.0000e-03	 0.0000e+00	 6.9771e+00	 5.6209e+00
485	 5.0000e-03	 0.0000e+00	 6.8493e+00	 5.3891e+00
486	 6.0000e-03	 0.0000e+00	 6.7221e+00	 4.8379e+00
487	 7.0000e-03	 0.0000e+00	 6.5557e+00	 3.9447e+00
488	 8.0000e-03	 0.0000e+00	 6.3286e+00	 2.9353e+00
489	 9.0000e-03	 0.0000e+00	 6.1570e+00	 1.8876e+00
490	 1.0000e-02	 0.0000e+00	 6.0130e+00	 6.4873e-01
491	 1.1000e-02	 0.0000e+00	 5.7655e+00	 9.6313e+00
492	 1.2000e-02	 0.0000e+00	 5.2155e+00	 8.0787e+00
493	 1.3000e-02	 0.0000e+00	 5.4549e+00	 5.9358e+00
494	 1.4000e-02	 0.0000e+00	 5.7941e+00	 4.9496e+00
495	 1.5000e-02	 0.0000e+00	 5.8434e+00	 4.3034e+00
496	-1.5000e-02	 1.0000e-03	 5.4716e+00	 6.7779e+00
497	-1.4000e-02	 1.0000e-03	 5.4042e+00	 5.7113e+00
498	-1.3000e-02	 1.0000e-03	 5.7951e+00	 5.4522e+00
499	-1.2000e-02	 1.0000e-03	 5.8851e+00	 5.6534e+00
500	-1.1000e-02	 1.0000e-03	 5.7698e+00	 6.1938e+00
501	-1.0000e-02	 1.0000e-03	 5.2701e+00	 7.7178e+00
502	-9.0000e-03	 1.0000e-03	 5.7707e+00	 9.6165e+00
503	-8.0000e-03	 1.0000e-03	 6.2490e+00	 1.1415e+00
504	-7.0000e-03	 1.0000e-03	 6.4601e+00	 1.9869e+00
505	-6.0000e-03	 1.0000e-03	 6.5363e+00	 2.7781e+00
506	-5.0000e-03	 1.0000e-03	 6.6017e+00	 3.7751e+00
507	-4.0000e-03	 1.0000e-03	 6.7349e+00	 4.6061e+00
508	-3.0000e-03	 1.0000e-03	 6.9091e+00	 5.1567e+00
509	-2.0000e-03	 1.0000e-03	 7.0534e+00	 5.4795e+00
510	-1.0000e-03	 1.0000e-03	 7.1339e+00	 5.7464e+00
511	 0.0000e+00	 1.0000e-03	 7.1806e+00	 5.9420e+00
512	 1.0000e-03	 1.0000e-03	 7.1895e+00	 6.0117e+00
513	 2.0000e-03	 1.0000e-03	 7.1573e+00	 5.9236e+00
514	 3.0000e-03	 1.0000e-03	 7.0922e+00	 5.7648e+00
515	 4.0000e-03	 1.0000e-03	 6.9801e+00	 5.5426e+00
516	 5.0000e-03	 1.0000e-03	 6.8437e+00	 5.2603e+00
517	 6.0000e-03	 1.0000e-03	 6.7050e+00	 4.7182e+00
518	 7.0000e-03	 1.0000e-03	 6.5150e+00	 3.9102e+00
519	 8.0000e-03	 1.0000e-03	 6.2806e+00	 2.8925e+00
520	 9.0000e-03	 1.0000e-03	 6.0732e+00	 1.7361e+00
521	 1.0000e-02	 1.0000e-03	 5.9644e+00	 4.3803e-01
522	 1.1000e-02	 1.0000e-03	 5.7329e+00	 9.4610e+00
523	 1.2000e-02	 1.0000e-03	 5.1385e+00	 7.9387e+00
524	 1.3000e-02	 1.0000e-03	 5.4299e+00	 5.7846e+00
525	 1.4000e-02	 1.0000e-03	 5.7527e+00	 4.7793e+00
526	 1.5000e-02	 1.0000e-03	 5.8155e+00	 4.1903e+00
527	-1.5000e-02	 2.0000e-03	 5.4838e+00	 6.9525e+00
528	-1.4000e-02	 2.0000e-03	 5.3677e+00	 5.7024e+00
529	-1.3000e-02	 2.0000e-03	 5.7392e+00	 5.3099e+00
530	-1.2000e-02	 2.0000e-03	 5.8786e+00	 5.5676e+00
531	-1.1000e-02	 2.0000e-03	 5.7201e+00	 6.1580e+00
532	-1.0000e-02	 2.0000e-03	 5.4009e+00	 7.3529e+00
533	-9.0000e-03	 2.0000e-03	 5.7014e+00	 9.6043e+00
534	-8.0000e-03	 2.0000e-03	 6.1846e+00	 9.7383e-01
535	-7.0000e-03	 2.0000e-03	 6.4101e+00	 1.8962e+00
536	-6.0000e-03	 2.0000e-03	 6.4929e+00	 2.7127e+00
537	-5.0000e-03	 2.0000e-03	 6.5689e+00	 3.6397e+00
538	-4.0000e-03	 2.0000e-03	 6.7148e+00	 4.4171e+00
539	-3.0000e-03	 2.0000e-03	 6.8805e+00	 4.9769e+00
540	-2.0000e-03	 2.0000e-03	 7.0156e+00	 5.3276e+00
541	-1.0000e-03	 2.0000e-03	 7.1175e+00	 5.6169e+00
542	 0.0000e+00	 2.0000e-03	 7.1760e+00	 5.7888e+00
543	 1.0000e-03	 2.0000e-03	 7.1902e+00	 5.8477e+00
544	 2.0000e-03	 2.0000e-03	 7.1537e+00	 5.7652e+00
545	 3.0000e-03	 2.0000e-03	 7.0866e+00	 5.5719e+00
546	 4.0000e-03	 2.0000e-03	 6.9610e+00	 5.3431e+00
547	 5.0000e-03	 2.0000e-03	 6.7940e+00	 5.0252e+00
548	 6.0000e-03	 2.0000e-03	 6.6228e+00	 4.4822e+00
549	 7.0000e-03	 2.0000e-03	 6.4134e+00	 3.6522e+00
550	 8.0000e-03	 2.0000e-03	 6.1941e+00	 2.6858e+00
551	 9.0000e-03	 2.0000e-03	 6.0143e+00	 1.4340e+00
552	 1.0000e-02	 2.0000e-03	 5.9782e+00	 2.7302e-01
553	 1.1000e-02	 2.0000e-03	 5.6757e+00	 9.3246e+00
554	 1.2000e-02	 2.0000e-03	 5.2067e+00	 7.7526e+00
555	 1.3000e-02	 2.0000e-03	 5.4263e+00	 5.7957e+00
556	 1.4000e-02	 2.0000e-03	 5.7086e+00	 4.7629e+00
557	 1.5000e-02	 2.0000e-03	 5.7855e+00	 4.1298e+00
558	-1.5000e-02	 3.0000e-03	 5.4979e+00	 6.9012e+00
559	-1.4000e-02	 3.0000e-03	 5.2405e+00	 5.7530e+00
560	-1.3000e-02	 3.0000e-03	 5.5942e+00	 5.2047e+00
561	-1.2000e-02	 3.0000e-03	 5.8109e+00	 5.4387e+00
562	-1.1000e-02	 3.0000e-03	 5.7408e+00	 6.0071e+00
563	-1.0000e-02	 3.0000e-03	 5.4549e+00	 7.2506e+00
564	-9.0000e-03	 3.0000e-03	 5.6284e+00	 9.3124e+00
565	-8.0000e-03	 3.0000e-03	 6.0975e+00	 6.5202e-01
566	-7.0000e-03	 3.0000e-03	 6.3253e+00	 1.6414e+00
567	-6.0000e-03	 3.0000e-03	 6.4739e+00	 2.4471e+00
568	-5.0000e-03	 3.0000e-03	 6.5649e+00	 3.2143e+00
569	-4.0000e-03	 3.0000e-03	 6.6608e+00	 4.0433e+00
570	-3.0000e-03	 3.0000e-03	 6.7996e+00	 4.6285e+00
571	-2.0000e-03	 3.0000e-03	 6.9702e+00	 5.0657e+00
572	-1.0000e-03	 3.0000e-03	 7.0800e+00	 5.3579e+00
573	 0.0000e+00	 3.0000e-03	 7.1297e+00	 5.5446e+00
574	 1.0000e-03	 3.0000e-03	 7.1464e+00	 5.6297e+00
575	 2.0000e-03	 3.0000e-03	 7.1280e+00	 5.5469e+00
576	 3.0000e-03	 3.0000e-03	 7.0380e+00	 5.3684e+00
577	 4.0000e-03	 3.0000e-03	 6.8798e+00	 5.0629e+00
578	 5.0000e-03	 3.0000e-03	 6.7079e+00	 4.6515e+00
579	 6.0000e-03	 3.0000e-03	 6.5462e+00	 4.0450e+00
580	 7.0000e-03	 3.0000e-03	 6.3782e+00	 3.2166e+00
581	 8.0000e-03	 3.0000e-03	 6.1757e+00	 2.3008e+00
582	 9.0000e-03	 3.0000e-03	 6.0209e+00	 1.0892e+00
583	 1.0000e-02	 3.0000e-03	 5.9936e+00	 9.6786e+00
584	 1.1000e-02	 3.0000e-03	 5.6702e+00	 9.0432e+00
585	 1.2000e-02	 3.0000e-03	 5.2073e+00	 7.4209e+00
586	 1.3000e-02	 3.0000e-03	 5.3878e+00	 5.5926e+00
587	 1.4000e-02	 3.0000e-03	 5.6222e+00	 4.5450e+00
588	 1.5000e-02	 3.0000e-03	 5.7576e+00	 4.0069e+00
589	-1.5000e-02	 4.0000e-03	 5.4502e+00	 6.8861e+00
590	-1.4000e-02	 4.0000e-03	 5.1973e+00	 6.0045e+00
591	-1.3000e-02	 4.0000e-03	 5.4348e+00	 5.1363e+00
592	-1.2000e-02	 4.0000e-03	 5.6761e+00	 5.2241e+00
593	-1.1000e-02	 4.0000e-03	 5.6886e+00	 5.8812e+00
594	-1.0000e-02	 4.0000e-03	 5.4821e+00	 6.9328e+00
595	-9.0000e-03	 4.0000e-03	 5.5351e+00	 8.8282e+00
596	-8.0000e-03	 4.0000e-03	 5.9588e+00	 2.9438e-01
597	-7.0000e-03	 4.0000e-03	 6.2750e+00	 1.1967e+00
598	-6.0000e-03	 4.0000e-03	 6.3868e+00	 2.0250e+00
599	-5.0000e-03	 4.0000e-03	 6.4768e+00	 2.8015e+00
600	-4.0000e-03	 4.0000e-03	 6.5541e+00	 3.4913e+00
601	-3.0000e-03	 4.0000e-03	 6.7010e+00	 4.2189e+00
602	-2.0000e-03	 4.0000e-03	 6.8558e+00	 4.7004e+00
603	-1.0000e-03	 4.0000e-03	 6.9485e+00	 5.0127e+00
604	 0.0000e+00	 4.0000e-03	 6.9982e+00	 5.2169e+00
605	 1.0000e-03	 4.0000e-03	 6.9969e+00	 5.2649e+00
606	 2.0000e-03	 4.0000e-03	 6.9745e+00	 5.1528e+00
607	 3.0000e-03	 4.0000e-03	 6.8900e+00	 4.9937e+00
608	 4.0000e-03	 4.0000e-03	 6.7592e+00	 4.6814e+00
609	 5.0000e-03	 4.0000e-03	 6.5755e+00	 4.2097e+00
610	 6.0000e-03	 4.0000e-03	 6.4134e+00	 3.4158e+00
611	 7.0000e-03	 4.0000e-03	 6.2901e+00	 2.6772e+00
612	 8.0000e-03	 4.0000e-03	 6.1350e+00	 1.7098e+00
613	 9.0000e-03	 4.0000e-03	 6.0396e+00	 7.4307e-01
614	 1.0000e-02	 4.0000e-03	 5.9203e+00	 9.6467e+00
615	 1.1000e-02	 4.0000e-03	 5.5347e+00	 8.8525e+00
616	 1.2000e-02	 4.0000e-03	 5.1781e+00	 7.1261e+00
617	 1.3000e-02	 4.0000e-03	 5.3342e+00	 5.3099e+00
618	 1.4000e-02	 4.0000e-03	 5.6340e+00	 4.3066e+00
619	 1.5000e-02	 4.0000e-03	 5.6761e+00	 3.8869e+00
620	-1.5000e-02	 5.0000e-03	 5.4315e+00	 6.8279e+00
621	-1.4000e-02	 5.0000e-03	 5.0528e+00	 6.1649e+00
622	-1.3000e-02	 5.0000e-03	 5.2376e+00	 5.0338e+00
623	-1.2000e-02	 5.0000e-03	 5.5686e+00	 5.0308e+00
624	-1.1000e-02	 5.0000e-03	 5.6623e+00	 5.5755e+00
625	-1.0000e-02	 5.0000e-03	 5.4841e+00	 6.5169e+00
626	-9.0000e-03	 5.0000e-03	 5.4838e+00	 8.2631e+00
627	-8.0000e-03	 5.0000e-03	 5.8490e+00	 9.7171e+00
628	-7.0000e-03	 5.0000e-03	 6.1494e+00	 7.1185e-01
629	-6.0000e-03	 5.0000e-03	 6.2694e+00	 1.4570e+00
630	-5.0000e-03	 5.0000e-03	 6.3667e+00	 2.2732e+00
631	-4.0000e-03	 5.0000e-03	 6.4581e+00	 3.0204e+00
632	-3.0000e-03	 5.0000e-03	 6.5794e+00	 3.6140e+00
633	-2.0000e-03	 5.0000e-03	 6.6961e+00	 4.1216e+00
634	-1.0000e-03	 5.0000e-03	 6.7684e+00	 4.4394e+00
635	 0.0000e+00	 5.0000e-03	 6.7773e+00	 4.6725e+00
636	 1.0000e-03	 5.0000e-03	 6.7434e+00	 4.7974e+00
637	 2.0000e-03	 5.0000e-03	 6.7306e+00	 4.6485e+00
638	 3.0000e-03	 5.0000e-03	 6.6783e+00	 4.4023e+00
639	 4.0000e-03	 5.0000e-03	 6.6100e+00	 4.0923e+00
640	 5.0000e-03	 5.0000e-03	 6.4410e+00	 3.5457e+00
641	 6.0000e-03	 5.0000e-03	 6.2842e+00	 2.8629e+00
642	 7.0000e-03	 5.0000e-03	 6.1366e+00	 2.0510e+00
643	 8.0000e-03	 5.0000e-03	 6.0945e+00	 1.1556e+00
644	 9.0000e-03	 5.0000e-03	 5.9624e+00	 3.8544e-01
645	 1.0000e-02	 5.0000e-03	 5.7375e+00	 9.3019e+00
646	 1.1000e-02	 5.0000e-03	 5.3950e+00	 8.3216e+00
647	 1.2000e-02	 5.0000e-03	 5.0860e+00	 6.6172e+00
648	 1.3000e-02	 5.0000e-03	 5.3368e+00	 4.9135e+00
649	 1.4000e-02	 5.0000e-03	 5.5472e+00	 4.0736e+00
650	 1.5000e-02	 5.0000e-03	 5.5936e+00	 3.9165e+00
651	-1.5000e-02	 6.0000e-03	 5.4535e+00	 6.6964e+00
652	-1.4000e-02	 6.0000e-03	 5.0094e+00	 6.4910e+00
653	-1.3000e-02	 6.0000e-03	 4.9309e+00	 5.1143e+00
654	-1.2000e-02	 6.0000e-03	 5.4078e+00	 4.8757e+00
655	-1.1000e-02	 6.0000e-03	 5.6102e+00	 5.2487e+00
656	-1.0000e-02	 6.0000e-03	 5.5364e+00	 5.9815e+00
657	-9.0000e-03	 6.0000e-03	 5.4088e+00	 7.5455e+00
658	-8.0000e-03	 6.0000e-03	 5.6537e+00	 9.0889e+00
659	-7.0000e-03	 6.0000e-03	 5.9716e+00	 3.1871e-01
660	-6.0000e-03	 6.0000e-03	 6.1800e+00	 9.8813e-01
661	-5.0000e-03	 6.0000e-03	 6.2503e+00	 1.6595e+00
662	-4.0000e-03	 6.0000e-03	 6.3460e+00	 2.4044e+00
663	-3.0000e-03	 6.0000e-03	 6.4722e+00	 3.0090e+00
664	-2.0000e-03	 6.0000e-03	 6.5755e+00	 3.3968e+00
665	-1.0000e-03	 6.0000e-03	 6.5948e+00	 3.6716e+00
666	 0.0000e+00	 6.0000e-03	 6.5998e+00	 3.8997e+00
667	 1.0000e-03	 6.0000e-03	 6.5593e+00	 4.0052e+00
668	 2.0000e-03	 6.0000e-03	 6.5143e+00	 3.8764e+00
669	 3.0000e-03	 6.0000e-03	 6.5160e+00	 3.5506e+00
670	 4.0000e-03	 6.0000e-03	 6.4913e+00	 3.2636e+00
671	 5.0000e-03	 6.0000e-03	 6.3483e+00	 2.8406e+00
672	 6.0000e-03	 6.0000e-03	 6.1777e+00	 2.2157e+00
673	 7.0000e-03	 6.0000e-03	 6.0847e+00	 1.3873e+00
674	 8.0000e-03	 6.0000e-03	 6.0304e+00	 5.1659e-01
675	 9.0000e-03	 6.0000e-03	 5.8348e+00	 9.7299e+00
676	 1.0000e-02	 6.0000e-03	 5.5472e+00	 8.7366e+00
677	 1.1000e-02	 6.0000e-03	 5.2501e+00	 7.6540e+00
678	 1.2000e-02	 6.0000e-03	 5.0729e+00	 5.8746e+00
679	 1.3000e-02	 6.0000e-03	 5.3743e+00	 4.4980e+00
680	 1.4000e-02	 6.0000e-03	 5.4798e+00	 3.9115e+00
681	 1.5000e-02	 6.0000e-03	 5.4361e+00	 3.9819e+00
682	-1.5000e-02	 7.0000e-03	 5.4134e+00	 6.7717e+00
683	-1.4000e-02	 7.0000e-03	 5.0778e+00	 6.4867e+00
684	-1.3000e-02	 7.0000e-03	 4.8254e+00	 5.6843e+00
685	-1.2000e-02	 7.0000e-03	 5.1580e+00	 4.7330e+00
686	-1.1000e-02	 7.0000e-03	 5.5364e+00	 4.9118e+00
687	-1.0000e-02	 7.0000e-03	 5.5512e+00	 5.5120e+00
688	-9.0000e-03	 7.0000e-03	 5.3510e+00	 6.6080e+00
689	-8.0000e-03	 7.0000e-03	 5.4936e+00	 8.3210e+00
690	-7.0000e-03	 7.0000e-03	 5.7885e+00	 9.4869e+00
691	-6.0000e-03	 7.0000e-03	 6.0048e+00	 3.1476e-01
692	-5.0000e-03	 7.0000e-03	 6.1192e+00	 1.0376e+00
693	-4.0000e-03	 7.0000e-03	 6.1826e+00	 1.7450e+00
694	-3.0000e-03	 7.0000e-03	 6.2799e+00	 2.3626e+00
695	-2.0000e-03	 7.0000e-03	 6.3986e+00	 2.7840e+00
696	-1.0000e-03	 7.0000e-03	 6.4768e+00	 3.0559e+00
697	 0.0000e+00	 7.0000e-03	 6.5173e+00	 3.1749e+00
698	 1.0000e-03	 7.0000e-03	 6.5160e+00	 3.2005e+00
699	 2.0000e-03	 7.0000e-03	 6.4545e+00	 3.0920e+00
700	 3.0000e-03	 7.0000e-03	 6.4075e+00	 2.8728e+00
701	 4.0000e-03	 7.0000e-03	 6.3457e+00	 2.6447e+00
702	 5.0000e-03	 7.0000e-03	 6.1810e+00	 2.1943e+00
703	 6.0000e-03	 7.0000e-03	 6.0377e+00	 1.5264e+00
704	 7.0000e-03	 7.0000e-03	 5.9091e+00	 6.5662e-01
705	 8.0000e-03	 7.0000e-03	 5.8605e+00	 9.6931e+00
706	 9.0000e-03	 7.0000e-03	 5.7303e+00	 9.0580e+00
707	 1.0000e-02	 7.0000e-03	 5.4588e+00	 8.2069e+00
708	 1.1000e-02	 7.0000e-03	 5.1061e+00	 6.8006e+00
709	 1.2000e-02	 7.0000e-03	 5.1429e+00	 4.8189e+00
710	 1.3000e-02	 7.0000e-03	 5.3174e+00	 4.0802e+00
711	 1.4000e-02	 7.0000e-03	 5.3073e+00	 3.8287e+00
712	 1.5000e-02	 7.0000e-03	 5.3444e+00	 3.9510e+00
713	-1.5000e-02	 8.0000e-03	 5.4624e+00	 6.6810e+00
714	-1.4000e-02	 8.0000e-03	 5.2981e+00	 6.4098e+00
715	-1.3000e-02	 8.0000e-03	 4.9434e+00	 6.1787e+00
716	-1.2000e-02	 8.0000e-03	 4.8832e+00	 4.8342e+00
717	-1.1000e-02	 8.0000e-03	 5.3000e+00	 4.5956e+00
718	-1.0000e-02	 8.0000e-03	 5.4821e+00	 4.9644e+00
719	-9.0000e-03	 8.0000e-03	 5.4509e+00	 5.9534e+00
720	-8.0000e-03	 8.0000e-03	 5.4032e+00	 7.2475e+00
721	-7.0000e-03	 8.0000e-03	 5.5715e+00	 8.5550e+00
722	-6.0000e-03	 8.0000e-03	 5.8178e+00	 9.4094e+00
723	-5.0000e-03	 8.0000e-03	 5.9233e+00	 3.1180e-01
724	-4.0000e-03	 8.0000e-03	 5.9861e+00	 8.7456e-01
725	-3.0000e-03	 8.0000e-03	 6.0531e+00	 1.5691e+00
726	-2.0000e-03	 8.0000e-03	 6.1557e+00	 2.1210e+00
727	-1.0000e-03	 8.0000e-03	 6.2152e+00	 2.4211e+00
728	 0.0000e+00	 8.0000e-03	 6.3016e+00	 2.5227e+00
729	 1.0000e-03	 8.0000e-03	 6.3388e+00	 2.4550e+00
730	 2.0000e-03	 8.0000e-03	 6.2822e+00	 2.4376e+00
731	 3.0000e-03	 8.0000e-03	 6.2119e+00	 2.2801e+00
732	 4.0000e-03	 8.0000e-03	 6.1215e+00	 1.9895e+00
733	 5.0000e-03	 8.0000e-03	 5.8996e+00	 1.4807e+00
734	 6.0000e-03	 8.0000e-03	 5.7819e+00	 6.8358e-01
735	 7.0000e-03	 8.0000e-03	 5.6958e+00	 9.6553e+00
736	 8.0000e-03	 8.0000e-03	 5.7037e+00	 8.9643e+00
737	 9.0000e-03	 8.0000e-03	 5.5827e+00	 8.2546e+00
738	 1.0000e-02	 8.0000e-03	 5.2573e+00	 7.3828e+00
739	 1.1000e-02	 8.0000e-03	 4.9792e+00	 5.7451e+00
740	 1.2000e-02	 8.0000e-03	 5.0683e+00	 4.1515e+00
741	 1.3000e-02	 8.0000e-03	 5.2257e+00	 3.5624e+00
742	 1.4000e-02	 8.0000e-03	 5.1948e+00	 3.5565e+00
743	 1.5000e-02	 8.0000e-03	 5.2435e+00	 3.8918e+00
744	-1.5000e-02	 9.0000e-03	 5.4759e+00	 6.4995e+00
745	-1.4000e-02	 9.0000e-03	 5.3089e+00	 6.3266e+00
746	-1.3000e-02	 9.0000e-03	 5.1209e+00	 6.2503e+00
747	-1.2000e-02	 9.0000e-03	 4.8418e+00	 5.2169e+00
748	-1.1000e-02	 9.0000e-03	 5.1485e+00	 4.2383e+00
749	-1.0000e-02	 9.0000e-03	 5.4009e+00	 4.4296e+00
750	-9.0000e-03	 9.0000e-03	 5.3914e+00	 5.0979e+00
751	-8.0000e-03	 9.0000e-03	 5.2721e+00	 6.1672e+00
752	-7.0000e-03	 9.0000e-03	 5.4502e+00	 7.6458e+00
753	-6.0000e-03	 9.0000e-03	 5.6297e+00	 8.4386e+00
754	-5.0000e-03	 9.0000e-03	 5.7638e+00	 9.1184e+00
755	-4.0000e-03	 9.0000e-03	 5.7777e+00	 9.6490e+00
756	-3.0000e-03	 9.0000e-03	 5.7234e+00	 4.2850e-01
757	-2.0000e-03	 9.0000e-03	 5.7987e+00	 1.0314e+00
758	-1.0000e-03	 9.0000e-03	 5.8371e+00	 1.4567e+00
759	 0.0000e+00	 9.0000e-03	 5.9246e+00	 1.5842e+00
760	 1.0000e-03	 9.0000e-03	 5.9762e+00	 1.5445e+00
761	 2.0000e-03	 9.0000e-03	 5.9394e+00	 1.5192e+00
762	 3.0000e-03	 9.0000e-03	 5.8703e+00	 1.3022e+00
763	 4.0000e-03	 9.0000e-03	 5.7385e+00	 9.8928e-01
764	 5.0000e-03	 9.0000e-03	 5.5923e+00	 3.6867e-01
765	 6.0000e-03	 9.0000e-03	 5.5341e+00	 9.3380e+00
766	 7.0000e-03	 9.0000e-03	 5.5962e+00	 8.5747e+00
767	 8.0000e-03	 9.0000e-03	 5.6202e+00	 7.9038e+00
768	 9.0000e-03	 9.0000e-03	 5.4154e+00	 7.3631e+00
769	 1.0000e-02	 9.0000e-03	 5.0545e+00	 6.3615e+00
770	 1.1000e-02	 9.0000e-03	 4.9407e+00	 4.7271e+00
771	 1.2000e-02	 9.0000e-03	 5.1048e+00	 3.3047e+00
772	 1.3000e-02	 9.0000e-03	 5.2192e+00	 3.1016e+00
773	 1.4000e-02	 9.0000e-03	 5.0285e+00	 3.2663e+00
774	 1.5000e-02	 9.0000e-03	 5.1754e+00	 3.9454e+00
775	-1.5000e-02	 1.0000e-02	 5.3822e+00	 6.3345e+00
776	-1.4000e-02	 1.0000e-02	 5.2603e+00	 6.2310e+00
777	-1.3000e-02	 1.0000e-02	 5.0663e+00	 5.9778e+00
778	-1.2000e-02	 1.0000e-02	 4.8099e+00	 5.3240e+00
779	-1.1000e-02	 1.0000e-02	 4.7994e+00	 4.3678e+00
780	-1.0000e-02	 1.0000e-02	 5.2149e+00	 4.0345e+00
781	-9.0000e-03	 1.0000e-02	 5.2810e+00	 4.4227e+00
782	-8.0000e-03	 1.0000e-02	 5.2721e+00	 5.2264e+00
783	-7.0000e-03	 1.0000e-02	 5.2418e+00	 6.4081e+00
784	-6.0000e-03	 1.0000e-02	 5.4664e+00	 7.4587e+00
785	-5.0000e-03	 1.0000e-02	 5.6593e+00	 8.1655e+00
786	-4.0000e-03	 1.0000e-02	 5.7237e+00	 8.5882e+00
787	-3.0000e-03	 1.0000e-02	 5.7096e+00	 8.9478e+00
788	-2.0000e-03	 1.0000e-02	 5.6879e+00	 9.3850e+00
789	-1.0000e-03	 1.0000e-02	 5.6028e+00	 9.6046e+00
790	 0.0000e+00	 1.0000e-02	 5.6149e+00	 9.3150e+00
791	 1.0000e-03	 1.0000e-02	 5.6902e+00	 5.6853e-01
792	 2.0000e-03	 1.0000e-02	 5.6347e+00	 9.5469e+00
793	 3.0000e-03	 1.0000e-02	 5.5561e+00	 9.6434e+00
794	 4.0000e-03	 1.0000e-02	 5.4650e+00	 9.2509e+00
795	 5.0000e-03	 1.0000e-02	 5.4927e+00	 8.6139e+00
796	 6.0000e-03	 1.0000e-02	 5.6001e+00	 8.0840e+00
797	 7.0000e-03	 1.0000e-02	 5.6383e+00	 7.5189e+00
798	 8.0000e-03	 1.0000e-02	 5.5426e+00	 7.1001e+00
799	 9.0000e-03	 1.0000e-02	 5.2652e+00	 6.3815e+00
800	 1.0000e-02	 1.0000e-02	 5.0055e+00	 5.0384e+00
801	 1.1000e-02	 1.0000e-02	 4.9871e+00	 3.5555e+00
802	 1.2000e-02	 1.0000e-02	 5.1449e+00	 2.8679e+00
803	 1.3000e-02	 1.0000e-02	 4.9835e+00	 2.8278e+00
804	 1.4000e-02	 1.0000e-02	 4.9470e+00	 3.3708e+00
805	 1.5000e-02	 1.0000e-02	 5.0693e+00	 3.8547e+00
806	-1.5000e-02	 1.1000e-02	 5.2484e+00	 6.3398e+00
807	-1.4000e-02	 1.1000e-02	 5.1567e+00	 5.9522e+00
808	-1.3000e-02	 1.1000e-02	 5.1228e+00	 5.7648e+00
809	-1.2000e-02	 1.1000e-02	 4.8839e+00	 5.7592e+00
810	-1.1000e-02	 1.1000e-02	 4.6367e+00	 4.9253e+00
811	-1.0000e-02	 1.1000e-02	 4.8526e+00	 3.7764e+00
812	-9.0000e-03	 1.1000e-02	 5.0975e+00	 3.9638e+00
813	-8.0000e-03	 1.1000e-02	 5.1751e+00	 4.4700e+00
814	-7.0000e-03	 1.1000e-02	 5.1741e+00	 5.3838e+00
815	-6.0000e-03	 1.1000e-02	 5.2290e+00	 6.3043e+00
816	-5.0000e-03	 1.1000e-02	 5.4282e+00	 7.1053e+00
817	-4.0000e-03	 1.1000e-02	 5.6429e+00	 7.6303e+00
818	-3.0000e-03	 1.1000e-02	 5.7290e+00	 7.9561e+00
819	-2.0000e-03	 1.1000e-02	 5.7191e+00	 8.1513e+00
820	-1.0000e-03	 1.1000e-02	 5.7474e+00	 8.3624e+00
821	 0.0000e+00	 1.1000e-02	 5.7832e+00	 8.5248e+00
822	 1.0000e-03	 1.1000e-02	 5.7563e+00	 8.6655e+00
823	 2.0000e-03	 1.1000e-02	 5.7113e+00	 8.5307e+00
824	 3.0000e-03	 1.1000e-02	 5.6623e+00	 8.1819e+00
825	 4.0000e-03	 1.1000e-02	 5.6021e+00	 7.7608e+00
826	 5.0000e-03	 1.1000e-02	 5.6488e+00	 7.3861e+00
827	 6.0000e-03	 1.1000e-02	 5.6567e+00	 7.0235e+00
828	 7.0000e-03	 1.1000e-02	 5.5456e+00	 6.5748e+00
829	 8.0000e-03	 1.1000e-02	 5.3746e+00	 6.1938e+00
830	 9.0000e-03	 1.1000e-02	 4.9756e+00	 5.2672e+00
831	 1.0000e-02	 1.1000e-02	 4.7662e+00	 3.8162e+00
832	 1.1000e-02	 1.1000e-02	 4.8891e+00	 2.6733e+00
833	 1.2000e-02	 1.1000e-02	 4.9831e+00	 2.6286e+00
834	 1.3000e-02	 1.1000e-02	 4.8668e+00	 2.7045e+00
835	 1.4000e-02	 1.1000e-02	 4.8747e+00	 3.5615e+00
836	 1.5000e-02	 1.1000e-02	 5.1472e+00	 3.9036e+00
837	-1.5000e-02	 1.2000e-02	 4.9601e+00	 6.5206e+00
838	-1.4000e-02	 1.2000e-02	 4.9391e+00	 6.1432e+00
839	-1.3000e-02	 1.2000e-02	 4.9634e+00	 6.0176e+00
840	-1.2000e-02	 1.2000e-02	 4.8451e+00	 5.5517e+00
841	-1.1000e-02	 1.2000e-02	 4.6255e+00	 5.3027e+00
842	-1.0000e-02	 1.2000e-02	 4.4842e+00	 4.0644e+00
843	-9.0000e-03	 1.2000e-02	 4.7169e+00	 3.2022e+00
844	-8.0000e-03	 1.2000e-02	 4.9930e+00	 3.6081e+00
845	-7.0000e-03	 1.2000e-02	 5.1133e+00	 4.2070e+00
846	-6.0000e-03	 1.2000e-02	 5.1636e+00	 5.1061e+00
847	-5.0000e-03	 1.2000e-02	 5.2461e+00	 5.9213e+00
848	-4.0000e-03	 1.2000e-02	 5.4749e+00	 6.5097e+00
849	-3.0000e-03	 1.2000e-02	 5.6067e+00	 6.8299e+00
850	-2.0000e-03	 1.2000e-02	 5.5952e+00	 7.1481e+00
851	-1.0000e-03	 1.2000e-02	 5.6807e+00	 7.2807e+00
852	 0.0000e+00	 1.2000e-02	 5.6412e+00	 7.4900e+00
853	 1.0000e-03	 1.2000e-02	 5.6343e+00	 7.5005e+00
854	 2.0000e-03	 1.2000e-02	 5.6386e+00	 7.4328e+00
855	 3.0000e-03	 1.2000e-02	 5.6343e+00	 7.1744e+00
856	 4.0000e-03	 1.2000e-02	 5.6202e+00	 6.7431e+00
857	 5.0000e-03	 1.2000e-02	 5.6182e+00	 6.3726e+00
858	 6.0000e-03	 1.2000e-02	 5.5620e+00	 6.0643e+00
859	 7.0000e-03	 1.2000e-02	 5.3911e+00	 5.6015e+00
860	 8.0000e-03	 1.2000e-02	 5.1018e+00	 4.9614e+00
861	 9.0000e-03	 1.2000e-02	 4.7261e+00	 3.7922e+00
862	 1.0000e-02	 1.2000e-02	 4.8369e+00	 2.3409e+00
863	 1.1000e-02	 1.2000e-02	 4.8471e+00	 1.9761e+00
864	 1.2000e-02	 1.2000e-02	 4.7208e+00	 1.8360e+00
865	 1.3000e-02	 1.2000e-02	 4.6048e+00	 2.9783e+00
866	 1.4000e-02	 1.2000e-02	 4.9519e+00	 3.6492e+00
867	 1.5000e-02	 1.2000e-02	 5.1814e+00	 3.7104e+00
868	-1.5000e-02	 1.3000e-02	 4.9128e+00	 6.9351e+00
869	-1.4000e-02	 1.3000e-02	 4.7435e+00	 6.3033e+00
870	-1.3000e-02	 1.3000e-02	 4.7185e+00	 5.9338e+00
871	-1.2000e-02	 1.3000e-02	 4.8056e+00	 5.6915e+00
872	-1.1000e-02	 1.3000e-02	 4.6225e+00	 5.3871e+00
873	-1.0000e-02	 1.3000e-02	 4.3244e+00	 4.9614e+00
874	-9.0000e-03	 1.3000e-02	 4.3191e+00	 3.1109e+00
875	-8.0000e-03	 1.3000e-02	 4.8770e+00	 2.6815e+00
876	-7.0000e-03	 1.3000e-02	 4.9677e+00	 3.2242e+00
877	-6.0000e-03	 1.3000e-02	 5.1209e+00	 3.6075e+00
878	-5.0000e-03	 1.3000e-02	 5.1577e+00	 4.2922e+00
879	-4.0000e-03	 1.3000e-02	 5.2606e+00	 5.1064e+00
880	-3.0000e-03	 1.3000e-02	 5.4026e+00	 5.4647e+00
881	-2.0000e-03	 1.3000e-02	 5.4003e+00	 5.8960e+00
882	-1.0000e-03	 1.3000e-02	 5.4680e+00	 5.9887e+00
883	 0.0000e+00	 1.3000e-02	 5.3921e+00	 6.0275e+00
884	 1.0000e-03	 1.3000e-02	 5.3990e+00	 6.1277e+00
885	 2.0000e-03	 1.3000e-02	 5.4565e+00	 6.0883e+00
886	 3.0000e-03	 1.3000e-02	 5.4512e+00	 5.8036e+00
887	 4.0000e-03	 1.3000e-02	 5.4598e+00	 5.4900e+00
888	 5.0000e-03	 1.3000e-02	 5.5061e+00	 5.1307e+00
889	 6.0000e-03	 1.3000e-02	 5.3487e+00	 4.8152e+00
890	 7.0000e-03	 1.3000e-02	 5.1117e+00	 4.3211e+00
891	 8.0000e-03	 1.3000e-02	 4.7882e+00	 3.4816e+00
892	 9.0000e-03	 1.3000e-02	 4.7346e+00	 2.1526e+00
893	 1.0000e-02	 1.3000e-02	 4.8365e+00	 1.4554e+00
894	 1.1000e-02	 1.3000e-02	 4.6653e+00	 1.1707e+00
895	 1.2000e-02	 1.3000e-02	 4.5344e+00	 2.2463e+00
896	 1.3000e-02	 1.3000e-02	 4.5768e+00	 2.8345e+00
897	 1.4000e-02	 1.3000e-02	 4.8546e+00	 3.5315e+00
898	 1.5000e-02	 1.3000e-02	 5.0479e+00	 3.7804e+00
899	-1.5000e-02	 1.4000e-02	 4.8346e+00	 7.3039e+00
900	-1.4000e-02	 1.4000e-02	 4.6465e+00	 6.7447e+00
901	-1.3000e-02	 1.4000e-02	 4.5979e+00	 6.1471e+00
902	-1.2000e-02	 1.4000e-02	 4.6334e+00	 5.5978e+00
903	-1.1000e-02	 1.4000e-02	 4.5943e+00	 5.1311e+00
904	-1.0000e-02	 1.4000e-02	 4.4299e+00	 5.6652e+00
905	-9.0000e-03	 1.4000e-02	 4.3339e+00	 5.1150e+00
906	-8.0000e-03	 1.4000e-02	 4.4608e+00	 2.2578e+00
907	-7.0000e-03	 1.4000e-02	 4.7810e+00	 1.8436e+00
908	-6.0000e-03	 1.4000e-02	 4.8950e+00	 2.0605e+00
909	-5.0000e-03	 1.4000e-02	 4.9000e+00	 2.7288e+00
910	-4.0000e-03	 1.4000e-02	 5.0594e+00	 3.1859e+00
911	-3.0000e-03	 1.4000e-02	 5.1860e+00	 3.8783e+00
912	-2.0000e-03	 1.4000e-02	 5.2981e+00	 4.3352e+00
913	-1.0000e-03	 1.4000e-02	 5.3382e+00	 4.3060e+00
914	 0.0000e+00	 1.4000e-02	 5.3013e+00	 4.4924e+00
915	 1.0000e-03	 1.4000e-02	 5.1850e+00	 4.4454e+00
916	 2.0000e-03	 1.4000e-02	 5.2524e+00	 4.5364e+00
917	 3.0000e-03	 1.4000e-02	 5.3566e+00	 4.3191e+00
918	 4.0000e-03	 1.4000e-02	 5.3184e+00	 3.9674e+00
919	 5.0000e-03	 1.4000e-02	 5.2379e+00	 3.7501e+00
920	 6.0000e-03	 1.4000e-02	 5.0249e+00	 3.3887e+00
921	 7.0000e-03	 1.4000e-02	 4.6962e+00	 2.3432e+00
922	 8.0000e-03	 1.4000e-02	 4.6242e+00	 1.5783e+00
923	 9.0000e-03	 1.4000e-02	 4.7228e+00	 1.1234e+00
924	 1.0000e-02	 1.4000e-02	 4.7984e+00	 6.4760e+00
925	 1.1000e-02	 1.4000e-02	 4.3740e+00	 2.6085e+00
926	 1.2000e-02	 1.4000e-02	 4.3990e+00	 2.9385e+00
927	 1.3000e-02	 1.4000e-02	 4.6571e+00	 3.2140e+00
928	 1.4000e-02	 1.4000e-02	 4.8254e+00	 3.2051e+00
929	 1.5000e-02	 1.4000e-02	 4.9851e+00	 3.4523e+00
930	-1.5000e-02	 1.5000e-02	 4.8379e+00	 7.6122e+00
931	-1.4000e-02	 1.5000e-02	 4.6102e+00	 7.2079e+00
932	-1.3000e-02	 1.5000e-02	 4.4726e+00	 6.5015e+00
933	-1.2000e-02	 1.5000e-02	 4.3885e+00	 5.4220e+00
934	-1.1000e-02	 1.5000e-02	 4.5713e+00	 4.7691e+00
935	-1.0000e-02	 1.5000e-02	 4.6630e+00	 4.6482e+00
936	-9.0000e-03	 1.5000e-02	 4.5634e+00	 4.8842e+00
937	-8.0000e-03	 1.5000e-02	 4.3377e+00	 5.2008e+00
938	-7.0000e-03	 1.5000e-02	 4.4171e+00	 3.7186e+00
939	-6.0000e-03	 1.5000e-02	 4.7336e+00	 1.4978e+00
940	-5.0000e-03	 1.5000e-02	 4.8734e+00	 1.1441e+00
941	-4.0000e-03	 1.5000e-02	 4.8533e+00	 1.6520e+00
942	-3.0000e-03	 1.5000e-02	 4.8770e+00	 2.1292e+00
943	-2.0000e-03	 1.5000e-02	 4.9976e+00	 2.5076e+00
944	-1.0000e-03	 1.5000e-02	 5.0410e+00	 2.8485e+00
945	 0.0000e+00	 1.5000e-02	 5.1455e+00	 2.9665e+00
946	 1.0000e-03	 1.5000e-02	 5.0417e+00	 2.8744e+00
947	 2.0000e-03	 1.5000e-02	 5.0735e+00	 2.5286e+00
948	 3.0000e-03	 1.5000e-02	 5.0584e+00	 2.5645e+00
949	 4.0000e-03	 1.5000e-02	 5.0601e+00	 2.4892e+00
950	 5.0000e-03	 1.5000e-02	 4.7613e+00	 2.2923e+00
951	 6.0000e-03	 1.5000e-02	 4.5627e+00	 1.4761e+00
952	 7.0000e-03	 1.5000e-02	 4.5397e+00	 7.2832e+00
953	 8.0000e-03	 1.5000e-02	 4.7386e+00	 8.6379e+00
954	 9.0000e-03	 1.5000e-02	 4.7511e+00	 8.5432e+00
955	 1.0000e-02	 1.5000e-02	 4.5959e+00	 8.2099e+00
956	 1.1000e-02	 1.5000e-02	 4.2945e+00	 4.5768e+00
957	 1.2000e-02	 1.5000e-02	 4.3878e+00	 2.7245e+00
958	 1.3000e-02	 1.5000e-02	 4.7205e+00	 2.6496e+00
959	 1.4000e-02	 1.5000e-02	 4.8073e+00	 2.7032e+00
960	 1.5000e-02	 1.5000e-02	 4.8359e+00	 3.0490e+00
