	x (m)	y (m)	Mesure ch1 (V)	Mesure ch2 (V)
0	-1.5000e-02	-1.5000e-02	 5.1524e+00	 6.0735e+00
1	-1.4000e-02	-1.5000e-02	 5.0397e+00	 5.8105e+00
2	-1.3000e-02	-1.5000e-02	 4.8277e+00	 4.9526e+00
3	-1.2000e-02	-1.5000e-02	 4.4605e+00	 4.4449e+00
4	-1.1000e-02	-1.5000e-02	 4.3934e+00	 3.3051e+00
5	-1.0000e-02	-1.5000e-02	 4.3428e+00	 2.1020e+00
6	-9.0000e-03	-1.5000e-02	 4.2356e+00	 5.2052e+00
7	-8.0000e-03	-1.5000e-02	 4.3464e+00	 5.9887e+00
8	-7.0000e-03	-1.5000e-02	 4.3638e+00	 5.5898e+00
9	-6.0000e-03	-1.5000e-02	 4.4769e+00	 5.1015e+00
10	-5.0000e-03	-1.5000e-02	 4.5739e+00	 4.8704e+00
11	-4.0000e-03	-1.5000e-02	 4.7976e+00	 4.9800e+00
12	-3.0000e-03	-1.5000e-02	 4.9358e+00	 4.9631e+00
13	-2.0000e-03	-1.5000e-02	 5.2228e+00	 4.4980e+00
14	-1.0000e-03	-1.5000e-02	 5.2057e+00	 4.6311e+00
15	 0.0000e+00	-1.5000e-02	 5.2806e+00	 4.6745e+00
16	 1.0000e-03	-1.5000e-02	 5.3671e+00	 4.8429e+00
17	 2.0000e-03	-1.5000e-02	 5.3244e+00	 4.7455e+00
18	 3.0000e-03	-1.5000e-02	 5.2583e+00	 4.8960e+00
19	 4.0000e-03	-1.5000e-02	 5.1205e+00	 5.0055e+00
20	 5.0000e-03	-1.5000e-02	 4.9391e+00	 5.0075e+00
21	 6.0000e-03	-1.5000e-02	 4.7747e+00	 5.2520e+00
22	 7.0000e-03	-1.5000e-02	 4.8053e+00	 6.0962e+00
23	 8.0000e-03	-1.5000e-02	 4.7514e+00	 6.9530e+00
24	 9.0000e-03	-1.5000e-02	 4.6653e+00	 6.8989e+00
25	 1.0000e-02	-1.5000e-02	 4.2873e+00	 5.4509e+00
26	 1.1000e-02	-1.5000e-02	 4.3615e+00	 3.6232e+00
27	 1.2000e-02	-1.5000e-02	 4.8139e+00	 3.2955e+00
28	 1.3000e-02	-1.5000e-02	 4.9582e+00	 3.5983e+00
29	 1.4000e-02	-1.5000e-02	 4.9654e+00	 3.8178e+00
30	 1.5000e-02	-1.5000e-02	 4.9082e+00	 4.4210e+00
31	-1.5000e-02	-1.4000e-02	 5.2024e+00	 6.2586e+00
32	-1.4000e-02	-1.4000e-02	 5.1222e+00	 5.7980e+00
33	-1.3000e-02	-1.4000e-02	 4.9407e+00	 5.0423e+00
34	-1.2000e-02	-1.4000e-02	 4.5982e+00	 4.7004e+00
35	-1.1000e-02	-1.4000e-02	 4.3477e+00	 3.3859e+00
36	-1.0000e-02	-1.4000e-02	 4.3389e+00	 4.2807e+00
37	-9.0000e-03	-1.4000e-02	 4.2162e+00	 5.3286e+00
38	-8.0000e-03	-1.4000e-02	 4.1804e+00	 5.3073e+00
39	-7.0000e-03	-1.4000e-02	 4.5055e+00	 4.6031e+00
40	-6.0000e-03	-1.4000e-02	 4.6557e+00	 4.9838e+00
41	-5.0000e-03	-1.4000e-02	 4.9398e+00	 4.7251e+00
42	-4.0000e-03	-1.4000e-02	 5.2159e+00	 4.6692e+00
43	-3.0000e-03	-1.4000e-02	 5.3727e+00	 4.4700e+00
44	-2.0000e-03	-1.4000e-02	 5.4358e+00	 4.3520e+00
45	-1.0000e-03	-1.4000e-02	 5.5061e+00	 4.4493e+00
46	 0.0000e+00	-1.4000e-02	 5.5097e+00	 4.5206e+00
47	 1.0000e-03	-1.4000e-02	 5.4825e+00	 4.5542e+00
48	 2.0000e-03	-1.4000e-02	 5.5650e+00	 4.6199e+00
49	 3.0000e-03	-1.4000e-02	 5.5058e+00	 4.6725e+00
50	 4.0000e-03	-1.4000e-02	 5.5742e+00	 4.8086e+00
51	 5.0000e-03	-1.4000e-02	 5.4509e+00	 5.0173e+00
52	 6.0000e-03	-1.4000e-02	 5.4019e+00	 5.2067e+00
53	 7.0000e-03	-1.4000e-02	 5.1442e+00	 5.7671e+00
54	 8.0000e-03	-1.4000e-02	 5.0193e+00	 6.4430e+00
55	 9.0000e-03	-1.4000e-02	 4.9204e+00	 6.7855e+00
56	 1.0000e-02	-1.4000e-02	 4.6170e+00	 5.9716e+00
57	 1.1000e-02	-1.4000e-02	 4.3753e+00	 4.3162e+00
58	 1.2000e-02	-1.4000e-02	 4.8753e+00	 3.6795e+00
59	 1.3000e-02	-1.4000e-02	 5.0150e+00	 3.6588e+00
60	 1.4000e-02	-1.4000e-02	 5.1202e+00	 3.7735e+00
61	 1.5000e-02	-1.4000e-02	 5.1324e+00	 4.2024e+00
62	-1.5000e-02	-1.3000e-02	 5.2221e+00	 6.1833e+00
63	-1.4000e-02	-1.3000e-02	 5.2172e+00	 5.7300e+00
64	-1.3000e-02	-1.3000e-02	 5.0683e+00	 5.2517e+00
65	-1.2000e-02	-1.3000e-02	 4.8707e+00	 4.8099e+00
66	-1.1000e-02	-1.3000e-02	 4.6926e+00	 4.3947e+00
67	-1.0000e-02	-1.3000e-02	 4.4358e+00	 3.9684e+00
68	-9.0000e-03	-1.3000e-02	 4.3030e+00	 4.4710e+00
69	-8.0000e-03	-1.3000e-02	 4.2557e+00	 4.7530e+00
70	-7.0000e-03	-1.3000e-02	 4.6156e+00	 4.8352e+00
71	-6.0000e-03	-1.3000e-02	 4.9401e+00	 4.7915e+00
72	-5.0000e-03	-1.3000e-02	 5.2159e+00	 4.3862e+00
73	-4.0000e-03	-1.3000e-02	 5.2773e+00	 4.3591e+00
74	-3.0000e-03	-1.3000e-02	 5.3283e+00	 4.1840e+00
75	-2.0000e-03	-1.3000e-02	 5.3079e+00	 4.2797e+00
76	-1.0000e-03	-1.3000e-02	 5.2865e+00	 4.4089e+00
77	 0.0000e+00	-1.3000e-02	 5.3937e+00	 4.5083e+00
78	 1.0000e-03	-1.3000e-02	 5.4641e+00	 4.4033e+00
79	 2.0000e-03	-1.3000e-02	 5.4825e+00	 4.4115e+00
80	 3.0000e-03	-1.3000e-02	 5.5452e+00	 4.5256e+00
81	 4.0000e-03	-1.3000e-02	 5.5794e+00	 4.6127e+00
82	 5.0000e-03	-1.3000e-02	 5.5783e+00	 4.6727e+00
83	 6.0000e-03	-1.3000e-02	 5.5998e+00	 4.9825e+00
84	 7.0000e-03	-1.3000e-02	 5.5088e+00	 5.4138e+00
85	 8.0000e-03	-1.3000e-02	 5.3697e+00	 5.9655e+00
86	 9.0000e-03	-1.3000e-02	 5.1850e+00	 6.3605e+00
87	 1.0000e-02	-1.3000e-02	 4.7064e+00	 6.2014e+00
88	 1.1000e-02	-1.3000e-02	 4.6469e+00	 4.9687e+00
89	 1.2000e-02	-1.3000e-02	 5.0732e+00	 4.3408e+00
90	 1.3000e-02	-1.3000e-02	 5.2583e+00	 3.8057e+00
91	 1.4000e-02	-1.3000e-02	 5.2583e+00	 3.8859e+00
92	 1.5000e-02	-1.3000e-02	 5.1896e+00	 4.0312e+00
93	-1.5000e-02	-1.2000e-02	 5.2402e+00	 6.1254e+00
94	-1.4000e-02	-1.2000e-02	 5.1679e+00	 5.8214e+00
95	-1.3000e-02	-1.2000e-02	 5.1196e+00	 5.3737e+00
96	-1.2000e-02	-1.2000e-02	 5.1087e+00	 5.1156e+00
97	-1.1000e-02	-1.2000e-02	 4.7553e+00	 4.8967e+00
98	-1.0000e-02	-1.2000e-02	 4.3839e+00	 4.2573e+00
99	-9.0000e-03	-1.2000e-02	 4.5114e+00	 4.3675e+00
100	-8.0000e-03	-1.2000e-02	 4.5394e+00	 5.1312e+00
101	-7.0000e-03	-1.2000e-02	 4.8326e+00	 5.2178e+00
102	-6.0000e-03	-1.2000e-02	 5.0647e+00	 4.6015e+00
103	-5.0000e-03	-1.2000e-02	 5.1643e+00	 4.7721e+00
104	-4.0000e-03	-1.2000e-02	 5.1930e+00	 4.6166e+00
105	-3.0000e-03	-1.2000e-02	 5.1544e+00	 4.4348e+00
106	-2.0000e-03	-1.2000e-02	 5.0693e+00	 4.7323e+00
107	-1.0000e-03	-1.2000e-02	 5.0278e+00	 4.8862e+00
108	 0.0000e+00	-1.2000e-02	 5.2063e+00	 5.0126e+00
109	 1.0000e-03	-1.2000e-02	 5.1883e+00	 4.9582e+00
110	 2.0000e-03	-1.2000e-02	 5.2425e+00	 5.0078e+00
111	 3.0000e-03	-1.2000e-02	 5.3431e+00	 5.1281e+00
112	 4.0000e-03	-1.2000e-02	 5.3973e+00	 4.9325e+00
113	 5.0000e-03	-1.2000e-02	 5.4611e+00	 4.7682e+00
114	 6.0000e-03	-1.2000e-02	 5.5725e+00	 4.8221e+00
115	 7.0000e-03	-1.2000e-02	 5.5863e+00	 5.2915e+00
116	 8.0000e-03	-1.2000e-02	 5.5535e+00	 5.6406e+00
117	 9.0000e-03	-1.2000e-02	 5.4394e+00	 6.0709e+00
118	 1.0000e-02	-1.2000e-02	 5.2524e+00	 6.0459e+00
119	 1.1000e-02	-1.2000e-02	 4.7274e+00	 5.4348e+00
120	 1.2000e-02	-1.2000e-02	 4.9371e+00	 4.5604e+00
121	 1.3000e-02	-1.2000e-02	 5.3112e+00	 4.1475e+00
122	 1.4000e-02	-1.2000e-02	 5.2859e+00	 4.1186e+00
123	 1.5000e-02	-1.2000e-02	 5.2862e+00	 4.1515e+00
124	-1.5000e-02	-1.1000e-02	 5.2282e+00	 6.1774e+00
125	-1.4000e-02	-1.1000e-02	 5.2589e+00	 5.7648e+00
126	-1.3000e-02	-1.1000e-02	 5.2770e+00	 5.5239e+00
127	-1.2000e-02	-1.1000e-02	 5.1952e+00	 5.3030e+00
128	-1.1000e-02	-1.1000e-02	 4.8944e+00	 4.4233e+00
129	-1.0000e-02	-1.1000e-02	 4.7560e+00	 4.4523e+00
130	-9.0000e-03	-1.1000e-02	 4.6386e+00	 4.8283e+00
131	-8.0000e-03	-1.1000e-02	 4.7281e+00	 4.9516e+00
132	-7.0000e-03	-1.1000e-02	 5.0463e+00	 4.7912e+00
133	-6.0000e-03	-1.1000e-02	 5.0601e+00	 5.3237e+00
134	-5.0000e-03	-1.1000e-02	 5.0785e+00	 5.5074e+00
135	-4.0000e-03	-1.1000e-02	 5.1488e+00	 5.6166e+00
136	-3.0000e-03	-1.1000e-02	 5.0420e+00	 5.9259e+00
137	-2.0000e-03	-1.1000e-02	 5.0538e+00	 6.3983e+00
138	-1.0000e-03	-1.1000e-02	 5.2152e+00	 6.9144e+00
139	 0.0000e+00	-1.1000e-02	 5.3151e+00	 7.0514e+00
140	 1.0000e-03	-1.1000e-02	 5.4387e+00	 6.9873e+00
141	 2.0000e-03	-1.1000e-02	 5.5288e+00	 6.8411e+00
142	 3.0000e-03	-1.1000e-02	 5.3802e+00	 6.8328e+00
143	 4.0000e-03	-1.1000e-02	 5.2461e+00	 6.1902e+00
144	 5.0000e-03	-1.1000e-02	 5.3467e+00	 5.6143e+00
145	 6.0000e-03	-1.1000e-02	 5.5252e+00	 5.5637e+00
146	 7.0000e-03	-1.1000e-02	 5.6169e+00	 5.5883e+00
147	 8.0000e-03	-1.1000e-02	 5.5735e+00	 5.7714e+00
148	 9.0000e-03	-1.1000e-02	 5.5811e+00	 5.9114e+00
149	 1.0000e-02	-1.1000e-02	 5.4443e+00	 5.9910e+00
150	 1.1000e-02	-1.1000e-02	 5.1945e+00	 5.6800e+00
151	 1.2000e-02	-1.1000e-02	 4.8346e+00	 5.1150e+00
152	 1.3000e-02	-1.1000e-02	 5.2441e+00	 4.1641e+00
153	 1.4000e-02	-1.1000e-02	 5.4266e+00	 4.3671e+00
154	 1.5000e-02	-1.1000e-02	 5.4016e+00	 4.3231e+00
155	-1.5000e-02	-1.0000e-02	 5.2201e+00	 6.4009e+00
156	-1.4000e-02	-1.0000e-02	 5.3267e+00	 5.8871e+00
157	-1.3000e-02	-1.0000e-02	 5.2888e+00	 5.4818e+00
158	-1.2000e-02	-1.0000e-02	 5.2050e+00	 5.0088e+00
159	-1.1000e-02	-1.0000e-02	 5.0147e+00	 4.3606e+00
160	-1.0000e-02	-1.0000e-02	 4.8645e+00	 4.4907e+00
161	-9.0000e-03	-1.0000e-02	 4.6965e+00	 4.2817e+00
162	-8.0000e-03	-1.0000e-02	 4.9920e+00	 4.8109e+00
163	-7.0000e-03	-1.0000e-02	 4.9838e+00	 5.3148e+00
164	-6.0000e-03	-1.0000e-02	 5.0252e+00	 5.6172e+00
165	-5.0000e-03	-1.0000e-02	 5.0239e+00	 6.0373e+00
166	-4.0000e-03	-1.0000e-02	 5.1699e+00	 6.7497e+00
167	-3.0000e-03	-1.0000e-02	 5.4098e+00	 7.5146e+00
168	-2.0000e-03	-1.0000e-02	 5.5469e+00	 7.9193e+00
169	-1.0000e-03	-1.0000e-02	 5.5607e+00	 8.1724e+00
170	 0.0000e+00	-1.0000e-02	 5.6189e+00	 8.1635e+00
171	 1.0000e-03	-1.0000e-02	 5.7681e+00	 8.2457e+00
172	 2.0000e-03	-1.0000e-02	 5.8128e+00	 8.2325e+00
173	 3.0000e-03	-1.0000e-02	 5.6994e+00	 8.1237e+00
174	 4.0000e-03	-1.0000e-02	 5.5203e+00	 7.6737e+00
175	 5.0000e-03	-1.0000e-02	 5.4240e+00	 7.0452e+00
176	 6.0000e-03	-1.0000e-02	 5.3173e+00	 6.6123e+00
177	 7.0000e-03	-1.0000e-02	 5.3296e+00	 6.2099e+00
178	 8.0000e-03	-1.0000e-02	 5.3983e+00	 6.0173e+00
179	 9.0000e-03	-1.0000e-02	 5.3704e+00	 5.9607e+00
180	 1.0000e-02	-1.0000e-02	 5.3543e+00	 5.9515e+00
181	 1.1000e-02	-1.0000e-02	 5.3240e+00	 5.8309e+00
182	 1.2000e-02	-1.0000e-02	 5.1347e+00	 5.3487e+00
183	 1.3000e-02	-1.0000e-02	 5.2080e+00	 4.1462e+00
184	 1.4000e-02	-1.0000e-02	 5.4161e+00	 4.5410e+00
185	 1.5000e-02	-1.0000e-02	 5.5380e+00	 4.5584e+00
186	-1.5000e-02	-9.0000e-03	 5.2888e+00	 6.3904e+00
187	-1.4000e-02	-9.0000e-03	 5.3309e+00	 6.0472e+00
188	-1.3000e-02	-9.0000e-03	 5.2760e+00	 5.4963e+00
189	-1.2000e-02	-9.0000e-03	 5.1909e+00	 4.8132e+00
190	-1.1000e-02	-9.0000e-03	 4.9858e+00	 4.5976e+00
191	-1.0000e-02	-9.0000e-03	 4.7425e+00	 3.6295e+00
192	-9.0000e-03	-9.0000e-03	 4.8691e+00	 4.0562e+00
193	-8.0000e-03	-9.0000e-03	 4.5341e+00	 4.2764e+00
194	-7.0000e-03	-9.0000e-03	 4.7761e+00	 5.1932e+00
195	-6.0000e-03	-9.0000e-03	 4.8490e+00	 6.0817e+00
196	-5.0000e-03	-9.0000e-03	 5.1399e+00	 7.4479e+00
197	-4.0000e-03	-9.0000e-03	 5.4095e+00	 8.3226e+00
198	-3.0000e-03	-9.0000e-03	 5.6317e+00	 8.7657e+00
199	-2.0000e-03	-9.0000e-03	 5.6603e+00	 9.2322e+00
200	-1.0000e-03	-9.0000e-03	 5.5055e+00	 9.5478e+00
201	 0.0000e+00	-9.0000e-03	 5.5781e+00	 9.4196e+00
202	 1.0000e-03	-9.0000e-03	 5.6465e+00	 9.4932e+00
203	 2.0000e-03	-9.0000e-03	 5.7004e+00	 9.6589e+00
204	 3.0000e-03	-9.0000e-03	 5.6416e+00	 9.3890e+00
205	 4.0000e-03	-9.0000e-03	 5.6718e+00	 8.6609e+00
206	 5.0000e-03	-9.0000e-03	 5.7218e+00	 8.2924e+00
207	 6.0000e-03	-9.0000e-03	 5.5551e+00	 8.0373e+00
208	 7.0000e-03	-9.0000e-03	 5.2438e+00	 7.4909e+00
209	 8.0000e-03	-9.0000e-03	 5.1482e+00	 6.4486e+00
210	 9.0000e-03	-9.0000e-03	 5.3602e+00	 5.9788e+00
211	 1.0000e-02	-9.0000e-03	 5.3027e+00	 5.7895e+00
212	 1.1000e-02	-9.0000e-03	 5.3253e+00	 5.8960e+00
213	 1.2000e-02	-9.0000e-03	 5.2238e+00	 5.6425e+00
214	 1.3000e-02	-9.0000e-03	 5.0801e+00	 4.5364e+00
215	 1.4000e-02	-9.0000e-03	 5.3855e+00	 4.3471e+00
216	 1.5000e-02	-9.0000e-03	 5.5423e+00	 4.7731e+00
217	-1.5000e-02	-8.0000e-03	 5.3092e+00	 6.4676e+00
218	-1.4000e-02	-8.0000e-03	 5.3697e+00	 6.1639e+00
219	-1.3000e-02	-8.0000e-03	 5.3027e+00	 5.3270e+00
220	-1.2000e-02	-8.0000e-03	 5.2540e+00	 4.8014e+00
221	-1.1000e-02	-8.0000e-03	 4.9529e+00	 4.4703e+00
222	-1.0000e-02	-8.0000e-03	 4.9907e+00	 3.8223e+00
223	-9.0000e-03	-8.0000e-03	 4.8572e+00	 3.5263e+00
224	-8.0000e-03	-8.0000e-03	 4.4756e+00	 3.5813e+00
225	-7.0000e-03	-8.0000e-03	 4.6186e+00	 6.1682e+00
226	-6.0000e-03	-8.0000e-03	 5.1316e+00	 7.7391e+00
227	-5.0000e-03	-8.0000e-03	 5.3510e+00	 8.4077e+00
228	-4.0000e-03	-8.0000e-03	 5.5554e+00	 9.4560e+00
229	-3.0000e-03	-8.0000e-03	 5.6688e+00	 5.1528e-01
230	-2.0000e-03	-8.0000e-03	 5.7694e+00	 1.1300e+00
231	-1.0000e-03	-8.0000e-03	 5.9091e+00	 1.8837e+00
232	 0.0000e+00	-8.0000e-03	 6.1146e+00	 2.1263e+00
233	 1.0000e-03	-8.0000e-03	 6.2089e+00	 2.1973e+00
234	 2.0000e-03	-8.0000e-03	 6.1461e+00	 2.0730e+00
235	 3.0000e-03	-8.0000e-03	 5.8717e+00	 1.6861e+00
236	 4.0000e-03	-8.0000e-03	 5.5019e+00	 5.1199e-01
237	 5.0000e-03	-8.0000e-03	 5.7267e+00	 9.4751e+00
238	 6.0000e-03	-8.0000e-03	 5.5982e+00	 9.0465e+00
239	 7.0000e-03	-8.0000e-03	 5.3740e+00	 8.0458e+00
240	 8.0000e-03	-8.0000e-03	 5.3069e+00	 7.3834e+00
241	 9.0000e-03	-8.0000e-03	 5.2668e+00	 6.1537e+00
242	 1.0000e-02	-8.0000e-03	 5.4424e+00	 5.8565e+00
243	 1.1000e-02	-8.0000e-03	 5.3697e+00	 5.6527e+00
244	 1.2000e-02	-8.0000e-03	 5.3115e+00	 5.8411e+00
245	 1.3000e-02	-8.0000e-03	 5.1209e+00	 5.0873e+00
246	 1.4000e-02	-8.0000e-03	 5.4266e+00	 4.5249e+00
247	 1.5000e-02	-8.0000e-03	 5.4378e+00	 4.6600e+00
248	-1.5000e-02	-7.0000e-03	 5.3812e+00	 6.6665e+00
249	-1.4000e-02	-7.0000e-03	 5.3845e+00	 6.2947e+00
250	-1.3000e-02	-7.0000e-03	 5.2629e+00	 5.4295e+00
251	-1.2000e-02	-7.0000e-03	 5.1567e+00	 5.1547e+00
252	-1.1000e-02	-7.0000e-03	 5.0913e+00	 4.2803e+00
253	-1.0000e-02	-7.0000e-03	 4.9697e+00	 3.9539e+00
254	-9.0000e-03	-7.0000e-03	 5.0147e+00	 2.8097e+00
255	-8.0000e-03	-7.0000e-03	 4.4043e+00	 3.7833e+00
256	-7.0000e-03	-7.0000e-03	 4.5351e+00	 7.5136e+00
257	-6.0000e-03	-7.0000e-03	 5.2221e+00	 8.3496e+00
258	-5.0000e-03	-7.0000e-03	 5.5696e+00	 9.3998e+00
259	-4.0000e-03	-7.0000e-03	 5.4729e+00	 4.2817e-01
260	-3.0000e-03	-7.0000e-03	 5.8102e+00	 1.8597e+00
261	-2.0000e-03	-7.0000e-03	 6.2260e+00	 2.7400e+00
262	-1.0000e-03	-7.0000e-03	 6.5255e+00	 3.1019e+00
263	 0.0000e+00	-7.0000e-03	 6.7010e+00	 3.2646e+00
264	 1.0000e-03	-7.0000e-03	 6.7234e+00	 3.3169e+00
265	 2.0000e-03	-7.0000e-03	 6.6560e+00	 3.2488e+00
266	 3.0000e-03	-7.0000e-03	 6.4361e+00	 3.1502e+00
267	 4.0000e-03	-7.0000e-03	 6.0094e+00	 2.7045e+00
268	 5.0000e-03	-7.0000e-03	 5.6228e+00	 1.3722e+00
269	 6.0000e-03	-7.0000e-03	 5.4821e+00	 9.4519e+00
270	 7.0000e-03	-7.0000e-03	 5.4305e+00	 9.0889e+00
271	 8.0000e-03	-7.0000e-03	 5.1843e+00	 8.0764e+00
272	 9.0000e-03	-7.0000e-03	 5.1153e+00	 6.4249e+00
273	 1.0000e-02	-7.0000e-03	 5.4078e+00	 5.8434e+00
274	 1.1000e-02	-7.0000e-03	 5.2050e+00	 5.8003e+00
275	 1.2000e-02	-7.0000e-03	 5.1291e+00	 5.9515e+00
276	 1.3000e-02	-7.0000e-03	 5.0006e+00	 5.5176e+00
277	 1.4000e-02	-7.0000e-03	 5.4226e+00	 4.7100e+00
278	 1.5000e-02	-7.0000e-03	 5.5568e+00	 4.6653e+00
279	-1.5000e-02	-6.0000e-03	 5.3648e+00	 6.9078e+00
280	-1.4000e-02	-6.0000e-03	 5.2856e+00	 6.2477e+00
281	-1.3000e-02	-6.0000e-03	 5.2481e+00	 5.4690e+00
282	-1.2000e-02	-6.0000e-03	 5.0492e+00	 5.3477e+00
283	-1.1000e-02	-6.0000e-03	 5.3004e+00	 4.5486e+00
284	-1.0000e-02	-6.0000e-03	 4.6801e+00	 3.3550e+00
285	-9.0000e-03	-6.0000e-03	 4.8970e+00	 1.9826e+00
286	-8.0000e-03	-6.0000e-03	 4.5962e+00	 1.5228e+00
287	-7.0000e-03	-6.0000e-03	 4.8714e+00	 8.7805e+00
288	-6.0000e-03	-6.0000e-03	 5.4167e+00	 9.3315e+00
289	-5.0000e-03	-6.0000e-03	 5.5558e+00	 4.6301e-01
290	-4.0000e-03	-6.0000e-03	 5.6222e+00	 1.9153e+00
291	-3.0000e-03	-6.0000e-03	 6.2651e+00	 3.0519e+00
292	-2.0000e-03	-6.0000e-03	 6.6524e+00	 3.5736e+00
293	-1.0000e-03	-6.0000e-03	 6.8503e+00	 3.8875e+00
294	 0.0000e+00	-6.0000e-03	 6.9785e+00	 4.1111e+00
295	 1.0000e-03	-6.0000e-03	 6.9696e+00	 4.2080e+00
296	 2.0000e-03	-6.0000e-03	 6.9190e+00	 4.1508e+00
297	 3.0000e-03	-6.0000e-03	 6.7329e+00	 3.9602e+00
298	 4.0000e-03	-6.0000e-03	 6.3953e+00	 3.5444e+00
299	 5.0000e-03	-6.0000e-03	 6.0304e+00	 2.8258e+00
300	 6.0000e-03	-6.0000e-03	 5.4683e+00	 1.3673e+00
301	 7.0000e-03	-6.0000e-03	 5.6787e+00	 9.6135e+00
302	 8.0000e-03	-6.0000e-03	 5.2944e+00	 9.4120e+00
303	 9.0000e-03	-6.0000e-03	 4.7831e+00	 7.1413e+00
304	 1.0000e-02	-6.0000e-03	 5.3010e+00	 5.8447e+00
305	 1.1000e-02	-6.0000e-03	 5.2639e+00	 6.1514e+00
306	 1.2000e-02	-6.0000e-03	 5.1182e+00	 5.8375e+00
307	 1.3000e-02	-6.0000e-03	 5.0545e+00	 5.8888e+00
308	 1.4000e-02	-6.0000e-03	 5.3922e+00	 4.9739e+00
309	 1.5000e-02	-6.0000e-03	 5.5781e+00	 4.6470e+00
310	-1.5000e-02	-5.0000e-03	 5.3602e+00	 7.1724e+00
311	-1.4000e-02	-5.0000e-03	 5.3523e+00	 6.2980e+00
312	-1.3000e-02	-5.0000e-03	 5.2524e+00	 5.7671e+00
313	-1.2000e-02	-5.0000e-03	 5.1833e+00	 4.9802e+00
314	-1.1000e-02	-5.0000e-03	 5.2333e+00	 4.6981e+00
315	-1.0000e-02	-5.0000e-03	 4.7037e+00	 3.0201e+00
316	-9.0000e-03	-5.0000e-03	 4.6893e+00	 5.6046e+00
317	-8.0000e-03	-5.0000e-03	 5.0558e+00	 8.9807e+00
318	-7.0000e-03	-5.0000e-03	 5.1676e+00	 9.2897e+00
319	-6.0000e-03	-5.0000e-03	 5.6672e+00	 6.4542e+00
320	-5.0000e-03	-5.0000e-03	 5.5798e+00	 1.1326e+00
321	-4.0000e-03	-5.0000e-03	 6.0377e+00	 3.0056e+00
322	-3.0000e-03	-5.0000e-03	 6.6396e+00	 3.7869e+00
323	-2.0000e-03	-5.0000e-03	 6.9157e+00	 4.1518e+00
324	-1.0000e-03	-5.0000e-03	 7.0370e+00	 4.5805e+00
325	 0.0000e+00	-5.0000e-03	 7.1241e+00	 4.8609e+00
326	 1.0000e-03	-5.0000e-03	 7.1491e+00	 4.9730e+00
327	 2.0000e-03	-5.0000e-03	 7.1136e+00	 4.9166e+00
328	 3.0000e-03	-5.0000e-03	 6.9321e+00	 4.6649e+00
329	 4.0000e-03	-5.0000e-03	 6.6928e+00	 4.1199e+00
330	 5.0000e-03	-5.0000e-03	 6.4647e+00	 3.7603e+00
331	 6.0000e-03	-5.0000e-03	 5.5650e+00	 2.9747e+00
332	 7.0000e-03	-5.0000e-03	 5.8181e+00	 5.1462e-01
333	 8.0000e-03	-5.0000e-03	 5.5239e+00	 4.5907e-01
334	 9.0000e-03	-5.0000e-03	 4.4108e+00	 7.4323e+00
335	 1.0000e-02	-5.0000e-03	 4.9108e+00	 6.6820e+00
336	 1.1000e-02	-5.0000e-03	 5.1577e+00	 5.9514e+00
337	 1.2000e-02	-5.0000e-03	 5.2093e+00	 5.7398e+00
338	 1.3000e-02	-5.0000e-03	 4.9644e+00	 5.4463e+00
339	 1.4000e-02	-5.0000e-03	 5.3313e+00	 4.7738e+00
340	 1.5000e-02	-5.0000e-03	 5.5472e+00	 4.7774e+00
341	-1.5000e-02	-4.0000e-03	 5.3352e+00	 7.1349e+00
342	-1.4000e-02	-4.0000e-03	 5.3506e+00	 6.4249e+00
343	-1.3000e-02	-4.0000e-03	 5.2192e+00	 6.0365e+00
344	-1.2000e-02	-4.0000e-03	 5.2990e+00	 5.1705e+00
345	-1.1000e-02	-4.0000e-03	 5.1222e+00	 4.5515e+00
346	-1.0000e-02	-4.0000e-03	 4.5660e+00	 3.4375e+00
347	-9.0000e-03	-4.0000e-03	 5.0916e+00	 9.2549e+00
348	-8.0000e-03	-4.0000e-03	 5.3309e+00	 9.4636e+00
349	-7.0000e-03	-4.0000e-03	 5.6324e+00	 9.5054e+00
350	-6.0000e-03	-4.0000e-03	 5.8049e+00	 3.1674e-01
351	-5.0000e-03	-4.0000e-03	 5.7017e+00	 1.8926e+00
352	-4.0000e-03	-4.0000e-03	 6.2954e+00	 3.6045e+00
353	-3.0000e-03	-4.0000e-03	 6.7536e+00	 4.3908e+00
354	-2.0000e-03	-4.0000e-03	 7.0422e+00	 4.8461e+00
355	-1.0000e-03	-4.0000e-03	 7.2026e+00	 5.2333e+00
356	 0.0000e+00	-4.0000e-03	 7.2730e+00	 5.4825e+00
357	 1.0000e-03	-4.0000e-03	 7.2861e+00	 5.5354e+00
358	 2.0000e-03	-4.0000e-03	 7.2766e+00	 5.5193e+00
359	 3.0000e-03	-4.0000e-03	 7.1648e+00	 5.2931e+00
360	 4.0000e-03	-4.0000e-03	 6.9183e+00	 4.8319e+00
361	 5.0000e-03	-4.0000e-03	 6.5958e+00	 4.3323e+00
362	 6.0000e-03	-4.0000e-03	 5.7832e+00	 3.7370e+00
363	 7.0000e-03	-4.0000e-03	 5.9726e+00	 1.0271e+00
364	 8.0000e-03	-4.0000e-03	 5.8789e+00	 4.9523e-01
365	 9.0000e-03	-4.0000e-03	 5.1965e+00	 9.6101e-01
366	 1.0000e-02	-4.0000e-03	 4.8030e+00	 8.2664e+00
367	 1.1000e-02	-4.0000e-03	 4.7862e+00	 6.2181e+00
368	 1.2000e-02	-4.0000e-03	 5.0226e+00	 5.8516e+00
369	 1.3000e-02	-4.0000e-03	 5.0344e+00	 5.0587e+00
370	 1.4000e-02	-4.0000e-03	 5.3730e+00	 4.6354e+00
371	 1.5000e-02	-4.0000e-03	 5.5262e+00	 4.8139e+00
372	-1.5000e-02	-3.0000e-03	 5.2964e+00	 7.1625e+00
373	-1.4000e-02	-3.0000e-03	 5.3178e+00	 6.4052e+00
374	-1.3000e-02	-3.0000e-03	 5.2264e+00	 6.0531e+00
375	-1.2000e-02	-3.0000e-03	 5.3983e+00	 5.3393e+00
376	-1.1000e-02	-3.0000e-03	 5.0965e+00	 4.5591e+00
377	-1.0000e-02	-3.0000e-03	 4.3053e+00	 4.1012e+00
378	-9.0000e-03	-3.0000e-03	 5.1475e+00	 9.1232e+00
379	-8.0000e-03	-3.0000e-03	 5.6011e+00	 9.2861e+00
380	-7.0000e-03	-3.0000e-03	 5.9870e+00	 9.5935e+00
381	-6.0000e-03	-3.0000e-03	 5.8628e+00	 3.7426e-01
382	-5.0000e-03	-3.0000e-03	 5.7707e+00	 2.4989e+00
383	-4.0000e-03	-3.0000e-03	 6.5077e+00	 3.9967e+00
384	-3.0000e-03	-3.0000e-03	 6.8476e+00	 4.7899e+00
385	-2.0000e-03	-3.0000e-03	 7.1944e+00	 5.2770e+00
386	-1.0000e-03	-3.0000e-03	 7.3959e+00	 5.7106e+00
387	 0.0000e+00	-3.0000e-03	 7.4660e+00	 5.9187e+00
388	 1.0000e-03	-3.0000e-03	 7.4637e+00	 5.9496e+00
389	 2.0000e-03	-3.0000e-03	 7.4452e+00	 5.9440e+00
390	 3.0000e-03	-3.0000e-03	 7.3394e+00	 5.8039e+00
391	 4.0000e-03	-3.0000e-03	 7.1047e+00	 5.3792e+00
392	 5.0000e-03	-3.0000e-03	 6.6612e+00	 4.9255e+00
393	 6.0000e-03	-3.0000e-03	 6.0104e+00	 4.1518e+00
394	 7.0000e-03	-3.0000e-03	 5.8302e+00	 1.4491e+00
395	 8.0000e-03	-3.0000e-03	 6.0528e+00	 4.2258e-01
396	 9.0000e-03	-3.0000e-03	 5.7934e+00	 9.7542e+00
397	 1.0000e-02	-3.0000e-03	 5.2760e+00	 9.0244e+00
398	 1.1000e-02	-3.0000e-03	 4.7350e+00	 7.2861e+00
399	 1.2000e-02	-3.0000e-03	 4.8188e+00	 6.1060e+00
400	 1.3000e-02	-3.0000e-03	 5.2415e+00	 4.5295e+00
401	 1.4000e-02	-3.0000e-03	 5.3030e+00	 4.4503e+00
402	 1.5000e-02	-3.0000e-03	 5.4111e+00	 4.9223e+00
403	-1.5000e-02	-2.0000e-03	 5.3102e+00	 7.0452e+00
404	-1.4000e-02	-2.0000e-03	 5.3878e+00	 6.3144e+00
405	-1.3000e-02	-2.0000e-03	 5.3437e+00	 5.9256e+00
406	-1.2000e-02	-2.0000e-03	 5.3720e+00	 5.3477e+00
407	-1.1000e-02	-2.0000e-03	 5.0308e+00	 4.4934e+00
408	-1.0000e-02	-2.0000e-03	 4.3221e+00	 5.9976e+00
409	-9.0000e-03	-2.0000e-03	 5.2780e+00	 9.3055e+00
410	-8.0000e-03	-2.0000e-03	 5.8148e+00	 9.2536e+00
411	-7.0000e-03	-2.0000e-03	 6.1202e+00	 9.7253e+00
412	-6.0000e-03	-2.0000e-03	 5.8756e+00	 7.4274e-01
413	-5.0000e-03	-2.0000e-03	 5.9193e+00	 2.9947e+00
414	-4.0000e-03	-2.0000e-03	 6.6096e+00	 4.1817e+00
415	-3.0000e-03	-2.0000e-03	 6.9199e+00	 4.9194e+00
416	-2.0000e-03	-2.0000e-03	 7.2638e+00	 5.5242e+00
417	-1.0000e-03	-2.0000e-03	 7.4607e+00	 5.9295e+00
418	 0.0000e+00	-2.0000e-03	 7.5406e+00	 6.1392e+00
419	 1.0000e-03	-2.0000e-03	 7.5402e+00	 6.1465e+00
420	 2.0000e-03	-2.0000e-03	 7.5310e+00	 6.1836e+00
421	 3.0000e-03	-2.0000e-03	 7.4130e+00	 6.0827e+00
422	 4.0000e-03	-2.0000e-03	 7.1507e+00	 5.6448e+00
423	 5.0000e-03	-2.0000e-03	 6.7332e+00	 5.0742e+00
424	 6.0000e-03	-2.0000e-03	 6.2937e+00	 4.2297e+00
425	 7.0000e-03	-2.0000e-03	 5.5699e+00	 2.2742e+00
426	 8.0000e-03	-2.0000e-03	 6.0554e+00	 4.5118e-01
427	 9.0000e-03	-2.0000e-03	 6.0248e+00	 9.7121e+00
428	 1.0000e-02	-2.0000e-03	 5.5170e+00	 9.0931e+00
429	 1.1000e-02	-2.0000e-03	 4.8234e+00	 8.1165e+00
430	 1.2000e-02	-2.0000e-03	 4.8362e+00	 6.0436e+00
431	 1.3000e-02	-2.0000e-03	 5.2448e+00	 4.3444e+00
432	 1.4000e-02	-2.0000e-03	 5.3342e+00	 4.5446e+00
433	 1.5000e-02	-2.0000e-03	 5.4502e+00	 4.8638e+00
434	-1.5000e-02	-1.0000e-03	 5.3848e+00	 7.0048e+00
435	-1.4000e-02	-1.0000e-03	 5.3898e+00	 6.1251e+00
436	-1.3000e-02	-1.0000e-03	 5.3434e+00	 5.7208e+00
437	-1.2000e-02	-1.0000e-03	 5.4144e+00	 5.3125e+00
438	-1.1000e-02	-1.0000e-03	 5.0722e+00	 4.5736e+00
439	-1.0000e-02	-1.0000e-03	 4.3132e+00	 3.2475e+00
440	-9.0000e-03	-1.0000e-03	 5.2054e+00	 9.4347e+00
441	-8.0000e-03	-1.0000e-03	 5.8523e+00	 9.2785e+00
442	-7.0000e-03	-1.0000e-03	 6.1521e+00	 9.7105e+00
443	-6.0000e-03	-1.0000e-03	 5.8966e+00	 8.8015e-01
444	-5.0000e-03	-1.0000e-03	 6.0009e+00	 3.1732e+00
445	-4.0000e-03	-1.0000e-03	 6.6165e+00	 4.2968e+00
446	-3.0000e-03	-1.0000e-03	 6.9640e+00	 4.9966e+00
447	-2.0000e-03	-1.0000e-03	 7.2556e+00	 5.6744e+00
448	-1.0000e-03	-1.0000e-03	 7.4535e+00	 6.0982e+00
449	 0.0000e+00	-1.0000e-03	 7.5412e+00	 6.2388e+00
450	 1.0000e-03	-1.0000e-03	 7.5590e+00	 6.3003e+00
451	 2.0000e-03	-1.0000e-03	 7.5455e+00	 6.3302e+00
452	 3.0000e-03	-1.0000e-03	 7.4216e+00	 6.2523e+00
453	 4.0000e-03	-1.0000e-03	 7.1238e+00	 5.7622e+00
454	 5.0000e-03	-1.0000e-03	 6.8266e+00	 5.0380e+00
455	 6.0000e-03	-1.0000e-03	 6.4117e+00	 4.4283e+00
456	 7.0000e-03	-1.0000e-03	 5.1528e+00	 2.5470e+00
457	 8.0000e-03	-1.0000e-03	 6.1429e+00	 5.2218e-01
458	 9.0000e-03	-1.0000e-03	 6.0709e+00	 9.6707e+00
459	 1.0000e-02	-1.0000e-03	 5.4558e+00	 9.2729e+00
460	 1.1000e-02	-1.0000e-03	 4.8398e+00	 8.3548e+00
461	 1.2000e-02	-1.0000e-03	 4.7593e+00	 6.2628e+00
462	 1.3000e-02	-1.0000e-03	 5.1100e+00	 4.4082e+00
463	 1.4000e-02	-1.0000e-03	 5.3493e+00	 4.6584e+00
464	 1.5000e-02	-1.0000e-03	 5.4197e+00	 4.8622e+00
465	-1.5000e-02	 0.0000e+00	 5.4483e+00	 6.7497e+00
466	-1.4000e-02	 0.0000e+00	 5.4821e+00	 5.9880e+00
467	-1.3000e-02	 0.0000e+00	 5.3730e+00	 5.6485e+00
468	-1.2000e-02	 0.0000e+00	 5.4085e+00	 5.3543e+00
469	-1.1000e-02	 0.0000e+00	 5.0315e+00	 4.5231e+00
470	-1.0000e-02	 0.0000e+00	 4.3661e+00	 5.3237e+00
471	-9.0000e-03	 0.0000e+00	 5.2455e+00	 6.2178e-01
472	-8.0000e-03	 0.0000e+00	 5.7089e+00	 9.3094e+00
473	-7.0000e-03	 0.0000e+00	 6.1054e+00	 9.7082e+00
474	-6.0000e-03	 0.0000e+00	 5.9042e+00	 7.6543e-01
475	-5.0000e-03	 0.0000e+00	 5.9811e+00	 3.1706e+00
476	-4.0000e-03	 0.0000e+00	 6.5850e+00	 4.4631e+00
477	-3.0000e-03	 0.0000e+00	 6.9699e+00	 5.0929e+00
478	-2.0000e-03	 0.0000e+00	 7.2845e+00	 5.7159e+00
479	-1.0000e-03	 0.0000e+00	 7.4607e+00	 6.1448e+00
480	 0.0000e+00	 0.0000e+00	 7.5435e+00	 6.3056e+00
481	 1.0000e-03	 0.0000e+00	 7.5603e+00	 6.3572e+00
482	 2.0000e-03	 0.0000e+00	 7.5294e+00	 6.4124e+00
483	 3.0000e-03	 0.0000e+00	 7.4226e+00	 6.2747e+00
484	 4.0000e-03	 0.0000e+00	 7.1698e+00	 5.7993e+00
485	 5.0000e-03	 0.0000e+00	 6.8713e+00	 5.2090e+00
486	 6.0000e-03	 0.0000e+00	 6.3822e+00	 4.7113e+00
487	 7.0000e-03	 0.0000e+00	 5.2323e+00	 2.5303e+00
488	 8.0000e-03	 0.0000e+00	 6.1333e+00	 7.1020e-01
489	 9.0000e-03	 0.0000e+00	 6.0058e+00	 3.0753e-01
490	 1.0000e-02	 0.0000e+00	 5.3585e+00	 9.2966e+00
491	 1.1000e-02	 0.0000e+00	 4.5275e+00	 8.2457e+00
492	 1.2000e-02	 0.0000e+00	 4.6091e+00	 5.9532e+00
493	 1.3000e-02	 0.0000e+00	 5.0006e+00	 4.4989e+00
494	 1.4000e-02	 0.0000e+00	 5.3033e+00	 4.6018e+00
495	 1.5000e-02	 0.0000e+00	 5.4026e+00	 4.7330e+00
496	-1.5000e-02	 1.0000e-03	 5.4340e+00	 6.8042e+00
497	-1.4000e-02	 1.0000e-03	 5.4719e+00	 6.0482e+00
498	-1.3000e-02	 1.0000e-03	 5.3086e+00	 5.7678e+00
499	-1.2000e-02	 1.0000e-03	 5.3720e+00	 5.4407e+00
500	-1.1000e-02	 1.0000e-03	 5.1307e+00	 4.6564e+00
501	-1.0000e-02	 1.0000e-03	 4.3366e+00	 2.7397e+00
502	-9.0000e-03	 1.0000e-03	 5.2287e+00	 8.1013e-01
503	-8.0000e-03	 1.0000e-03	 5.5406e+00	 9.5783e+00
504	-7.0000e-03	 1.0000e-03	 6.0022e+00	 9.8259e+00
505	-6.0000e-03	 1.0000e-03	 5.9003e+00	 8.9099e-01
506	-5.0000e-03	 1.0000e-03	 5.9657e+00	 2.8409e+00
507	-4.0000e-03	 1.0000e-03	 6.5620e+00	 4.3507e+00
508	-3.0000e-03	 1.0000e-03	 6.9423e+00	 5.0384e+00
509	-2.0000e-03	 1.0000e-03	 7.2329e+00	 5.6021e+00
510	-1.0000e-03	 1.0000e-03	 7.4163e+00	 6.0147e+00
511	 0.0000e+00	 1.0000e-03	 7.4778e+00	 6.2612e+00
512	 1.0000e-03	 1.0000e-03	 7.4949e+00	 6.2957e+00
513	 2.0000e-03	 1.0000e-03	 7.4515e+00	 6.3243e+00
514	 3.0000e-03	 1.0000e-03	 7.3591e+00	 6.0975e+00
515	 4.0000e-03	 1.0000e-03	 7.1379e+00	 5.6458e+00
516	 5.0000e-03	 1.0000e-03	 6.8322e+00	 5.1610e+00
517	 6.0000e-03	 1.0000e-03	 6.3279e+00	 4.4628e+00
518	 7.0000e-03	 1.0000e-03	 5.7159e+00	 2.2157e+00
519	 8.0000e-03	 1.0000e-03	 5.9867e+00	 8.1901e-01
520	 9.0000e-03	 1.0000e-03	 5.7606e+00	 9.6608e+00
521	 1.0000e-02	 1.0000e-03	 5.2317e+00	 9.1359e+00
522	 1.1000e-02	 1.0000e-03	 4.3895e+00	 4.6571e+00
523	 1.2000e-02	 1.0000e-03	 4.5765e+00	 5.3497e+00
524	 1.3000e-02	 1.0000e-03	 5.0403e+00	 4.4095e+00
525	 1.4000e-02	 1.0000e-03	 5.2034e+00	 4.4500e+00
526	 1.5000e-02	 1.0000e-03	 5.3855e+00	 4.7267e+00
527	-1.5000e-02	 2.0000e-03	 5.4450e+00	 7.0182e+00
528	-1.4000e-02	 2.0000e-03	 5.4302e+00	 6.1300e+00
529	-1.3000e-02	 2.0000e-03	 5.2655e+00	 5.9920e+00
530	-1.2000e-02	 2.0000e-03	 5.3477e+00	 5.5249e+00
531	-1.1000e-02	 2.0000e-03	 5.0995e+00	 4.7849e+00
532	-1.0000e-02	 2.0000e-03	 4.4694e+00	 2.7176e+00
533	-9.0000e-03	 2.0000e-03	 5.1084e+00	 1.1977e+00
534	-8.0000e-03	 2.0000e-03	 5.3783e+00	 9.4771e+00
535	-7.0000e-03	 2.0000e-03	 5.8809e+00	 9.1224e+00
536	-6.0000e-03	 2.0000e-03	 5.9650e+00	 8.3150e-01
537	-5.0000e-03	 2.0000e-03	 5.9995e+00	 2.5352e+00
538	-4.0000e-03	 2.0000e-03	 6.4906e+00	 4.0144e+00
539	-3.0000e-03	 2.0000e-03	 6.8631e+00	 4.7399e+00
540	-2.0000e-03	 2.0000e-03	 7.1356e+00	 5.2708e+00
541	-1.0000e-03	 2.0000e-03	 7.2786e+00	 5.7168e+00
542	 0.0000e+00	 2.0000e-03	 7.3463e+00	 5.9841e+00
543	 1.0000e-03	 2.0000e-03	 7.3453e+00	 6.0784e+00
544	 2.0000e-03	 2.0000e-03	 7.2960e+00	 6.0383e+00
545	 3.0000e-03	 2.0000e-03	 7.2096e+00	 5.7530e+00
546	 4.0000e-03	 2.0000e-03	 7.0537e+00	 5.3119e+00
547	 5.0000e-03	 2.0000e-03	 6.7543e+00	 4.8030e+00
548	 6.0000e-03	 2.0000e-03	 6.1968e+00	 4.0608e+00
549	 7.0000e-03	 2.0000e-03	 5.9331e+00	 2.1168e+00
550	 8.0000e-03	 2.0000e-03	 5.8519e+00	 7.4669e-01
551	 9.0000e-03	 2.0000e-03	 5.4897e+00	 9.5307e+00
552	 1.0000e-02	 2.0000e-03	 5.0456e+00	 8.8686e+00
553	 1.1000e-02	 2.0000e-03	 4.2396e+00	 4.1561e+00
554	 1.2000e-02	 2.0000e-03	 4.8931e+00	 4.4464e+00
555	 1.3000e-02	 2.0000e-03	 4.9700e+00	 4.2892e+00
556	 1.4000e-02	 2.0000e-03	 5.2119e+00	 4.3556e+00
557	 1.5000e-02	 2.0000e-03	 5.3477e+00	 4.7521e+00
558	-1.5000e-02	 3.0000e-03	 5.4660e+00	 6.9975e+00
559	-1.4000e-02	 3.0000e-03	 5.4677e+00	 6.2638e+00
560	-1.3000e-02	 3.0000e-03	 5.2234e+00	 5.8789e+00
561	-1.2000e-02	 3.0000e-03	 5.2340e+00	 5.3487e+00
562	-1.1000e-02	 3.0000e-03	 5.0430e+00	 5.0032e+00
563	-1.0000e-02	 3.0000e-03	 4.8244e+00	 3.6906e+00
564	-9.0000e-03	 3.0000e-03	 4.7859e+00	 1.5047e+00
565	-8.0000e-03	 3.0000e-03	 5.0808e+00	 9.2978e-01
566	-7.0000e-03	 3.0000e-03	 5.6955e+00	 9.6605e+00
567	-6.0000e-03	 3.0000e-03	 5.9223e+00	 6.1290e-01
568	-5.0000e-03	 3.0000e-03	 6.0331e+00	 2.0122e+00
569	-4.0000e-03	 3.0000e-03	 6.3523e+00	 3.4852e+00
570	-3.0000e-03	 3.0000e-03	 6.7608e+00	 4.3665e+00
571	-2.0000e-03	 3.0000e-03	 7.0002e+00	 4.8783e+00
572	-1.0000e-03	 3.0000e-03	 7.1267e+00	 5.3151e+00
573	 0.0000e+00	 3.0000e-03	 7.1971e+00	 5.5604e+00
574	 1.0000e-03	 3.0000e-03	 7.2082e+00	 5.6777e+00
575	 2.0000e-03	 3.0000e-03	 7.1507e+00	 5.6218e+00
576	 3.0000e-03	 3.0000e-03	 7.0643e+00	 5.2819e+00
577	 4.0000e-03	 3.0000e-03	 6.9061e+00	 4.8303e+00
578	 5.0000e-03	 3.0000e-03	 6.6343e+00	 4.3257e+00
579	 6.0000e-03	 3.0000e-03	 6.0620e+00	 3.3629e+00
580	 7.0000e-03	 3.0000e-03	 5.9134e+00	 1.8222e+00
581	 8.0000e-03	 3.0000e-03	 5.8079e+00	 3.8576e-01
582	 9.0000e-03	 3.0000e-03	 5.3986e+00	 9.2401e+00
583	 1.0000e-02	 3.0000e-03	 4.7323e+00	 8.2061e+00
584	 1.1000e-02	 3.0000e-03	 4.6811e+00	 4.8494e+00
585	 1.2000e-02	 3.0000e-03	 5.1347e+00	 4.6173e+00
586	 1.3000e-02	 3.0000e-03	 4.9697e+00	 4.3418e+00
587	 1.4000e-02	 3.0000e-03	 5.2576e+00	 4.2278e+00
588	 1.5000e-02	 3.0000e-03	 5.4249e+00	 4.7691e+00
589	-1.5000e-02	 4.0000e-03	 5.4312e+00	 7.1113e+00
590	-1.4000e-02	 4.0000e-03	 5.4371e+00	 6.3887e+00
591	-1.3000e-02	 4.0000e-03	 5.3599e+00	 6.0061e+00
592	-1.2000e-02	 4.0000e-03	 5.0873e+00	 5.3559e+00
593	-1.1000e-02	 4.0000e-03	 4.9154e+00	 5.0791e+00
594	-1.0000e-02	 4.0000e-03	 4.9933e+00	 3.6946e+00
595	-9.0000e-03	 4.0000e-03	 4.8359e+00	 2.2433e+00
596	-8.0000e-03	 4.0000e-03	 4.5308e+00	 1.7493e+00
597	-7.0000e-03	 4.0000e-03	 5.4341e+00	 9.5750e+00
598	-6.0000e-03	 4.0000e-03	 5.8148e+00	 3.9234e-01
599	-5.0000e-03	 4.0000e-03	 5.9778e+00	 1.5090e+00
600	-4.0000e-03	 4.0000e-03	 6.2001e+00	 2.8146e+00
601	-3.0000e-03	 4.0000e-03	 6.5607e+00	 3.8080e+00
602	-2.0000e-03	 4.0000e-03	 6.8121e+00	 4.4033e+00
603	-1.0000e-03	 4.0000e-03	 6.9781e+00	 4.8000e+00
604	 0.0000e+00	 4.0000e-03	 7.0856e+00	 4.9476e+00
605	 1.0000e-03	 4.0000e-03	 7.1123e+00	 5.0255e+00
606	 2.0000e-03	 4.0000e-03	 7.0574e+00	 4.9693e+00
607	 3.0000e-03	 4.0000e-03	 6.8907e+00	 4.7432e+00
608	 4.0000e-03	 4.0000e-03	 6.6741e+00	 4.2702e+00
609	 5.0000e-03	 4.0000e-03	 6.3723e+00	 3.6305e+00
610	 6.0000e-03	 4.0000e-03	 6.0574e+00	 2.7347e+00
611	 7.0000e-03	 4.0000e-03	 5.7517e+00	 1.1313e+00
612	 8.0000e-03	 4.0000e-03	 5.6794e+00	 9.6648e+00
613	 9.0000e-03	 4.0000e-03	 5.4825e+00	 8.9044e+00
614	 1.0000e-02	 4.0000e-03	 4.7356e+00	 7.9564e+00
615	 1.1000e-02	 4.0000e-03	 4.6193e+00	 5.7445e+00
616	 1.2000e-02	 4.0000e-03	 5.0896e+00	 4.8405e+00
617	 1.3000e-02	 4.0000e-03	 5.0209e+00	 4.3947e+00
618	 1.4000e-02	 4.0000e-03	 5.2974e+00	 4.3668e+00
619	 1.5000e-02	 4.0000e-03	 5.5505e+00	 4.6903e+00
620	-1.5000e-02	 5.0000e-03	 5.4953e+00	 7.1343e+00
621	-1.4000e-02	 5.0000e-03	 5.4660e+00	 6.6787e+00
622	-1.3000e-02	 5.0000e-03	 5.4394e+00	 5.9368e+00
623	-1.2000e-02	 5.0000e-03	 5.0518e+00	 5.7407e+00
624	-1.1000e-02	 5.0000e-03	 4.8993e+00	 5.0635e+00
625	-1.0000e-02	 5.0000e-03	 4.6610e+00	 4.0249e+00
626	-9.0000e-03	 5.0000e-03	 4.4289e+00	 3.1003e+00
627	-8.0000e-03	 5.0000e-03	 4.3734e+00	 2.8580e+00
628	-7.0000e-03	 5.0000e-03	 5.2185e+00	 9.2808e+00
629	-6.0000e-03	 5.0000e-03	 5.4585e+00	 9.5930e+00
630	-5.0000e-03	 5.0000e-03	 5.6958e+00	 1.0478e+00
631	-4.0000e-03	 5.0000e-03	 5.9824e+00	 2.2607e+00
632	-3.0000e-03	 5.0000e-03	 6.3312e+00	 3.2022e+00
633	-2.0000e-03	 5.0000e-03	 6.6333e+00	 3.8359e+00
634	-1.0000e-03	 5.0000e-03	 6.8141e+00	 4.1597e+00
635	 0.0000e+00	 5.0000e-03	 6.9025e+00	 4.2902e+00
636	 1.0000e-03	 5.0000e-03	 6.9255e+00	 4.3257e+00
637	 2.0000e-03	 5.0000e-03	 6.8808e+00	 4.2455e+00
638	 3.0000e-03	 5.0000e-03	 6.7234e+00	 4.1729e+00
639	 4.0000e-03	 5.0000e-03	 6.4729e+00	 3.8077e+00
640	 5.0000e-03	 5.0000e-03	 6.1826e+00	 3.1525e+00
641	 6.0000e-03	 5.0000e-03	 5.7011e+00	 2.2496e+00
642	 7.0000e-03	 5.0000e-03	 5.4016e+00	 5.1133e-01
643	 8.0000e-03	 5.0000e-03	 5.4923e+00	 8.9058e+00
644	 9.0000e-03	 5.0000e-03	 5.3066e+00	 8.5928e+00
645	 1.0000e-02	 5.0000e-03	 4.9190e+00	 8.1467e+00
646	 1.1000e-02	 5.0000e-03	 4.4901e+00	 5.6166e+00
647	 1.2000e-02	 5.0000e-03	 4.8862e+00	 4.9460e+00
648	 1.3000e-02	 5.0000e-03	 5.1212e+00	 4.4276e+00
649	 1.4000e-02	 5.0000e-03	 5.4098e+00	 4.5259e+00
650	 1.5000e-02	 5.0000e-03	 5.5640e+00	 4.5545e+00
651	-1.5000e-02	 6.0000e-03	 5.4956e+00	 6.9558e+00
652	-1.4000e-02	 6.0000e-03	 5.2882e+00	 6.7500e+00
653	-1.3000e-02	 6.0000e-03	 5.4420e+00	 6.0245e+00
654	-1.2000e-02	 6.0000e-03	 5.1219e+00	 5.7185e+00
655	-1.1000e-02	 6.0000e-03	 4.7843e+00	 5.0965e+00
656	-1.0000e-02	 6.0000e-03	 4.4447e+00	 4.5696e+00
657	-9.0000e-03	 6.0000e-03	 4.4076e+00	 3.5805e+00
658	-8.0000e-03	 6.0000e-03	 4.3218e+00	 6.5322e+00
659	-7.0000e-03	 6.0000e-03	 4.9536e+00	 8.2381e+00
660	-6.0000e-03	 6.0000e-03	 5.1830e+00	 9.0402e+00
661	-5.0000e-03	 6.0000e-03	 5.4670e+00	 7.0133e-01
662	-4.0000e-03	 6.0000e-03	 5.7283e+00	 1.3561e+00
663	-3.0000e-03	 6.0000e-03	 5.9676e+00	 2.3804e+00
664	-2.0000e-03	 6.0000e-03	 6.2323e+00	 3.1292e+00
665	-1.0000e-03	 6.0000e-03	 6.4584e+00	 3.6315e+00
666	 0.0000e+00	 6.0000e-03	 6.5853e+00	 3.8455e+00
667	 1.0000e-03	 6.0000e-03	 6.5791e+00	 3.9109e+00
668	 2.0000e-03	 6.0000e-03	 6.4959e+00	 3.7702e+00
669	 3.0000e-03	 6.0000e-03	 6.3361e+00	 3.5417e+00
670	 4.0000e-03	 6.0000e-03	 6.0926e+00	 3.1101e+00
671	 5.0000e-03	 6.0000e-03	 5.7267e+00	 2.2854e+00
672	 6.0000e-03	 6.0000e-03	 5.3408e+00	 1.0708e+00
673	 7.0000e-03	 6.0000e-03	 5.2905e+00	 8.9899e+00
674	 8.0000e-03	 6.0000e-03	 5.3645e+00	 8.3469e+00
675	 9.0000e-03	 6.0000e-03	 5.1439e+00	 8.1076e+00
676	 1.0000e-02	 6.0000e-03	 4.8786e+00	 7.8164e+00
677	 1.1000e-02	 6.0000e-03	 4.6153e+00	 6.1780e+00
678	 1.2000e-02	 6.0000e-03	 4.8543e+00	 4.5916e+00
679	 1.3000e-02	 6.0000e-03	 5.2471e+00	 4.4583e+00
680	 1.4000e-02	 6.0000e-03	 5.5193e+00	 4.4999e+00
681	 1.5000e-02	 6.0000e-03	 5.5298e+00	 4.3254e+00
682	-1.5000e-02	 7.0000e-03	 5.3855e+00	 6.8667e+00
683	-1.4000e-02	 7.0000e-03	 5.3444e+00	 6.6622e+00
684	-1.3000e-02	 7.0000e-03	 5.2698e+00	 6.2515e+00
685	-1.2000e-02	 7.0000e-03	 5.3150e+00	 5.8881e+00
686	-1.1000e-02	 7.0000e-03	 4.8155e+00	 5.0242e+00
687	-1.0000e-02	 7.0000e-03	 4.5923e+00	 4.2218e+00
688	-9.0000e-03	 7.0000e-03	 4.2603e+00	 3.3547e+00
689	-8.0000e-03	 7.0000e-03	 4.2460e+00	 3.2584e+00
690	-7.0000e-03	 7.0000e-03	 4.5805e+00	 8.0212e+00
691	-6.0000e-03	 7.0000e-03	 5.0032e+00	 8.2230e+00
692	-5.0000e-03	 7.0000e-03	 5.2803e+00	 9.0770e+00
693	-4.0000e-03	 7.0000e-03	 5.4473e+00	 5.1399e+00
694	-3.0000e-03	 7.0000e-03	 5.6038e+00	 8.6667e-01
695	-2.0000e-03	 7.0000e-03	 5.6873e+00	 1.8311e+00
696	-1.0000e-03	 7.0000e-03	 5.8707e+00	 2.5444e+00
697	 0.0000e+00	 7.0000e-03	 6.0048e+00	 2.9844e+00
698	 1.0000e-03	 7.0000e-03	 6.0163e+00	 3.0582e+00
699	 2.0000e-03	 7.0000e-03	 5.9091e+00	 2.8892e+00
700	 3.0000e-03	 7.0000e-03	 5.6166e+00	 2.4912e+00
701	 4.0000e-03	 7.0000e-03	 5.3954e+00	 1.4981e+00
702	 5.0000e-03	 7.0000e-03	 5.3372e+00	 6.6287e-01
703	 6.0000e-03	 7.0000e-03	 5.2622e+00	 9.1244e+00
704	 7.0000e-03	 7.0000e-03	 5.3845e+00	 8.3265e+00
705	 8.0000e-03	 7.0000e-03	 5.3293e+00	 8.1040e+00
706	 9.0000e-03	 7.0000e-03	 5.0571e+00	 8.0327e+00
707	 1.0000e-02	 7.0000e-03	 4.8073e+00	 7.5935e+00
708	 1.1000e-02	 7.0000e-03	 4.5739e+00	 6.2053e+00
709	 1.2000e-02	 7.0000e-03	 4.9963e+00	 4.6143e+00
710	 1.3000e-02	 7.0000e-03	 5.3214e+00	 4.6761e+00
711	 1.4000e-02	 7.0000e-03	 5.5732e+00	 4.4016e+00
712	 1.5000e-02	 7.0000e-03	 5.4233e+00	 4.2005e+00
713	-1.5000e-02	 8.0000e-03	 5.2494e+00	 6.7497e+00
714	-1.4000e-02	 8.0000e-03	 5.2524e+00	 6.4252e+00
715	-1.3000e-02	 8.0000e-03	 5.2846e+00	 6.2737e+00
716	-1.2000e-02	 8.0000e-03	 5.2284e+00	 5.9246e+00
717	-1.1000e-02	 8.0000e-03	 4.9036e+00	 5.4463e+00
718	-1.0000e-02	 8.0000e-03	 4.5298e+00	 4.6968e+00
719	-9.0000e-03	 8.0000e-03	 4.5962e+00	 2.9615e+00
720	-8.0000e-03	 8.0000e-03	 4.3086e+00	 3.3757e+00
721	-7.0000e-03	 8.0000e-03	 4.4454e+00	 7.4150e+00
722	-6.0000e-03	 8.0000e-03	 4.7106e+00	 8.0300e+00
723	-5.0000e-03	 8.0000e-03	 5.1938e+00	 8.3930e+00
724	-4.0000e-03	 8.0000e-03	 5.3102e+00	 8.7805e+00
725	-3.0000e-03	 8.0000e-03	 5.4558e+00	 9.4104e+00
726	-2.0000e-03	 8.0000e-03	 5.4861e+00	 6.4972e-01
727	-1.0000e-03	 8.0000e-03	 5.5847e+00	 5.0640e-01
728	 0.0000e+00	 8.0000e-03	 5.5758e+00	 7.3847e-01
729	 1.0000e-03	 8.0000e-03	 5.5628e+00	 7.9764e-01
730	 2.0000e-03	 8.0000e-03	 5.4036e+00	 6.0732e-01
731	 3.0000e-03	 8.0000e-03	 5.3579e+00	 8.8916e+00
732	 4.0000e-03	 8.0000e-03	 5.3605e+00	 9.2052e+00
733	 5.0000e-03	 8.0000e-03	 5.4522e+00	 8.5991e+00
734	 6.0000e-03	 8.0000e-03	 5.3963e+00	 8.1740e+00
735	 7.0000e-03	 8.0000e-03	 5.3053e+00	 7.8190e+00
736	 8.0000e-03	 8.0000e-03	 5.0870e+00	 7.8331e+00
737	 9.0000e-03	 8.0000e-03	 4.8002e+00	 8.1533e+00
738	 1.0000e-02	 8.0000e-03	 4.5078e+00	 6.8072e+00
739	 1.1000e-02	 8.0000e-03	 4.4187e+00	 5.4848e+00
740	 1.2000e-02	 8.0000e-03	 5.1146e+00	 4.8612e+00
741	 1.3000e-02	 8.0000e-03	 5.3546e+00	 4.7443e+00
742	 1.4000e-02	 8.0000e-03	 5.4026e+00	 4.2955e+00
743	 1.5000e-02	 8.0000e-03	 5.3687e+00	 4.1965e+00
744	-1.5000e-02	 9.0000e-03	 5.0826e+00	 6.8836e+00
745	-1.4000e-02	 9.0000e-03	 5.2264e+00	 6.3072e+00
746	-1.3000e-02	 9.0000e-03	 5.2609e+00	 6.2073e+00
747	-1.2000e-02	 9.0000e-03	 5.1551e+00	 5.9818e+00
748	-1.1000e-02	 9.0000e-03	 4.9585e+00	 5.6182e+00
749	-1.0000e-02	 9.0000e-03	 4.7235e+00	 4.9539e+00
750	-9.0000e-03	 9.0000e-03	 4.4963e+00	 3.5325e+00
751	-8.0000e-03	 9.0000e-03	 4.4105e+00	 3.6415e+00
752	-7.0000e-03	 9.0000e-03	 4.2465e+00	 5.8370e+00
753	-6.0000e-03	 9.0000e-03	 4.4210e+00	 6.6172e+00
754	-5.0000e-03	 9.0000e-03	 4.7912e+00	 7.3647e+00
755	-4.0000e-03	 9.0000e-03	 5.0186e+00	 7.5199e+00
756	-3.0000e-03	 9.0000e-03	 5.1731e+00	 8.3767e+00
757	-2.0000e-03	 9.0000e-03	 5.2563e+00	 8.8246e+00
758	-1.0000e-03	 9.0000e-03	 5.4078e+00	 9.2309e+00
759	 0.0000e+00	 9.0000e-03	 5.4726e+00	 9.1970e+00
760	 1.0000e-03	 9.0000e-03	 5.4598e+00	 9.0751e+00
761	 2.0000e-03	 9.0000e-03	 5.4062e+00	 8.9856e+00
762	 3.0000e-03	 9.0000e-03	 5.3050e+00	 8.6872e+00
763	 4.0000e-03	 9.0000e-03	 5.3316e+00	 8.2707e+00
764	 5.0000e-03	 9.0000e-03	 5.2911e+00	 7.6070e+00
765	 6.0000e-03	 9.0000e-03	 5.1251e+00	 7.3946e+00
766	 7.0000e-03	 9.0000e-03	 5.0032e+00	 7.3440e+00
767	 8.0000e-03	 9.0000e-03	 4.7060e+00	 7.2911e+00
768	 9.0000e-03	 9.0000e-03	 4.5279e+00	 7.6793e+00
769	 1.0000e-02	 9.0000e-03	 4.4403e+00	 6.9880e+00
770	 1.1000e-02	 9.0000e-03	 4.6367e+00	 5.5692e+00
771	 1.2000e-02	 9.0000e-03	 5.0791e+00	 4.9575e+00
772	 1.3000e-02	 9.0000e-03	 5.2530e+00	 4.6840e+00
773	 1.4000e-02	 9.0000e-03	 5.2925e+00	 4.3106e+00
774	 1.5000e-02	 9.0000e-03	 5.4341e+00	 3.9911e+00
775	-1.5000e-02	 1.0000e-02	 5.0657e+00	 7.0018e+00
776	-1.4000e-02	 1.0000e-02	 5.0512e+00	 6.2385e+00
777	-1.3000e-02	 1.0000e-02	 5.1590e+00	 5.9068e+00
778	-1.2000e-02	 1.0000e-02	 5.1008e+00	 5.8832e+00
779	-1.1000e-02	 1.0000e-02	 4.8592e+00	 5.7241e+00
780	-1.0000e-02	 1.0000e-02	 4.8546e+00	 5.4664e+00
781	-9.0000e-03	 1.0000e-02	 4.5742e+00	 4.9056e+00
782	-8.0000e-03	 1.0000e-02	 4.3592e+00	 4.1807e+00
783	-7.0000e-03	 1.0000e-02	 4.3773e+00	 4.0562e+00
784	-6.0000e-03	 1.0000e-02	 4.3842e+00	 5.5443e+00
785	-5.0000e-03	 1.0000e-02	 4.4498e+00	 5.6863e+00
786	-4.0000e-03	 1.0000e-02	 4.8142e+00	 5.8388e+00
787	-3.0000e-03	 1.0000e-02	 4.6452e+00	 6.2766e+00
788	-2.0000e-03	 1.0000e-02	 4.6163e+00	 7.0531e+00
789	-1.0000e-03	 1.0000e-02	 4.8237e+00	 7.2388e+00
790	 0.0000e+00	 1.0000e-02	 4.8911e+00	 7.6172e+00
791	 1.0000e-03	 1.0000e-02	 4.9660e+00	 7.3624e+00
792	 2.0000e-03	 1.0000e-02	 4.9858e+00	 7.1882e+00
793	 3.0000e-03	 1.0000e-02	 4.9516e+00	 6.9213e+00
794	 4.0000e-03	 1.0000e-02	 4.6893e+00	 6.7618e+00
795	 5.0000e-03	 1.0000e-02	 4.6094e+00	 5.8861e+00
796	 6.0000e-03	 1.0000e-02	 4.6469e+00	 5.3273e+00
797	 7.0000e-03	 1.0000e-02	 4.5867e+00	 5.4205e+00
798	 8.0000e-03	 1.0000e-02	 4.6018e+00	 5.6182e+00
799	 9.0000e-03	 1.0000e-02	 4.3389e+00	 6.4496e+00
800	 1.0000e-02	 1.0000e-02	 4.5065e+00	 6.3151e+00
801	 1.1000e-02	 1.0000e-02	 4.8563e+00	 5.5745e+00
802	 1.2000e-02	 1.0000e-02	 5.0525e+00	 5.1472e+00
803	 1.3000e-02	 1.0000e-02	 5.0887e+00	 4.5325e+00
804	 1.4000e-02	 1.0000e-02	 5.1925e+00	 4.0118e+00
805	 1.5000e-02	 1.0000e-02	 5.3720e+00	 3.8155e+00
806	-1.5000e-02	 1.1000e-02	 5.0094e+00	 7.0426e+00
807	-1.4000e-02	 1.1000e-02	 5.0025e+00	 6.3287e+00
808	-1.3000e-02	 1.1000e-02	 5.0285e+00	 5.9078e+00
809	-1.2000e-02	 1.1000e-02	 5.0655e+00	 5.8020e+00
810	-1.1000e-02	 1.1000e-02	 4.8602e+00	 5.9640e+00
811	-1.0000e-02	 1.1000e-02	 4.6834e+00	 5.6751e+00
812	-9.0000e-03	 1.1000e-02	 4.5344e+00	 5.2440e+00
813	-8.0000e-03	 1.1000e-02	 4.3661e+00	 4.1434e+00
814	-7.0000e-03	 1.1000e-02	 4.4802e+00	 4.2509e+00
815	-6.0000e-03	 1.1000e-02	 4.4789e+00	 3.9562e+00
816	-5.0000e-03	 1.1000e-02	 4.7455e+00	 4.4726e+00
817	-4.0000e-03	 1.1000e-02	 4.8625e+00	 4.4187e+00
818	-3.0000e-03	 1.1000e-02	 5.0167e+00	 4.3813e+00
819	-2.0000e-03	 1.1000e-02	 5.1054e+00	 4.5423e+00
820	-1.0000e-03	 1.1000e-02	 5.0075e+00	 4.6863e+00
821	 0.0000e+00	 1.1000e-02	 4.9023e+00	 4.9674e+00
822	 1.0000e-03	 1.1000e-02	 4.9414e+00	 4.7267e+00
823	 2.0000e-03	 1.1000e-02	 4.8553e+00	 4.6557e+00
824	 3.0000e-03	 1.1000e-02	 4.9532e+00	 4.5114e+00
825	 4.0000e-03	 1.1000e-02	 4.8388e+00	 4.4095e+00
826	 5.0000e-03	 1.1000e-02	 4.8155e+00	 4.0696e+00
827	 6.0000e-03	 1.1000e-02	 4.7882e+00	 4.2547e+00
828	 7.0000e-03	 1.1000e-02	 4.6077e+00	 4.6403e+00
829	 8.0000e-03	 1.1000e-02	 4.3984e+00	 5.4281e+00
830	 9.0000e-03	 1.1000e-02	 4.3421e+00	 6.0133e+00
831	 1.0000e-02	 1.1000e-02	 4.6317e+00	 6.0258e+00
832	 1.1000e-02	 1.1000e-02	 4.8375e+00	 5.8224e+00
833	 1.2000e-02	 1.1000e-02	 4.7665e+00	 4.8753e+00
834	 1.3000e-02	 1.1000e-02	 5.0111e+00	 4.1840e+00
835	 1.4000e-02	 1.1000e-02	 5.2869e+00	 3.8695e+00
836	 1.5000e-02	 1.1000e-02	 5.3132e+00	 3.6397e+00
837	-1.5000e-02	 1.2000e-02	 4.9802e+00	 7.4334e+00
838	-1.4000e-02	 1.2000e-02	 4.8822e+00	 6.5350e+00
839	-1.3000e-02	 1.2000e-02	 5.0180e+00	 5.9877e+00
840	-1.2000e-02	 1.2000e-02	 4.8671e+00	 5.8552e+00
841	-1.1000e-02	 1.2000e-02	 4.8441e+00	 5.6603e+00
842	-1.0000e-02	 1.2000e-02	 4.4776e+00	 5.6139e+00
843	-9.0000e-03	 1.2000e-02	 4.3139e+00	 5.0029e+00
844	-8.0000e-03	 1.2000e-02	 4.4717e+00	 4.6367e+00
845	-7.0000e-03	 1.2000e-02	 4.2577e+00	 4.5201e+00
846	-6.0000e-03	 1.2000e-02	 4.3721e+00	 3.5020e+00
847	-5.0000e-03	 1.2000e-02	 4.4329e+00	 4.4302e+00
848	-4.0000e-03	 1.2000e-02	 4.8355e+00	 4.3412e+00
849	-3.0000e-03	 1.2000e-02	 4.9526e+00	 4.1936e+00
850	-2.0000e-03	 1.2000e-02	 5.1731e+00	 4.1242e+00
851	-1.0000e-03	 1.2000e-02	 5.1915e+00	 3.9073e+00
852	 0.0000e+00	 1.2000e-02	 5.1748e+00	 4.1735e+00
853	 1.0000e-03	 1.2000e-02	 5.1511e+00	 4.1318e+00
854	 2.0000e-03	 1.2000e-02	 5.1340e+00	 3.9010e+00
855	 3.0000e-03	 1.2000e-02	 5.0742e+00	 3.8981e+00
856	 4.0000e-03	 1.2000e-02	 5.0108e+00	 4.0647e+00
857	 5.0000e-03	 1.2000e-02	 4.8303e+00	 3.9283e+00
858	 6.0000e-03	 1.2000e-02	 4.6206e+00	 3.9572e+00
859	 7.0000e-03	 1.2000e-02	 4.4960e+00	 4.6025e+00
860	 8.0000e-03	 1.2000e-02	 4.3980e+00	 5.8569e+00
861	 9.0000e-03	 1.2000e-02	 4.4251e+00	 6.4160e+00
862	 1.0000e-02	 1.2000e-02	 4.6359e+00	 5.9634e+00
863	 1.1000e-02	 1.2000e-02	 4.6377e+00	 5.7961e+00
864	 1.2000e-02	 1.2000e-02	 4.7284e+00	 4.6797e+00
865	 1.3000e-02	 1.2000e-02	 5.0091e+00	 4.0157e+00
866	 1.4000e-02	 1.2000e-02	 5.2271e+00	 3.6341e+00
867	 1.5000e-02	 1.2000e-02	 5.2757e+00	 3.4628e+00
868	-1.5000e-02	 1.3000e-02	 4.9404e+00	 7.6316e+00
869	-1.4000e-02	 1.3000e-02	 4.8023e+00	 6.8243e+00
870	-1.3000e-02	 1.3000e-02	 4.7264e+00	 6.3279e+00
871	-1.2000e-02	 1.3000e-02	 4.7540e+00	 5.9502e+00
872	-1.1000e-02	 1.3000e-02	 4.6235e+00	 5.4923e+00
873	-1.0000e-02	 1.3000e-02	 4.4506e+00	 5.4913e+00
874	-9.0000e-03	 1.3000e-02	 4.2564e+00	 5.1136e+00
875	-8.0000e-03	 1.3000e-02	 4.2411e+00	 4.4345e+00
876	-7.0000e-03	 1.3000e-02	 4.2610e+00	 5.1153e+00
877	-6.0000e-03	 1.3000e-02	 4.2093e+00	 4.9637e+00
878	-5.0000e-03	 1.3000e-02	 4.2271e+00	 4.5298e+00
879	-4.0000e-03	 1.3000e-02	 4.4802e+00	 4.3030e+00
880	-3.0000e-03	 1.3000e-02	 4.7478e+00	 4.0719e+00
881	-2.0000e-03	 1.3000e-02	 4.8441e+00	 3.8836e+00
882	-1.0000e-03	 1.3000e-02	 4.9547e+00	 3.5891e+00
883	 0.0000e+00	 1.3000e-02	 5.0137e+00	 3.7764e+00
884	 1.0000e-03	 1.3000e-02	 5.0873e+00	 3.6768e+00
885	 2.0000e-03	 1.3000e-02	 5.0027e+00	 3.4405e+00
886	 3.0000e-03	 1.3000e-02	 4.8549e+00	 3.5522e+00
887	 4.0000e-03	 1.3000e-02	 4.7248e+00	 3.5148e+00
888	 5.0000e-03	 1.3000e-02	 4.6912e+00	 3.6522e+00
889	 6.0000e-03	 1.3000e-02	 4.3997e+00	 4.0874e+00
890	 7.0000e-03	 1.3000e-02	 4.3638e+00	 5.1153e+00
891	 8.0000e-03	 1.3000e-02	 4.6735e+00	 5.7129e+00
892	 9.0000e-03	 1.3000e-02	 4.5045e+00	 6.6307e+00
893	 1.0000e-02	 1.3000e-02	 4.5736e+00	 6.4801e+00
894	 1.1000e-02	 1.3000e-02	 4.5016e+00	 5.7329e+00
895	 1.2000e-02	 1.3000e-02	 4.7603e+00	 4.4322e+00
896	 1.3000e-02	 1.3000e-02	 5.0022e+00	 3.7491e+00
897	 1.4000e-02	 1.3000e-02	 5.1971e+00	 3.3333e+00
898	 1.5000e-02	 1.3000e-02	 5.2935e+00	 3.3616e+00
899	-1.5000e-02	 1.4000e-02	 4.9769e+00	 7.8114e+00
900	-1.4000e-02	 1.4000e-02	 4.8444e+00	 7.4679e+00
901	-1.3000e-02	 1.4000e-02	 4.8339e+00	 6.6820e+00
902	-1.2000e-02	 1.4000e-02	 4.5164e+00	 6.5870e+00
903	-1.1000e-02	 1.4000e-02	 4.3977e+00	 5.7093e+00
904	-1.0000e-02	 1.4000e-02	 4.3283e+00	 5.0765e+00
905	-9.0000e-03	 1.4000e-02	 4.2896e+00	 3.8678e+00
906	-8.0000e-03	 1.4000e-02	 4.3385e+00	 3.1634e+00
907	-7.0000e-03	 1.4000e-02	 4.3057e+00	 3.1453e+00
908	-6.0000e-03	 1.4000e-02	 4.3283e+00	 6.6589e+00
909	-5.0000e-03	 1.4000e-02	 4.1742e+00	 5.6550e+00
910	-4.0000e-03	 1.4000e-02	 4.2018e+00	 5.7688e+00
911	-3.0000e-03	 1.4000e-02	 4.3188e+00	 4.5410e+00
912	-2.0000e-03	 1.4000e-02	 4.4240e+00	 3.5845e+00
913	-1.0000e-03	 1.4000e-02	 4.4408e+00	 3.5470e+00
914	 0.0000e+00	 1.4000e-02	 4.6594e+00	 3.6995e+00
915	 1.0000e-03	 1.4000e-02	 4.5256e+00	 3.5148e+00
916	 2.0000e-03	 1.4000e-02	 4.6498e+00	 3.1315e+00
917	 3.0000e-03	 1.4000e-02	 4.5413e+00	 3.3044e+00
918	 4.0000e-03	 1.4000e-02	 4.3313e+00	 3.8948e+00
919	 5.0000e-03	 1.4000e-02	 4.4482e+00	 4.2968e+00
920	 6.0000e-03	 1.4000e-02	 4.4585e+00	 4.5788e+00
921	 7.0000e-03	 1.4000e-02	 4.4490e+00	 5.8684e+00
922	 8.0000e-03	 1.4000e-02	 4.5673e+00	 6.1097e+00
923	 9.0000e-03	 1.4000e-02	 4.5423e+00	 6.5432e+00
924	 1.0000e-02	 1.4000e-02	 4.5673e+00	 6.5735e+00
925	 1.1000e-02	 1.4000e-02	 4.4623e+00	 5.4940e+00
926	 1.2000e-02	 1.4000e-02	 4.6170e+00	 4.2652e+00
927	 1.3000e-02	 1.4000e-02	 4.8681e+00	 3.3471e+00
928	 1.4000e-02	 1.4000e-02	 5.1317e+00	 3.4020e+00
929	 1.5000e-02	 1.4000e-02	 5.1189e+00	 3.2337e+00
930	-1.5000e-02	 1.5000e-02	 4.8891e+00	 7.9061e+00
931	-1.4000e-02	 1.5000e-02	 4.7327e+00	 7.6869e+00
932	-1.3000e-02	 1.5000e-02	 4.7024e+00	 6.8391e+00
933	-1.2000e-02	 1.5000e-02	 4.6281e+00	 6.6829e+00
934	-1.1000e-02	 1.5000e-02	 4.4447e+00	 6.2638e+00
935	-1.0000e-02	 1.5000e-02	 4.2682e+00	 4.4569e+00
936	-9.0000e-03	 1.5000e-02	 4.2945e+00	 2.9550e+00
937	-8.0000e-03	 1.5000e-02	 4.3885e+00	 2.2016e+00
938	-7.0000e-03	 1.5000e-02	 4.5160e+00	 1.9236e+00
939	-6.0000e-03	 1.5000e-02	 4.3135e+00	 6.0866e+00
940	-5.0000e-03	 1.5000e-02	 4.3037e+00	 7.5015e+00
941	-4.0000e-03	 1.5000e-02	 4.3816e+00	 7.0984e+00
942	-3.0000e-03	 1.5000e-02	 4.2892e+00	 6.6938e+00
943	-2.0000e-03	 1.5000e-02	 4.2156e+00	 6.8447e+00
944	-1.0000e-03	 1.5000e-02	 4.3474e+00	 6.9459e+00
945	 0.0000e+00	 1.5000e-02	 4.4020e+00	 5.6636e+00
946	 1.0000e-03	 1.5000e-02	 4.3546e+00	 6.2145e+00
947	 2.0000e-03	 1.5000e-02	 4.2938e+00	 5.2754e+00
948	 3.0000e-03	 1.5000e-02	 4.3086e+00	 4.5911e+00
949	 4.0000e-03	 1.5000e-02	 4.3504e+00	 5.6794e+00
950	 5.0000e-03	 1.5000e-02	 4.2356e+00	 6.0247e+00
951	 6.0000e-03	 1.5000e-02	 4.1993e+00	 6.3029e+00
952	 7.0000e-03	 1.5000e-02	 4.4118e+00	 6.4108e+00
953	 8.0000e-03	 1.5000e-02	 4.4989e+00	 6.6323e+00
954	 9.0000e-03	 1.5000e-02	 4.4191e+00	 7.0843e+00
955	 1.0000e-02	 1.5000e-02	 4.3967e+00	 7.0554e+00
956	 1.1000e-02	 1.5000e-02	 4.3727e+00	 5.5153e+00
957	 1.2000e-02	 1.5000e-02	 4.5058e+00	 3.9838e+00
958	 1.3000e-02	 1.5000e-02	 4.6834e+00	 3.5227e+00
959	 1.4000e-02	 1.5000e-02	 4.8257e+00	 3.0217e+00
960	 1.5000e-02	 1.5000e-02	 4.9526e+00	 3.2843e+00
