	x (m)	y (m)	Mesure ch1 (V)	Mesure ch2 (V)
0	-1.5000e-02	-1.5000e-02	 4.2784e+00	 5.5646e+00
1	-1.4000e-02	-1.5000e-02	 4.4355e+00	 4.9447e+00
2	-1.3000e-02	-1.5000e-02	 4.6472e+00	 5.4522e+00
3	-1.2000e-02	-1.5000e-02	 4.4838e+00	 5.8592e+00
4	-1.1000e-02	-1.5000e-02	 4.2823e+00	 6.3782e+00
5	-1.0000e-02	-1.5000e-02	 4.5933e+00	 1.7900e+00
6	-9.0000e-03	-1.5000e-02	 5.0131e+00	 1.8163e+00
7	-8.0000e-03	-1.5000e-02	 5.2915e+00	 2.4100e+00
8	-7.0000e-03	-1.5000e-02	 5.3398e+00	 2.9497e+00
9	-6.0000e-03	-1.5000e-02	 5.4424e+00	 3.4898e+00
10	-5.0000e-03	-1.5000e-02	 5.5370e+00	 4.2833e+00
11	-4.0000e-03	-1.5000e-02	 5.6721e+00	 4.8520e+00
12	-3.0000e-03	-1.5000e-02	 5.8355e+00	 5.4279e+00
13	-2.0000e-03	-1.5000e-02	 5.8657e+00	 5.6757e+00
14	-1.0000e-03	-1.5000e-02	 5.8713e+00	 5.8053e+00
15	 0.0000e+00	-1.5000e-02	 5.8865e+00	 5.8993e+00
16	 1.0000e-03	-1.5000e-02	 5.8963e+00	 5.9565e+00
17	 2.0000e-03	-1.5000e-02	 5.9256e+00	 5.9328e+00
18	 3.0000e-03	-1.5000e-02	 5.9246e+00	 5.8533e+00
19	 4.0000e-03	-1.5000e-02	 5.8792e+00	 5.6468e+00
20	 5.0000e-03	-1.5000e-02	 5.8095e+00	 5.2701e+00
21	 6.0000e-03	-1.5000e-02	 5.6728e+00	 4.7300e+00
22	 7.0000e-03	-1.5000e-02	 5.6399e+00	 4.1512e+00
23	 8.0000e-03	-1.5000e-02	 5.5288e+00	 3.5250e+00
24	 9.0000e-03	-1.5000e-02	 5.4811e+00	 2.8991e+00
25	 1.0000e-02	-1.5000e-02	 5.3004e+00	 2.4073e+00
26	 1.1000e-02	-1.5000e-02	 4.9808e+00	 1.7522e+00
27	 1.2000e-02	-1.5000e-02	 4.5732e+00	 1.9481e+00
28	 1.3000e-02	-1.5000e-02	 4.2623e+00	 7.5827e+00
29	 1.4000e-02	-1.5000e-02	 4.3106e+00	 6.2352e+00
30	 1.5000e-02	-1.5000e-02	 4.5009e+00	 5.0216e+00
31	-1.5000e-02	-1.4000e-02	 4.4595e+00	 5.4016e+00
32	-1.4000e-02	-1.4000e-02	 4.4934e+00	 5.4322e+00
33	-1.3000e-02	-1.4000e-02	 4.5131e+00	 5.8799e+00
34	-1.2000e-02	-1.4000e-02	 4.3139e+00	 6.8904e+00
35	-1.1000e-02	-1.4000e-02	 4.4016e+00	 2.1325e+00
36	-1.0000e-02	-1.4000e-02	 4.8563e+00	 2.0734e+00
37	-9.0000e-03	-1.4000e-02	 5.3188e+00	 2.6131e+00
38	-8.0000e-03	-1.4000e-02	 5.5367e+00	 3.4352e+00
39	-7.0000e-03	-1.4000e-02	 5.5436e+00	 3.9868e+00
40	-6.0000e-03	-1.4000e-02	 5.5321e+00	 4.7790e+00
41	-5.0000e-03	-1.4000e-02	 5.6679e+00	 5.5423e+00
42	-4.0000e-03	-1.4000e-02	 5.7859e+00	 6.1484e+00
43	-3.0000e-03	-1.4000e-02	 5.9141e+00	 6.5261e+00
44	-2.0000e-03	-1.4000e-02	 5.9867e+00	 6.8917e+00
45	-1.0000e-03	-1.4000e-02	 6.0061e+00	 6.9578e+00
46	 0.0000e+00	-1.4000e-02	 5.9670e+00	 7.1704e+00
47	 1.0000e-03	-1.4000e-02	 5.9742e+00	 7.2184e+00
48	 2.0000e-03	-1.4000e-02	 5.9913e+00	 7.1399e+00
49	 3.0000e-03	-1.4000e-02	 6.0183e+00	 7.0038e+00
50	 4.0000e-03	-1.4000e-02	 5.9989e+00	 6.8092e+00
51	 5.0000e-03	-1.4000e-02	 5.8487e+00	 6.4828e+00
52	 6.0000e-03	-1.4000e-02	 5.7537e+00	 6.0584e+00
53	 7.0000e-03	-1.4000e-02	 5.6797e+00	 5.3796e+00
54	 8.0000e-03	-1.4000e-02	 5.6271e+00	 4.6995e+00
55	 9.0000e-03	-1.4000e-02	 5.4989e+00	 3.9434e+00
56	 1.0000e-02	-1.4000e-02	 5.5038e+00	 3.1874e+00
57	 1.1000e-02	-1.4000e-02	 5.2080e+00	 2.7081e+00
58	 1.2000e-02	-1.4000e-02	 4.8566e+00	 2.0987e+00
59	 1.3000e-02	-1.4000e-02	 4.3829e+00	 1.8686e+00
60	 1.4000e-02	-1.4000e-02	 4.2366e+00	 6.7896e+00
61	 1.5000e-02	-1.4000e-02	 4.4253e+00	 5.8184e+00
62	-1.5000e-02	-1.3000e-02	 4.5387e+00	 5.8235e+00
63	-1.4000e-02	-1.3000e-02	 4.5029e+00	 6.2921e+00
64	-1.3000e-02	-1.3000e-02	 4.4897e+00	 7.0439e+00
65	-1.2000e-02	-1.3000e-02	 4.1712e+00	 2.0905e+00
66	-1.1000e-02	-1.3000e-02	 4.8947e+00	 2.4839e+00
67	-1.0000e-02	-1.3000e-02	 5.2031e+00	 2.8886e+00
68	-9.0000e-03	-1.3000e-02	 5.5015e+00	 3.6032e+00
69	-8.0000e-03	-1.3000e-02	 5.6133e+00	 4.4661e+00
70	-7.0000e-03	-1.3000e-02	 5.6182e+00	 5.1777e+00
71	-6.0000e-03	-1.3000e-02	 5.6606e+00	 6.1097e+00
72	-5.0000e-03	-1.3000e-02	 5.8125e+00	 6.7263e+00
73	-4.0000e-03	-1.3000e-02	 5.9220e+00	 7.2388e+00
74	-3.0000e-03	-1.3000e-02	 5.9890e+00	 7.6809e+00
75	-2.0000e-03	-1.3000e-02	 6.0087e+00	 7.9502e+00
76	-1.0000e-03	-1.3000e-02	 5.9979e+00	 8.2302e+00
77	 0.0000e+00	-1.3000e-02	 5.9953e+00	 8.3979e+00
78	 1.0000e-03	-1.3000e-02	 5.9972e+00	 8.4728e+00
79	 2.0000e-03	-1.3000e-02	 6.0018e+00	 8.2828e+00
80	 3.0000e-03	-1.3000e-02	 6.0620e+00	 8.1112e+00
81	 4.0000e-03	-1.3000e-02	 6.0482e+00	 7.9574e+00
82	 5.0000e-03	-1.3000e-02	 5.9456e+00	 7.5955e+00
83	 6.0000e-03	-1.3000e-02	 5.8825e+00	 7.2513e+00
84	 7.0000e-03	-1.3000e-02	 5.7448e+00	 6.5649e+00
85	 8.0000e-03	-1.3000e-02	 5.6498e+00	 5.9256e+00
86	 9.0000e-03	-1.3000e-02	 5.5837e+00	 5.0045e+00
87	 1.0000e-02	-1.3000e-02	 5.5360e+00	 4.0673e+00
88	 1.1000e-02	-1.3000e-02	 5.3947e+00	 3.4858e+00
89	 1.2000e-02	-1.3000e-02	 5.1202e+00	 2.9418e+00
90	 1.3000e-02	-1.3000e-02	 4.7668e+00	 2.1237e+00
91	 1.4000e-02	-1.3000e-02	 4.5371e+00	 2.2147e+00
92	 1.5000e-02	-1.3000e-02	 4.2291e+00	 5.6409e+00
93	-1.5000e-02	-1.2000e-02	 4.6426e+00	 6.0078e+00
94	-1.4000e-02	-1.2000e-02	 4.5068e+00	 6.8420e+00
95	-1.3000e-02	-1.2000e-02	 4.1890e+00	 6.4256e+00
96	-1.2000e-02	-1.2000e-02	 4.6304e+00	 1.7604e+00
97	-1.1000e-02	-1.2000e-02	 5.1929e+00	 3.0743e+00
98	-1.0000e-02	-1.2000e-02	 5.5311e+00	 3.7991e+00
99	-9.0000e-03	-1.2000e-02	 5.6284e+00	 4.5834e+00
100	-8.0000e-03	-1.2000e-02	 5.6797e+00	 5.4134e+00
101	-7.0000e-03	-1.2000e-02	 5.6807e+00	 6.3020e+00
102	-6.0000e-03	-1.2000e-02	 5.8059e+00	 7.1208e+00
103	-5.0000e-03	-1.2000e-02	 5.9354e+00	 7.8026e+00
104	-4.0000e-03	-1.2000e-02	 6.0087e+00	 8.3489e+00
105	-3.0000e-03	-1.2000e-02	 6.0107e+00	 8.7802e+00
106	-2.0000e-03	-1.2000e-02	 6.0196e+00	 9.1891e+00
107	-1.0000e-03	-1.2000e-02	 6.0396e+00	 9.5481e+00
108	 0.0000e+00	-1.2000e-02	 6.0577e+00	 9.7131e+00
109	 1.0000e-03	-1.2000e-02	 6.0117e+00	 9.7864e+00
110	 2.0000e-03	-1.2000e-02	 6.0150e+00	 9.6806e+00
111	 3.0000e-03	-1.2000e-02	 6.0347e+00	 9.4008e+00
112	 4.0000e-03	-1.2000e-02	 6.0413e+00	 9.1224e+00
113	 5.0000e-03	-1.2000e-02	 6.0022e+00	 8.6888e+00
114	 6.0000e-03	-1.2000e-02	 5.9414e+00	 8.2181e+00
115	 7.0000e-03	-1.2000e-02	 5.8536e+00	 7.6103e+00
116	 8.0000e-03	-1.2000e-02	 5.7459e+00	 6.9413e+00
117	 9.0000e-03	-1.2000e-02	 5.6406e+00	 6.1376e+00
118	 1.0000e-02	-1.2000e-02	 5.5854e+00	 5.1429e+00
119	 1.1000e-02	-1.2000e-02	 5.5831e+00	 4.3619e+00
120	 1.2000e-02	-1.2000e-02	 5.3875e+00	 3.7514e+00
121	 1.3000e-02	-1.2000e-02	 5.0032e+00	 2.9971e+00
122	 1.4000e-02	-1.2000e-02	 4.6534e+00	 2.2752e+00
123	 1.5000e-02	-1.2000e-02	 4.3533e+00	 4.1323e+00
124	-1.5000e-02	-1.1000e-02	 4.6758e+00	 6.5235e+00
125	-1.4000e-02	-1.1000e-02	 4.4966e+00	 7.7263e+00
126	-1.3000e-02	-1.1000e-02	 4.3510e+00	 2.5490e+00
127	-1.2000e-02	-1.1000e-02	 5.0150e+00	 2.8531e+00
128	-1.1000e-02	-1.1000e-02	 5.4535e+00	 3.7846e+00
129	-1.0000e-02	-1.1000e-02	 5.6324e+00	 4.6054e+00
130	-9.0000e-03	-1.1000e-02	 5.6794e+00	 5.4292e+00
131	-8.0000e-03	-1.1000e-02	 5.6854e+00	 6.4201e+00
132	-7.0000e-03	-1.1000e-02	 5.7579e+00	 7.3673e+00
133	-6.0000e-03	-1.1000e-02	 5.8868e+00	 8.1931e+00
134	-5.0000e-03	-1.1000e-02	 6.0035e+00	 8.8814e+00
135	-4.0000e-03	-1.1000e-02	 6.0337e+00	 9.4580e+00
136	-3.0000e-03	-1.1000e-02	 6.0620e+00	 9.6740e+00
137	-2.0000e-03	-1.1000e-02	 6.0863e+00	 4.3704e-01
138	-1.0000e-03	-1.1000e-02	 6.1501e+00	 8.3150e-01
139	 0.0000e+00	-1.1000e-02	 6.2290e+00	 1.0770e+00
140	 1.0000e-03	-1.1000e-02	 6.2014e+00	 1.1171e+00
141	 2.0000e-03	-1.1000e-02	 6.1494e+00	 9.8205e-01
142	 3.0000e-03	-1.1000e-02	 6.1143e+00	 6.7273e-01
143	 4.0000e-03	-1.1000e-02	 6.0673e+00	 3.7722e-01
144	 5.0000e-03	-1.1000e-02	 5.9874e+00	 9.7079e+00
145	 6.0000e-03	-1.1000e-02	 5.9522e+00	 9.3081e+00
146	 7.0000e-03	-1.1000e-02	 5.9012e+00	 8.5527e+00
147	 8.0000e-03	-1.1000e-02	 5.8302e+00	 7.8322e+00
148	 9.0000e-03	-1.1000e-02	 5.7435e+00	 7.1954e+00
149	 1.0000e-02	-1.1000e-02	 5.6235e+00	 6.3184e+00
150	 1.1000e-02	-1.1000e-02	 5.5827e+00	 5.2211e+00
151	 1.2000e-02	-1.1000e-02	 5.5275e+00	 4.3990e+00
152	 1.3000e-02	-1.1000e-02	 5.2948e+00	 3.7104e+00
153	 1.4000e-02	-1.1000e-02	 4.8747e+00	 2.7614e+00
154	 1.5000e-02	-1.1000e-02	 4.4477e+00	 2.2558e+00
155	-1.5000e-02	-1.0000e-02	 4.6679e+00	 7.1565e+00
156	-1.4000e-02	-1.0000e-02	 4.2036e+00	 6.6685e+00
157	-1.3000e-02	-1.0000e-02	 4.7590e+00	 2.6861e+00
158	-1.2000e-02	-1.0000e-02	 5.4157e+00	 3.6374e+00
159	-1.1000e-02	-1.0000e-02	 5.5854e+00	 4.4587e+00
160	-1.0000e-02	-1.0000e-02	 5.7050e+00	 5.3967e+00
161	-9.0000e-03	-1.0000e-02	 5.7260e+00	 6.3588e+00
162	-8.0000e-03	-1.0000e-02	 5.7652e+00	 7.3108e+00
163	-7.0000e-03	-1.0000e-02	 5.8740e+00	 8.2036e+00
164	-6.0000e-03	-1.0000e-02	 5.9686e+00	 9.1375e+00
165	-5.0000e-03	-1.0000e-02	 6.0518e+00	 9.8387e+00
166	-4.0000e-03	-1.0000e-02	 6.1333e+00	 4.4526e-01
167	-3.0000e-03	-1.0000e-02	 6.2089e+00	 1.0074e+00
168	-2.0000e-03	-1.0000e-02	 6.3092e+00	 1.4991e+00
169	-1.0000e-03	-1.0000e-02	 6.3999e+00	 1.7897e+00
170	 0.0000e+00	-1.0000e-02	 6.4683e+00	 2.0162e+00
171	 1.0000e-03	-1.0000e-02	 6.4131e+00	 2.0977e+00
172	 2.0000e-03	-1.0000e-02	 6.3661e+00	 1.9863e+00
173	 3.0000e-03	-1.0000e-02	 6.3085e+00	 1.7463e+00
174	 4.0000e-03	-1.0000e-02	 6.2415e+00	 1.4375e+00
175	 5.0000e-03	-1.0000e-02	 6.0932e+00	 9.5378e-01
176	 6.0000e-03	-1.0000e-02	 5.9956e+00	 3.1345e-01
177	 7.0000e-03	-1.0000e-02	 5.8940e+00	 9.5349e+00
178	 8.0000e-03	-1.0000e-02	 5.8546e+00	 8.7371e+00
179	 9.0000e-03	-1.0000e-02	 5.8266e+00	 7.9738e+00
180	 1.0000e-02	-1.0000e-02	 5.7063e+00	 7.0672e+00
181	 1.1000e-02	-1.0000e-02	 5.6376e+00	 6.1636e+00
182	 1.2000e-02	-1.0000e-02	 5.5482e+00	 5.2057e+00
183	 1.3000e-02	-1.0000e-02	 5.4736e+00	 4.2064e+00
184	 1.4000e-02	-1.0000e-02	 5.1856e+00	 3.4638e+00
185	 1.5000e-02	-1.0000e-02	 4.8086e+00	 2.5161e+00
186	-1.5000e-02	-9.0000e-03	 4.5164e+00	 7.6264e+00
187	-1.4000e-02	-9.0000e-03	 4.2583e+00	 2.5327e+00
188	-1.3000e-02	-9.0000e-03	 5.1067e+00	 3.2722e+00
189	-1.2000e-02	-9.0000e-03	 5.5153e+00	 4.1992e+00
190	-1.1000e-02	-9.0000e-03	 5.7421e+00	 5.1823e+00
191	-1.0000e-02	-9.0000e-03	 5.7947e+00	 6.1751e+00
192	-9.0000e-03	-9.0000e-03	 5.8148e+00	 7.0015e+00
193	-8.0000e-03	-9.0000e-03	 5.8792e+00	 8.0438e+00
194	-7.0000e-03	-9.0000e-03	 5.9739e+00	 9.0445e+00
195	-6.0000e-03	-9.0000e-03	 6.0465e+00	 3.3120e-01
196	-5.0000e-03	-9.0000e-03	 6.1692e+00	 8.0684e-01
197	-4.0000e-03	-9.0000e-03	 6.2888e+00	 1.3512e+00
198	-3.0000e-03	-9.0000e-03	 6.3822e+00	 1.9047e+00
199	-2.0000e-03	-9.0000e-03	 6.4604e+00	 2.3442e+00
200	-1.0000e-03	-9.0000e-03	 6.5708e+00	 2.5822e+00
201	 0.0000e+00	-9.0000e-03	 6.6320e+00	 2.7430e+00
202	 1.0000e-03	-9.0000e-03	 6.5899e+00	 2.8015e+00
203	 2.0000e-03	-9.0000e-03	 6.5324e+00	 2.7055e+00
204	 3.0000e-03	-9.0000e-03	 6.5021e+00	 2.5454e+00
205	 4.0000e-03	-9.0000e-03	 6.4029e+00	 2.2962e+00
206	 5.0000e-03	-9.0000e-03	 6.2697e+00	 1.8630e+00
207	 6.0000e-03	-9.0000e-03	 6.1484e+00	 1.2299e+00
208	 7.0000e-03	-9.0000e-03	 5.9992e+00	 5.4322e-01
209	 8.0000e-03	-9.0000e-03	 5.9298e+00	 9.5675e+00
210	 9.0000e-03	-9.0000e-03	 5.8536e+00	 8.7427e+00
211	 1.0000e-02	-9.0000e-03	 5.8227e+00	 7.8026e+00
212	 1.1000e-02	-9.0000e-03	 5.7425e+00	 6.9617e+00
213	 1.2000e-02	-9.0000e-03	 5.6189e+00	 5.9259e+00
214	 1.3000e-02	-9.0000e-03	 5.5426e+00	 4.9391e+00
215	 1.4000e-02	-9.0000e-03	 5.4203e+00	 3.9763e+00
216	 1.5000e-02	-9.0000e-03	 5.0532e+00	 3.0973e+00
217	-1.5000e-02	-8.0000e-03	 4.1962e+00	 8.0613e+00
218	-1.4000e-02	-8.0000e-03	 4.7267e+00	 2.7226e+00
219	-1.3000e-02	-8.0000e-03	 5.3595e+00	 3.7261e+00
220	-1.2000e-02	-8.0000e-03	 5.6718e+00	 4.8152e+00
221	-1.1000e-02	-8.0000e-03	 5.8092e+00	 5.8062e+00
222	-1.0000e-02	-8.0000e-03	 5.9062e+00	 6.7516e+00
223	-9.0000e-03	-8.0000e-03	 5.8947e+00	 7.6438e+00
224	-8.0000e-03	-8.0000e-03	 5.9193e+00	 8.6967e+00
225	-7.0000e-03	-8.0000e-03	 6.0452e+00	 9.7430e+00
226	-6.0000e-03	-8.0000e-03	 6.2178e+00	 7.8186e-01
227	-5.0000e-03	-8.0000e-03	 6.3358e+00	 1.4860e+00
228	-4.0000e-03	-8.0000e-03	 6.4502e+00	 2.0783e+00
229	-3.0000e-03	-8.0000e-03	 6.5140e+00	 2.6292e+00
230	-2.0000e-03	-8.0000e-03	 6.5952e+00	 3.0148e+00
231	-1.0000e-03	-8.0000e-03	 6.7161e+00	 3.2623e+00
232	 0.0000e+00	-8.0000e-03	 6.7766e+00	 3.4319e+00
233	 1.0000e-03	-8.0000e-03	 6.7428e+00	 3.4467e+00
234	 2.0000e-03	-8.0000e-03	 6.7027e+00	 3.3711e+00
235	 3.0000e-03	-8.0000e-03	 6.6639e+00	 3.3018e+00
236	 4.0000e-03	-8.0000e-03	 6.5238e+00	 3.0743e+00
237	 5.0000e-03	-8.0000e-03	 6.3963e+00	 2.5720e+00
238	 6.0000e-03	-8.0000e-03	 6.3151e+00	 2.0132e+00
239	 7.0000e-03	-8.0000e-03	 6.1429e+00	 1.3111e+00
240	 8.0000e-03	-8.0000e-03	 6.0147e+00	 4.9523e-01
241	 9.0000e-03	-8.0000e-03	 5.9009e+00	 9.5448e+00
242	 1.0000e-02	-8.0000e-03	 5.8569e+00	 8.3946e+00
243	 1.1000e-02	-8.0000e-03	 5.7954e+00	 7.5258e+00
244	 1.2000e-02	-8.0000e-03	 5.7431e+00	 6.5501e+00
245	 1.3000e-02	-8.0000e-03	 5.6794e+00	 5.5607e+00
246	 1.4000e-02	-8.0000e-03	 5.5298e+00	 4.5331e+00
247	 1.5000e-02	-8.0000e-03	 5.3112e+00	 3.5933e+00
248	-1.5000e-02	-7.0000e-03	 4.3862e+00	 2.3340e+00
249	-1.4000e-02	-7.0000e-03	 5.0127e+00	 2.9662e+00
250	-1.3000e-02	-7.0000e-03	 5.5282e+00	 4.1551e+00
251	-1.2000e-02	-7.0000e-03	 5.7510e+00	 5.3441e+00
252	-1.1000e-02	-7.0000e-03	 5.8273e+00	 6.3092e+00
253	-1.0000e-02	-7.0000e-03	 5.8950e+00	 7.1839e+00
254	-9.0000e-03	-7.0000e-03	 5.8796e+00	 8.1711e+00
255	-8.0000e-03	-7.0000e-03	 5.9200e+00	 9.4357e+00
256	-7.0000e-03	-7.0000e-03	 6.0998e+00	 5.7839e-01
257	-6.0000e-03	-7.0000e-03	 6.3204e+00	 1.4774e+00
258	-5.0000e-03	-7.0000e-03	 6.4551e+00	 2.1684e+00
259	-4.0000e-03	-7.0000e-03	 6.5547e+00	 2.7650e+00
260	-3.0000e-03	-7.0000e-03	 6.6382e+00	 3.2104e+00
261	-2.0000e-03	-7.0000e-03	 6.7122e+00	 3.5499e+00
262	-1.0000e-03	-7.0000e-03	 6.8378e+00	 3.8665e+00
263	 0.0000e+00	-7.0000e-03	 6.8703e+00	 4.0864e+00
264	 1.0000e-03	-7.0000e-03	 6.8598e+00	 4.1817e+00
265	 2.0000e-03	-7.0000e-03	 6.8223e+00	 4.0802e+00
266	 3.0000e-03	-7.0000e-03	 6.7625e+00	 3.9174e+00
267	 4.0000e-03	-7.0000e-03	 6.6185e+00	 3.6173e+00
268	 5.0000e-03	-7.0000e-03	 6.5189e+00	 3.1979e+00
269	 6.0000e-03	-7.0000e-03	 6.4374e+00	 2.7058e+00
270	 7.0000e-03	-7.0000e-03	 6.2806e+00	 2.0428e+00
271	 8.0000e-03	-7.0000e-03	 6.0617e+00	 1.2230e+00
272	 9.0000e-03	-7.0000e-03	 5.9282e+00	 2.7795e-01
273	 1.0000e-02	-7.0000e-03	 5.8325e+00	 9.0825e+00
274	 1.1000e-02	-7.0000e-03	 5.8483e+00	 7.9495e+00
275	 1.2000e-02	-7.0000e-03	 5.7951e+00	 7.0738e+00
276	 1.3000e-02	-7.0000e-03	 5.7576e+00	 6.0659e+00
277	 1.4000e-02	-7.0000e-03	 5.5965e+00	 5.1353e+00
278	 1.5000e-02	-7.0000e-03	 5.4029e+00	 4.1630e+00
279	-1.5000e-02	-6.0000e-03	 4.4391e+00	 2.3123e+00
280	-1.4000e-02	-6.0000e-03	 5.2014e+00	 3.4313e+00
281	-1.3000e-02	-6.0000e-03	 5.5842e+00	 4.6774e+00
282	-1.2000e-02	-6.0000e-03	 5.7504e+00	 5.7080e+00
283	-1.1000e-02	-6.0000e-03	 5.8533e+00	 6.7516e+00
284	-1.0000e-02	-6.0000e-03	 5.9137e+00	 7.6546e+00
285	-9.0000e-03	-6.0000e-03	 5.8894e+00	 8.6816e+00
286	-8.0000e-03	-6.0000e-03	 6.0048e+00	 2.7696e-01
287	-7.0000e-03	-6.0000e-03	 6.2201e+00	 1.1116e+00
288	-6.0000e-03	-6.0000e-03	 6.4272e+00	 1.9662e+00
289	-5.0000e-03	-6.0000e-03	 6.5399e+00	 2.7183e+00
290	-4.0000e-03	-6.0000e-03	 6.6241e+00	 3.2643e+00
291	-3.0000e-03	-6.0000e-03	 6.7092e+00	 3.7143e+00
292	-2.0000e-03	-6.0000e-03	 6.8338e+00	 4.0802e+00
293	-1.0000e-03	-6.0000e-03	 6.9239e+00	 4.4033e+00
294	 0.0000e+00	-6.0000e-03	 6.9653e+00	 4.6732e+00
295	 1.0000e-03	-6.0000e-03	 6.9393e+00	 4.7853e+00
296	 2.0000e-03	-6.0000e-03	 6.9002e+00	 4.6603e+00
297	 3.0000e-03	-6.0000e-03	 6.8486e+00	 4.4631e+00
298	 4.0000e-03	-6.0000e-03	 6.7253e+00	 4.0877e+00
299	 5.0000e-03	-6.0000e-03	 6.6057e+00	 3.7133e+00
300	 6.0000e-03	-6.0000e-03	 6.4969e+00	 3.2784e+00
301	 7.0000e-03	-6.0000e-03	 6.3657e+00	 2.5816e+00
302	 8.0000e-03	-6.0000e-03	 6.1711e+00	 1.7534e+00
303	 9.0000e-03	-6.0000e-03	 5.9736e+00	 7.8252e-01
304	 1.0000e-02	-6.0000e-03	 5.8099e+00	 9.6020e+00
305	 1.1000e-02	-6.0000e-03	 5.8763e+00	 8.4344e+00
306	 1.2000e-02	-6.0000e-03	 5.8858e+00	 7.3578e+00
307	 1.3000e-02	-6.0000e-03	 5.8053e+00	 6.5153e+00
308	 1.4000e-02	-6.0000e-03	 5.6843e+00	 5.5850e+00
309	 1.5000e-02	-6.0000e-03	 5.5137e+00	 4.5627e+00
310	-1.5000e-02	-5.0000e-03	 4.6978e+00	 2.6512e+00
311	-1.4000e-02	-5.0000e-03	 5.2852e+00	 4.1038e+00
312	-1.3000e-02	-5.0000e-03	 5.6554e+00	 5.2441e+00
313	-1.2000e-02	-5.0000e-03	 5.8332e+00	 6.1106e+00
314	-1.1000e-02	-5.0000e-03	 5.9029e+00	 7.0975e+00
315	-1.0000e-02	-5.0000e-03	 5.9233e+00	 8.0291e+00
316	-9.0000e-03	-5.0000e-03	 5.9226e+00	 9.2539e+00
317	-8.0000e-03	-5.0000e-03	 6.0814e+00	 5.8989e-01
318	-7.0000e-03	-5.0000e-03	 6.3144e+00	 1.5307e+00
319	-6.0000e-03	-5.0000e-03	 6.4765e+00	 2.3781e+00
320	-5.0000e-03	-5.0000e-03	 6.5863e+00	 3.0796e+00
321	-4.0000e-03	-5.0000e-03	 6.6642e+00	 3.6831e+00
322	-3.0000e-03	-5.0000e-03	 6.7783e+00	 4.1439e+00
323	-2.0000e-03	-5.0000e-03	 6.9216e+00	 4.5144e+00
324	-1.0000e-03	-5.0000e-03	 7.0094e+00	 4.8434e+00
325	 0.0000e+00	-5.0000e-03	 7.0485e+00	 5.0873e+00
326	 1.0000e-03	-5.0000e-03	 7.0169e+00	 5.2080e+00
327	 2.0000e-03	-5.0000e-03	 6.9771e+00	 5.0604e+00
328	 3.0000e-03	-5.0000e-03	 6.9351e+00	 4.8540e+00
329	 4.0000e-03	-5.0000e-03	 6.8259e+00	 4.5627e+00
330	 5.0000e-03	-5.0000e-03	 6.6678e+00	 4.1850e+00
331	 6.0000e-03	-5.0000e-03	 6.5455e+00	 3.7179e+00
332	 7.0000e-03	-5.0000e-03	 6.4081e+00	 3.0339e+00
333	 8.0000e-03	-5.0000e-03	 6.2526e+00	 2.2226e+00
334	 9.0000e-03	-5.0000e-03	 6.0659e+00	 1.2361e+00
335	 1.0000e-02	-5.0000e-03	 5.8279e+00	 3.0622e-01
336	 1.1000e-02	-5.0000e-03	 5.8325e+00	 8.8624e+00
337	 1.2000e-02	-5.0000e-03	 5.8845e+00	 7.7178e+00
338	 1.3000e-02	-5.0000e-03	 5.8937e+00	 6.8657e+00
339	 1.4000e-02	-5.0000e-03	 5.7977e+00	 5.8851e+00
340	 1.5000e-02	-5.0000e-03	 5.7201e+00	 4.9375e+00
341	-1.5000e-02	-4.0000e-03	 4.8217e+00	 3.1765e+00
342	-1.4000e-02	-4.0000e-03	 5.4082e+00	 4.2909e+00
343	-1.3000e-02	-4.0000e-03	 5.7195e+00	 5.3171e+00
344	-1.2000e-02	-4.0000e-03	 5.8894e+00	 6.4098e+00
345	-1.1000e-02	-4.0000e-03	 5.9312e+00	 7.3535e+00
346	-1.0000e-02	-4.0000e-03	 5.9308e+00	 8.3601e+00
347	-9.0000e-03	-4.0000e-03	 6.0094e+00	 9.7598e+00
348	-8.0000e-03	-4.0000e-03	 6.1833e+00	 1.0067e+00
349	-7.0000e-03	-4.0000e-03	 6.3973e+00	 1.9596e+00
350	-6.0000e-03	-4.0000e-03	 6.5695e+00	 2.7623e+00
351	-5.0000e-03	-4.0000e-03	 6.6254e+00	 3.4204e+00
352	-4.0000e-03	-4.0000e-03	 6.6895e+00	 4.0115e+00
353	-3.0000e-03	-4.0000e-03	 6.8414e+00	 4.4707e+00
354	-2.0000e-03	-4.0000e-03	 7.0077e+00	 4.8540e+00
355	-1.0000e-03	-4.0000e-03	 7.1047e+00	 5.1613e+00
356	 0.0000e+00	-4.0000e-03	 7.1313e+00	 5.3467e+00
357	 1.0000e-03	-4.0000e-03	 7.0942e+00	 5.4075e+00
358	 2.0000e-03	-4.0000e-03	 7.0708e+00	 5.3092e+00
359	 3.0000e-03	-4.0000e-03	 7.0357e+00	 5.1363e+00
360	 4.0000e-03	-4.0000e-03	 6.9048e+00	 4.8921e+00
361	 5.0000e-03	-4.0000e-03	 6.7283e+00	 4.5009e+00
362	 6.0000e-03	-4.0000e-03	 6.5636e+00	 4.0719e+00
363	 7.0000e-03	-4.0000e-03	 6.4860e+00	 3.4766e+00
364	 8.0000e-03	-4.0000e-03	 6.3766e+00	 2.6476e+00
365	 9.0000e-03	-4.0000e-03	 6.1402e+00	 1.6030e+00
366	 1.0000e-02	-4.0000e-03	 5.9111e+00	 5.2777e-01
367	 1.1000e-02	-4.0000e-03	 5.8135e+00	 9.2628e+00
368	 1.2000e-02	-4.0000e-03	 5.8460e+00	 8.0695e+00
369	 1.3000e-02	-4.0000e-03	 5.8786e+00	 7.0692e+00
370	 1.4000e-02	-4.0000e-03	 5.8723e+00	 6.1764e+00
371	 1.5000e-02	-4.0000e-03	 5.8056e+00	 5.1777e+00
372	-1.5000e-02	-3.0000e-03	 4.8408e+00	 3.5335e+00
373	-1.4000e-02	-3.0000e-03	 5.4996e+00	 4.6686e+00
374	-1.3000e-02	-3.0000e-03	 5.8059e+00	 5.5587e+00
375	-1.2000e-02	-3.0000e-03	 5.9440e+00	 6.6566e+00
376	-1.1000e-02	-3.0000e-03	 5.9831e+00	 7.5600e+00
377	-1.0000e-02	-3.0000e-03	 5.9394e+00	 8.6697e+00
378	-9.0000e-03	-3.0000e-03	 6.0452e+00	 2.8123e-01
379	-8.0000e-03	-3.0000e-03	 6.2786e+00	 1.3571e+00
380	-7.0000e-03	-3.0000e-03	 6.4867e+00	 2.1943e+00
381	-6.0000e-03	-3.0000e-03	 6.6514e+00	 2.9642e+00
382	-5.0000e-03	-3.0000e-03	 6.6573e+00	 3.6456e+00
383	-4.0000e-03	-3.0000e-03	 6.7125e+00	 4.1745e+00
384	-3.0000e-03	-3.0000e-03	 6.8782e+00	 4.6344e+00
385	-2.0000e-03	-3.0000e-03	 7.0485e+00	 5.0808e+00
386	-1.0000e-03	-3.0000e-03	 7.1527e+00	 5.3704e+00
387	 0.0000e+00	-3.0000e-03	 7.1846e+00	 5.5413e+00
388	 1.0000e-03	-3.0000e-03	 7.1616e+00	 5.5834e+00
389	 2.0000e-03	-3.0000e-03	 7.1524e+00	 5.4881e+00
390	 3.0000e-03	-3.0000e-03	 7.0984e+00	 5.3576e+00
391	 4.0000e-03	-3.0000e-03	 6.9232e+00	 5.0680e+00
392	 5.0000e-03	-3.0000e-03	 6.7280e+00	 4.6728e+00
393	 6.0000e-03	-3.0000e-03	 6.5856e+00	 4.3001e+00
394	 7.0000e-03	-3.0000e-03	 6.5521e+00	 3.7097e+00
395	 8.0000e-03	-3.0000e-03	 6.4693e+00	 2.9767e+00
396	 9.0000e-03	-3.0000e-03	 6.2596e+00	 1.9751e+00
397	 1.0000e-02	-3.0000e-03	 6.0285e+00	 8.7768e-01
398	 1.1000e-02	-3.0000e-03	 5.8316e+00	 9.6950e+00
399	 1.2000e-02	-3.0000e-03	 5.8352e+00	 8.2388e+00
400	 1.3000e-02	-3.0000e-03	 5.8680e+00	 7.3335e+00
401	 1.4000e-02	-3.0000e-03	 5.9032e+00	 6.3618e+00
402	 1.5000e-02	-3.0000e-03	 5.8441e+00	 5.2599e+00
403	-1.5000e-02	-2.0000e-03	 4.9115e+00	 3.8254e+00
404	-1.4000e-02	-2.0000e-03	 5.4890e+00	 4.7803e+00
405	-1.3000e-02	-2.0000e-03	 5.8542e+00	 5.7842e+00
406	-1.2000e-02	-2.0000e-03	 6.0291e+00	 6.7188e+00
407	-1.1000e-02	-2.0000e-03	 5.9828e+00	 7.6612e+00
408	-1.0000e-02	-2.0000e-03	 5.9167e+00	 8.8762e+00
409	-9.0000e-03	-2.0000e-03	 6.0837e+00	 4.0417e-01
410	-8.0000e-03	-2.0000e-03	 6.3664e+00	 1.5389e+00
411	-7.0000e-03	-2.0000e-03	 6.5337e+00	 2.3505e+00
412	-6.0000e-03	-2.0000e-03	 6.6573e+00	 3.0904e+00
413	-5.0000e-03	-2.0000e-03	 6.6658e+00	 3.6995e+00
414	-4.0000e-03	-2.0000e-03	 6.7214e+00	 4.2613e+00
415	-3.0000e-03	-2.0000e-03	 6.8874e+00	 4.7701e+00
416	-2.0000e-03	-2.0000e-03	 7.0485e+00	 5.1938e+00
417	-1.0000e-03	-2.0000e-03	 7.1514e+00	 5.4811e+00
418	 0.0000e+00	-2.0000e-03	 7.1911e+00	 5.6715e+00
419	 1.0000e-03	-2.0000e-03	 7.1701e+00	 5.7168e+00
420	 2.0000e-03	-2.0000e-03	 7.1806e+00	 5.6255e+00
421	 3.0000e-03	-2.0000e-03	 7.1123e+00	 5.4588e+00
422	 4.0000e-03	-2.0000e-03	 6.9259e+00	 5.1820e+00
423	 5.0000e-03	-2.0000e-03	 6.7283e+00	 4.7938e+00
424	 6.0000e-03	-2.0000e-03	 6.5856e+00	 4.4036e+00
425	 7.0000e-03	-2.0000e-03	 6.5824e+00	 3.8543e+00
426	 8.0000e-03	-2.0000e-03	 6.5446e+00	 3.1519e+00
427	 9.0000e-03	-2.0000e-03	 6.3125e+00	 2.1289e+00
428	 1.0000e-02	-2.0000e-03	 6.1143e+00	 1.1365e+00
429	 1.1000e-02	-2.0000e-03	 5.8391e+00	 9.4641e+00
430	 1.2000e-02	-2.0000e-03	 5.8342e+00	 8.5244e+00
431	 1.3000e-02	-2.0000e-03	 5.8125e+00	 7.4078e+00
432	 1.4000e-02	-2.0000e-03	 5.9029e+00	 6.4213e+00
433	 1.5000e-02	-2.0000e-03	 5.9131e+00	 5.3878e+00
434	-1.5000e-02	-1.0000e-03	 4.9937e+00	 4.0726e+00
435	-1.4000e-02	-1.0000e-03	 5.5706e+00	 4.9089e+00
436	-1.3000e-02	-1.0000e-03	 5.8138e+00	 5.7566e+00
437	-1.2000e-02	-1.0000e-03	 6.0061e+00	 6.7655e+00
438	-1.1000e-02	-1.0000e-03	 5.9989e+00	 7.7255e+00
439	-1.0000e-02	-1.0000e-03	 5.9578e+00	 8.9732e+00
440	-9.0000e-03	-1.0000e-03	 6.0886e+00	 4.0713e-01
441	-8.0000e-03	-1.0000e-03	 6.3611e+00	 1.6227e+00
442	-7.0000e-03	-1.0000e-03	 6.5288e+00	 2.4474e+00
443	-6.0000e-03	-1.0000e-03	 6.6451e+00	 3.1719e+00
444	-5.0000e-03	-1.0000e-03	 6.6599e+00	 3.7906e+00
445	-4.0000e-03	-1.0000e-03	 6.7260e+00	 4.3803e+00
446	-3.0000e-03	-1.0000e-03	 6.8838e+00	 4.8635e+00
447	-2.0000e-03	-1.0000e-03	 7.0304e+00	 5.2974e+00
448	-1.0000e-03	-1.0000e-03	 7.1300e+00	 5.5426e+00
449	 0.0000e+00	-1.0000e-03	 7.1760e+00	 5.7106e+00
450	 1.0000e-03	-1.0000e-03	 7.1701e+00	 5.7254e+00
451	 2.0000e-03	-1.0000e-03	 7.1698e+00	 5.6721e+00
452	 3.0000e-03	-1.0000e-03	 7.1053e+00	 5.5272e+00
453	 4.0000e-03	-1.0000e-03	 6.9331e+00	 5.2599e+00
454	 5.0000e-03	-1.0000e-03	 6.7421e+00	 4.8599e+00
455	 6.0000e-03	-1.0000e-03	 6.5942e+00	 4.4911e+00
456	 7.0000e-03	-1.0000e-03	 6.5939e+00	 3.9615e+00
457	 8.0000e-03	-1.0000e-03	 6.5524e+00	 3.2725e+00
458	 9.0000e-03	-1.0000e-03	 6.3158e+00	 2.2887e+00
459	 1.0000e-02	-1.0000e-03	 6.0965e+00	 1.2230e+00
460	 1.1000e-02	-1.0000e-03	 5.8851e+00	 2.8781e-01
461	 1.2000e-02	-1.0000e-03	 5.7777e+00	 8.6030e+00
462	 1.3000e-02	-1.0000e-03	 5.8043e+00	 7.4801e+00
463	 1.4000e-02	-1.0000e-03	 5.9174e+00	 6.3618e+00
464	 1.5000e-02	-1.0000e-03	 5.9003e+00	 5.4029e+00
465	-1.5000e-02	 0.0000e+00	 4.9720e+00	 4.3395e+00
466	-1.4000e-02	 0.0000e+00	 5.5768e+00	 4.8638e+00
467	-1.3000e-02	 0.0000e+00	 5.8703e+00	 5.6605e+00
468	-1.2000e-02	 0.0000e+00	 5.9709e+00	 6.6261e+00
469	-1.1000e-02	 0.0000e+00	 5.9391e+00	 7.7053e+00
470	-1.0000e-02	 0.0000e+00	 5.9338e+00	 8.9472e+00
471	-9.0000e-03	 0.0000e+00	 6.0314e+00	 4.5808e-01
472	-8.0000e-03	 0.0000e+00	 6.3283e+00	 1.6454e+00
473	-7.0000e-03	 0.0000e+00	 6.5028e+00	 2.4701e+00
474	-6.0000e-03	 0.0000e+00	 6.6096e+00	 3.2147e+00
475	-5.0000e-03	 0.0000e+00	 6.6658e+00	 3.8359e+00
476	-4.0000e-03	 0.0000e+00	 6.7451e+00	 4.3987e+00
477	-3.0000e-03	 0.0000e+00	 6.8789e+00	 4.9144e+00
478	-2.0000e-03	 0.0000e+00	 7.0209e+00	 5.3253e+00
479	-1.0000e-03	 0.0000e+00	 7.1172e+00	 5.5400e+00
480	 0.0000e+00	 0.0000e+00	 7.1524e+00	 5.6787e+00
481	 1.0000e-03	 0.0000e+00	 7.1478e+00	 5.7142e+00
482	 2.0000e-03	 0.0000e+00	 7.1448e+00	 5.6366e+00
483	 3.0000e-03	 0.0000e+00	 7.0922e+00	 5.5364e+00
484	 4.0000e-03	 0.0000e+00	 6.9315e+00	 5.3079e+00
485	 5.0000e-03	 0.0000e+00	 6.7487e+00	 4.9565e+00
486	 6.0000e-03	 0.0000e+00	 6.6083e+00	 4.5584e+00
487	 7.0000e-03	 0.0000e+00	 6.5676e+00	 4.0184e+00
488	 8.0000e-03	 0.0000e+00	 6.4949e+00	 3.2179e+00
489	 9.0000e-03	 0.0000e+00	 6.3046e+00	 2.2361e+00
490	 1.0000e-02	 0.0000e+00	 6.0889e+00	 1.1845e+00
491	 1.1000e-02	 0.0000e+00	 5.8510e+00	 4.9884e-01
492	 1.2000e-02	 0.0000e+00	 5.7730e+00	 8.4653e+00
493	 1.3000e-02	 0.0000e+00	 5.8184e+00	 7.4660e+00
494	 1.4000e-02	 0.0000e+00	 5.8805e+00	 6.3966e+00
495	 1.5000e-02	 0.0000e+00	 5.8723e+00	 5.3405e+00
496	-1.5000e-02	 1.0000e-03	 4.9417e+00	 4.3178e+00
497	-1.4000e-02	 1.0000e-03	 5.5916e+00	 4.8405e+00
498	-1.3000e-02	 1.0000e-03	 5.8464e+00	 5.6396e+00
499	-1.2000e-02	 1.0000e-03	 5.9446e+00	 6.5613e+00
500	-1.1000e-02	 1.0000e-03	 5.9555e+00	 7.5383e+00
501	-1.0000e-02	 1.0000e-03	 5.8533e+00	 8.8456e+00
502	-9.0000e-03	 1.0000e-03	 5.9667e+00	 4.2291e-01
503	-8.0000e-03	 1.0000e-03	 6.2503e+00	 1.5691e+00
504	-7.0000e-03	 1.0000e-03	 6.4781e+00	 2.4294e+00
505	-6.0000e-03	 1.0000e-03	 6.5906e+00	 3.1236e+00
506	-5.0000e-03	 1.0000e-03	 6.6675e+00	 3.7741e+00
507	-4.0000e-03	 1.0000e-03	 6.7352e+00	 4.3425e+00
508	-3.0000e-03	 1.0000e-03	 6.8674e+00	 4.8638e+00
509	-2.0000e-03	 1.0000e-03	 7.0057e+00	 5.2731e+00
510	-1.0000e-03	 1.0000e-03	 7.0639e+00	 5.5137e+00
511	 0.0000e+00	 1.0000e-03	 7.1034e+00	 5.6445e+00
512	 1.0000e-03	 1.0000e-03	 7.1126e+00	 5.7149e+00
513	 2.0000e-03	 1.0000e-03	 7.1027e+00	 5.6472e+00
514	 3.0000e-03	 1.0000e-03	 7.0567e+00	 5.5213e+00
515	 4.0000e-03	 1.0000e-03	 6.9265e+00	 5.2796e+00
516	 5.0000e-03	 1.0000e-03	 6.7763e+00	 4.9141e+00
517	 6.0000e-03	 1.0000e-03	 6.6317e+00	 4.4648e+00
518	 7.0000e-03	 1.0000e-03	 6.5518e+00	 3.9043e+00
519	 8.0000e-03	 1.0000e-03	 6.4249e+00	 3.1220e+00
520	 9.0000e-03	 1.0000e-03	 6.2674e+00	 2.1141e+00
521	 1.0000e-02	 1.0000e-03	 6.0538e+00	 1.0800e+00
522	 1.1000e-02	 1.0000e-03	 5.8358e+00	 9.7674e+00
523	 1.2000e-02	 1.0000e-03	 5.8319e+00	 8.5281e+00
524	 1.3000e-02	 1.0000e-03	 5.8299e+00	 7.3447e+00
525	 1.4000e-02	 1.0000e-03	 5.8168e+00	 6.3260e+00
526	 1.5000e-02	 1.0000e-03	 5.8427e+00	 5.3148e+00
527	-1.5000e-02	 2.0000e-03	 4.8980e+00	 4.1515e+00
528	-1.4000e-02	 2.0000e-03	 5.5482e+00	 4.6718e+00
529	-1.3000e-02	 2.0000e-03	 5.7908e+00	 5.6212e+00
530	-1.2000e-02	 2.0000e-03	 5.9443e+00	 6.3835e+00
531	-1.1000e-02	 2.0000e-03	 5.9443e+00	 7.4143e+00
532	-1.0000e-02	 2.0000e-03	 5.9065e+00	 8.6796e+00
533	-9.0000e-03	 2.0000e-03	 5.9752e+00	 2.8123e-01
534	-8.0000e-03	 2.0000e-03	 6.2070e+00	 1.3995e+00
535	-7.0000e-03	 2.0000e-03	 6.4262e+00	 2.2542e+00
536	-6.0000e-03	 2.0000e-03	 6.5442e+00	 3.0102e+00
537	-5.0000e-03	 2.0000e-03	 6.6284e+00	 3.6459e+00
538	-4.0000e-03	 2.0000e-03	 6.7260e+00	 4.1748e+00
539	-3.0000e-03	 2.0000e-03	 6.8381e+00	 4.7143e+00
540	-2.0000e-03	 2.0000e-03	 6.9512e+00	 5.1396e+00
541	-1.0000e-03	 2.0000e-03	 7.0192e+00	 5.4023e+00
542	 0.0000e+00	 2.0000e-03	 7.0396e+00	 5.5847e+00
543	 1.0000e-03	 2.0000e-03	 7.0416e+00	 5.6475e+00
544	 2.0000e-03	 2.0000e-03	 7.0383e+00	 5.5666e+00
545	 3.0000e-03	 2.0000e-03	 6.9959e+00	 5.4263e+00
546	 4.0000e-03	 2.0000e-03	 6.8956e+00	 5.1610e+00
547	 5.0000e-03	 2.0000e-03	 6.7549e+00	 4.7090e+00
548	 6.0000e-03	 2.0000e-03	 6.6040e+00	 4.2133e+00
549	 7.0000e-03	 2.0000e-03	 6.4995e+00	 3.6367e+00
550	 8.0000e-03	 2.0000e-03	 6.3907e+00	 2.8334e+00
551	 9.0000e-03	 2.0000e-03	 6.2283e+00	 1.8574e+00
552	 1.0000e-02	 2.0000e-03	 5.9880e+00	 9.0316e-01
553	 1.1000e-02	 2.0000e-03	 5.8046e+00	 9.7019e+00
554	 1.2000e-02	 2.0000e-03	 5.8391e+00	 8.4061e+00
555	 1.3000e-02	 2.0000e-03	 5.8253e+00	 7.2963e+00
556	 1.4000e-02	 2.0000e-03	 5.7579e+00	 6.1820e+00
557	 1.5000e-02	 2.0000e-03	 5.7494e+00	 5.1406e+00
558	-1.5000e-02	 3.0000e-03	 4.7777e+00	 4.0433e+00
559	-1.4000e-02	 3.0000e-03	 5.4453e+00	 4.5861e+00
560	-1.3000e-02	 3.0000e-03	 5.7530e+00	 5.3730e+00
561	-1.2000e-02	 3.0000e-03	 5.8690e+00	 6.2750e+00
562	-1.1000e-02	 3.0000e-03	 5.9259e+00	 7.2835e+00
563	-1.0000e-02	 3.0000e-03	 5.9558e+00	 8.4781e+00
564	-9.0000e-03	 3.0000e-03	 5.9739e+00	 9.7437e+00
565	-8.0000e-03	 3.0000e-03	 6.1452e+00	 1.0925e+00
566	-7.0000e-03	 3.0000e-03	 6.3615e+00	 2.0122e+00
567	-6.0000e-03	 3.0000e-03	 6.5074e+00	 2.7610e+00
568	-5.0000e-03	 3.0000e-03	 6.6182e+00	 3.4152e+00
569	-4.0000e-03	 3.0000e-03	 6.7125e+00	 3.9483e+00
570	-3.0000e-03	 3.0000e-03	 6.8141e+00	 4.4233e+00
571	-2.0000e-03	 3.0000e-03	 6.8756e+00	 4.8835e+00
572	-1.0000e-03	 3.0000e-03	 6.9292e+00	 5.1840e+00
573	 0.0000e+00	 3.0000e-03	 6.9794e+00	 5.3677e+00
574	 1.0000e-03	 3.0000e-03	 6.9755e+00	 5.4499e+00
575	 2.0000e-03	 3.0000e-03	 6.9604e+00	 5.3664e+00
576	 3.0000e-03	 3.0000e-03	 6.9170e+00	 5.1840e+00
577	 4.0000e-03	 3.0000e-03	 6.8075e+00	 4.8402e+00
578	 5.0000e-03	 3.0000e-03	 6.6889e+00	 4.3780e+00
579	 6.0000e-03	 3.0000e-03	 6.5758e+00	 3.9102e+00
580	 7.0000e-03	 3.0000e-03	 6.4509e+00	 3.3231e+00
581	 8.0000e-03	 3.0000e-03	 6.3470e+00	 2.5579e+00
582	 9.0000e-03	 3.0000e-03	 6.1672e+00	 1.7147e+00
583	 1.0000e-02	 3.0000e-03	 5.9548e+00	 7.2335e-01
584	 1.1000e-02	 3.0000e-03	 5.8095e+00	 9.4679e+00
585	 1.2000e-02	 3.0000e-03	 5.8020e+00	 8.1905e+00
586	 1.3000e-02	 3.0000e-03	 5.8174e+00	 6.9341e+00
587	 1.4000e-02	 3.0000e-03	 5.8072e+00	 6.0193e+00
588	 1.5000e-02	 3.0000e-03	 5.7162e+00	 5.0410e+00
589	-1.5000e-02	 4.0000e-03	 4.5575e+00	 3.9395e+00
590	-1.4000e-02	 4.0000e-03	 5.3171e+00	 4.4204e+00
591	-1.3000e-02	 4.0000e-03	 5.6396e+00	 5.1869e+00
592	-1.2000e-02	 4.0000e-03	 5.8204e+00	 6.0189e+00
593	-1.1000e-02	 4.0000e-03	 5.8894e+00	 7.0172e+00
594	-1.0000e-02	 4.0000e-03	 5.9216e+00	 8.1382e+00
595	-9.0000e-03	 4.0000e-03	 5.9114e+00	 9.4090e+00
596	-8.0000e-03	 4.0000e-03	 6.0811e+00	 6.5465e-01
597	-7.0000e-03	 4.0000e-03	 6.2750e+00	 1.6492e+00
598	-6.0000e-03	 4.0000e-03	 6.4542e+00	 2.4317e+00
599	-5.0000e-03	 4.0000e-03	 6.5781e+00	 3.0178e+00
600	-4.0000e-03	 4.0000e-03	 6.6504e+00	 3.5286e+00
601	-3.0000e-03	 4.0000e-03	 6.7319e+00	 4.0387e+00
602	-2.0000e-03	 4.0000e-03	 6.8016e+00	 4.4588e+00
603	-1.0000e-03	 4.0000e-03	 6.8667e+00	 4.7691e+00
604	 0.0000e+00	 4.0000e-03	 6.9012e+00	 4.9273e+00
605	 1.0000e-03	 4.0000e-03	 6.9144e+00	 4.9762e+00
606	 2.0000e-03	 4.0000e-03	 6.8723e+00	 4.9151e+00
607	 3.0000e-03	 4.0000e-03	 6.8049e+00	 4.7008e+00
608	 4.0000e-03	 4.0000e-03	 6.7014e+00	 4.3652e+00
609	 5.0000e-03	 4.0000e-03	 6.6031e+00	 3.9033e+00
610	 6.0000e-03	 4.0000e-03	 6.5314e+00	 3.4211e+00
611	 7.0000e-03	 4.0000e-03	 6.4453e+00	 2.8746e+00
612	 8.0000e-03	 4.0000e-03	 6.2941e+00	 2.2344e+00
613	 9.0000e-03	 4.0000e-03	 6.0715e+00	 1.4153e+00
614	 1.0000e-02	 4.0000e-03	 5.8703e+00	 4.4723e-01
615	 1.1000e-02	 4.0000e-03	 5.7729e+00	 9.0941e+00
616	 1.2000e-02	 4.0000e-03	 5.7172e+00	 7.8680e+00
617	 1.3000e-02	 4.0000e-03	 5.8237e+00	 6.6221e+00
618	 1.4000e-02	 4.0000e-03	 5.8477e+00	 5.7915e+00
619	 1.5000e-02	 4.0000e-03	 5.6777e+00	 4.9522e+00
620	-1.5000e-02	 5.0000e-03	 4.3701e+00	 3.7357e+00
621	-1.4000e-02	 5.0000e-03	 5.1220e+00	 4.1387e+00
622	-1.3000e-02	 5.0000e-03	 5.5646e+00	 4.9309e+00
623	-1.2000e-02	 5.0000e-03	 5.7569e+00	 5.8135e+00
624	-1.1000e-02	 5.0000e-03	 5.8414e+00	 6.7477e+00
625	-1.0000e-02	 5.0000e-03	 5.8325e+00	 7.8009e+00
626	-9.0000e-03	 5.0000e-03	 5.9105e+00	 8.9810e+00
627	-8.0000e-03	 5.0000e-03	 5.9956e+00	 2.4869e-01
628	-7.0000e-03	 5.0000e-03	 6.1741e+00	 1.1559e+00
629	-6.0000e-03	 5.0000e-03	 6.3700e+00	 1.9442e+00
630	-5.0000e-03	 5.0000e-03	 6.4880e+00	 2.5342e+00
631	-4.0000e-03	 5.0000e-03	 6.5488e+00	 3.0789e+00
632	-3.0000e-03	 5.0000e-03	 6.6133e+00	 3.6256e+00
633	-2.0000e-03	 5.0000e-03	 6.6895e+00	 4.0220e+00
634	-1.0000e-03	 5.0000e-03	 6.7819e+00	 4.2225e+00
635	 0.0000e+00	 5.0000e-03	 6.7993e+00	 4.3155e+00
636	 1.0000e-03	 5.0000e-03	 6.8187e+00	 4.3537e+00
637	 2.0000e-03	 5.0000e-03	 6.8065e+00	 4.3247e+00
638	 3.0000e-03	 5.0000e-03	 6.7293e+00	 4.2015e+00
639	 4.0000e-03	 5.0000e-03	 6.5935e+00	 3.9737e+00
640	 5.0000e-03	 5.0000e-03	 6.4709e+00	 3.4737e+00
641	 6.0000e-03	 5.0000e-03	 6.4085e+00	 2.9244e+00
642	 7.0000e-03	 5.0000e-03	 6.3598e+00	 2.3400e+00
643	 8.0000e-03	 5.0000e-03	 6.2171e+00	 1.7670e+00
644	 9.0000e-03	 5.0000e-03	 5.9834e+00	 9.6693e-01
645	 1.0000e-02	 5.0000e-03	 5.7734e+00	 9.7056e+00
646	 1.1000e-02	 5.0000e-03	 5.6764e+00	 8.6379e+00
647	 1.2000e-02	 5.0000e-03	 5.6534e+00	 7.4127e+00
648	 1.3000e-02	 5.0000e-03	 5.7517e+00	 6.3066e+00
649	 1.4000e-02	 5.0000e-03	 5.7855e+00	 5.5275e+00
650	 1.5000e-02	 5.0000e-03	 5.5489e+00	 4.7688e+00
651	-1.5000e-02	 6.0000e-03	 4.2034e+00	 6.1521e+00
652	-1.4000e-02	 6.0000e-03	 4.7373e+00	 3.7718e+00
653	-1.3000e-02	 6.0000e-03	 5.2921e+00	 4.6732e+00
654	-1.2000e-02	 6.0000e-03	 5.6307e+00	 5.4756e+00
655	-1.1000e-02	 6.0000e-03	 5.7592e+00	 6.4052e+00
656	-1.0000e-02	 6.0000e-03	 5.8049e+00	 7.3226e+00
657	-9.0000e-03	 6.0000e-03	 5.8480e+00	 8.4633e+00
658	-8.0000e-03	 6.0000e-03	 5.8989e+00	 9.6438e+00
659	-7.0000e-03	 6.0000e-03	 6.0732e+00	 6.0304e-01
660	-6.0000e-03	 6.0000e-03	 6.1997e+00	 1.4455e+00
661	-5.0000e-03	 6.0000e-03	 6.3214e+00	 2.0790e+00
662	-4.0000e-03	 6.0000e-03	 6.4150e+00	 2.6203e+00
663	-3.0000e-03	 6.0000e-03	 6.4847e+00	 3.1272e+00
664	-2.0000e-03	 6.0000e-03	 6.5748e+00	 3.4753e+00
665	-1.0000e-03	 6.0000e-03	 6.6639e+00	 3.7153e+00
666	 0.0000e+00	 6.0000e-03	 6.6737e+00	 3.7853e+00
667	 1.0000e-03	 6.0000e-03	 6.6902e+00	 3.7879e+00
668	 2.0000e-03	 6.0000e-03	 6.6905e+00	 3.7695e+00
669	 3.0000e-03	 6.0000e-03	 6.6179e+00	 3.6998e+00
670	 4.0000e-03	 6.0000e-03	 6.4768e+00	 3.5304e+00
671	 5.0000e-03	 6.0000e-03	 6.3204e+00	 3.0467e+00
672	 6.0000e-03	 6.0000e-03	 6.2326e+00	 2.3863e+00
673	 7.0000e-03	 6.0000e-03	 6.2093e+00	 1.7295e+00
674	 8.0000e-03	 6.0000e-03	 6.1093e+00	 1.1047e+00
675	 9.0000e-03	 6.0000e-03	 5.9371e+00	 4.2028e-01
676	 1.0000e-02	 6.0000e-03	 5.6958e+00	 9.3781e+00
677	 1.1000e-02	 6.0000e-03	 5.5607e+00	 8.0974e+00
678	 1.2000e-02	 6.0000e-03	 5.5955e+00	 6.8687e+00
679	 1.3000e-02	 6.0000e-03	 5.7070e+00	 5.9969e+00
680	 1.4000e-02	 6.0000e-03	 5.6442e+00	 5.3063e+00
681	 1.5000e-02	 6.0000e-03	 5.3316e+00	 4.7632e+00
682	-1.5000e-02	 7.0000e-03	 4.4016e+00	 7.7432e+00
683	-1.4000e-02	 7.0000e-03	 4.3050e+00	 3.0848e+00
684	-1.3000e-02	 7.0000e-03	 5.0394e+00	 3.9861e+00
685	-1.2000e-02	 7.0000e-03	 5.4631e+00	 5.0351e+00
686	-1.1000e-02	 7.0000e-03	 5.6794e+00	 5.9151e+00
687	-1.0000e-02	 7.0000e-03	 5.7872e+00	 6.8223e+00
688	-9.0000e-03	 7.0000e-03	 5.7688e+00	 7.8292e+00
689	-8.0000e-03	 7.0000e-03	 5.8533e+00	 8.9929e+00
690	-7.0000e-03	 7.0000e-03	 5.9483e+00	 9.7342e+00
691	-6.0000e-03	 7.0000e-03	 6.0722e+00	 7.7463e-01
692	-5.0000e-03	 7.0000e-03	 6.2076e+00	 1.3995e+00
693	-4.0000e-03	 7.0000e-03	 6.2905e+00	 2.0339e+00
694	-3.0000e-03	 7.0000e-03	 6.3371e+00	 2.5336e+00
695	-2.0000e-03	 7.0000e-03	 6.4006e+00	 2.8320e+00
696	-1.0000e-03	 7.0000e-03	 6.4758e+00	 3.0789e+00
697	 0.0000e+00	 7.0000e-03	 6.5104e+00	 3.2354e+00
698	 1.0000e-03	 7.0000e-03	 6.5222e+00	 3.3123e+00
699	 2.0000e-03	 7.0000e-03	 6.5166e+00	 3.2252e+00
700	 3.0000e-03	 7.0000e-03	 6.4440e+00	 3.1141e+00
701	 4.0000e-03	 7.0000e-03	 6.2829e+00	 2.8863e+00
702	 5.0000e-03	 7.0000e-03	 6.1938e+00	 2.3593e+00
703	 6.0000e-03	 7.0000e-03	 6.0978e+00	 1.7404e+00
704	 7.0000e-03	 7.0000e-03	 6.0909e+00	 1.0669e+00
705	 8.0000e-03	 7.0000e-03	 6.0271e+00	 5.8957e-01
706	 9.0000e-03	 7.0000e-03	 5.8233e+00	 9.6497e+00
707	 1.0000e-02	 7.0000e-03	 5.5413e+00	 8.6812e+00
708	 1.1000e-02	 7.0000e-03	 5.5163e+00	 7.3657e+00
709	 1.2000e-02	 7.0000e-03	 5.6439e+00	 6.2277e+00
710	 1.3000e-02	 7.0000e-03	 5.6810e+00	 5.5249e+00
711	 1.4000e-02	 7.0000e-03	 5.5117e+00	 4.8944e+00
712	 1.5000e-02	 7.0000e-03	 5.1794e+00	 4.6227e+00
713	-1.5000e-02	 8.0000e-03	 4.6347e+00	 7.8233e+00
714	-1.4000e-02	 8.0000e-03	 4.2889e+00	 5.6721e+00
715	-1.3000e-02	 8.0000e-03	 4.7294e+00	 3.2416e+00
716	-1.2000e-02	 8.0000e-03	 5.1580e+00	 4.5019e+00
717	-1.1000e-02	 8.0000e-03	 5.5568e+00	 5.4197e+00
718	-1.0000e-02	 8.0000e-03	 5.6291e+00	 6.2806e+00
719	-9.0000e-03	 8.0000e-03	 5.7372e+00	 7.2030e+00
720	-8.0000e-03	 8.0000e-03	 5.7500e+00	 8.2237e+00
721	-7.0000e-03	 8.0000e-03	 5.8365e+00	 9.1733e+00
722	-6.0000e-03	 8.0000e-03	 6.0285e+00	 3.6473e-01
723	-5.0000e-03	 8.0000e-03	 6.1271e+00	 7.1776e-01
724	-4.0000e-03	 8.0000e-03	 6.1363e+00	 1.2259e+00
725	-3.0000e-03	 8.0000e-03	 6.1547e+00	 1.7039e+00
726	-2.0000e-03	 8.0000e-03	 6.1636e+00	 2.0490e+00
727	-1.0000e-03	 8.0000e-03	 6.2461e+00	 2.3275e+00
728	 0.0000e+00	 8.0000e-03	 6.3342e+00	 2.5855e+00
729	 1.0000e-03	 8.0000e-03	 6.3434e+00	 2.6697e+00
730	 2.0000e-03	 8.0000e-03	 6.3056e+00	 2.6184e+00
731	 3.0000e-03	 8.0000e-03	 6.2076e+00	 2.4225e+00
732	 4.0000e-03	 8.0000e-03	 6.0640e+00	 2.0767e+00
733	 5.0000e-03	 8.0000e-03	 6.0242e+00	 1.4166e+00
734	 6.0000e-03	 8.0000e-03	 6.0314e+00	 8.2558e-01
735	 7.0000e-03	 8.0000e-03	 6.0426e+00	 3.3284e-01
736	 8.0000e-03	 8.0000e-03	 5.9437e+00	 9.8209e+00
737	 9.0000e-03	 8.0000e-03	 5.6994e+00	 9.1490e+00
738	 1.0000e-02	 8.0000e-03	 5.5232e+00	 7.9166e+00
739	 1.1000e-02	 8.0000e-03	 5.4338e+00	 6.6474e+00
740	 1.2000e-02	 8.0000e-03	 5.6287e+00	 5.6656e+00
741	 1.3000e-02	 8.0000e-03	 5.5752e+00	 5.0246e+00
742	 1.4000e-02	 8.0000e-03	 5.3303e+00	 4.4963e+00
743	 1.5000e-02	 8.0000e-03	 4.9614e+00	 4.5364e+00
744	-1.5000e-02	 9.0000e-03	 4.6998e+00	 7.6402e+00
745	-1.4000e-02	 9.0000e-03	 4.4608e+00	 7.5034e+00
746	-1.3000e-02	 9.0000e-03	 4.2583e+00	 3.1151e+00
747	-1.2000e-02	 9.0000e-03	 4.9333e+00	 3.9076e+00
748	-1.1000e-02	 9.0000e-03	 5.3421e+00	 4.8280e+00
749	-1.0000e-02	 9.0000e-03	 5.5732e+00	 5.6570e+00
750	-9.0000e-03	 9.0000e-03	 5.6790e+00	 6.4972e+00
751	-8.0000e-03	 9.0000e-03	 5.6948e+00	 7.3598e+00
752	-7.0000e-03	 9.0000e-03	 5.7642e+00	 8.3280e+00
753	-6.0000e-03	 9.0000e-03	 5.8697e+00	 9.2417e+00
754	-5.0000e-03	 9.0000e-03	 5.9900e+00	 9.7312e+00
755	-4.0000e-03	 9.0000e-03	 6.0469e+00	 3.5372e-01
756	-3.0000e-03	 9.0000e-03	 6.0304e+00	 7.2664e-01
757	-2.0000e-03	 9.0000e-03	 6.0160e+00	 1.1477e+00
758	-1.0000e-03	 9.0000e-03	 6.0676e+00	 1.4521e+00
759	 0.0000e+00	 9.0000e-03	 6.1284e+00	 1.6947e+00
760	 1.0000e-03	 9.0000e-03	 6.1175e+00	 1.8702e+00
761	 2.0000e-03	 9.0000e-03	 6.0866e+00	 1.7936e+00
762	 3.0000e-03	 9.0000e-03	 5.9131e+00	 1.5649e+00
763	 4.0000e-03	 9.0000e-03	 5.8339e+00	 1.0386e+00
764	 5.0000e-03	 9.0000e-03	 5.8911e+00	 4.7287e-01
765	 6.0000e-03	 9.0000e-03	 5.9486e+00	 9.6786e+00
766	 7.0000e-03	 9.0000e-03	 5.9289e+00	 9.5478e+00
767	 8.0000e-03	 9.0000e-03	 5.7898e+00	 9.0524e+00
768	 9.0000e-03	 9.0000e-03	 5.5834e+00	 8.2010e+00
769	 1.0000e-02	 9.0000e-03	 5.4095e+00	 7.0800e+00
770	 1.1000e-02	 9.0000e-03	 5.4825e+00	 5.8694e+00
771	 1.2000e-02	 9.0000e-03	 5.5689e+00	 4.9789e+00
772	 1.3000e-02	 9.0000e-03	 5.4749e+00	 4.4743e+00
773	 1.4000e-02	 9.0000e-03	 5.1912e+00	 4.2866e+00
774	 1.5000e-02	 9.0000e-03	 4.8135e+00	 4.8806e+00
775	-1.5000e-02	 1.0000e-02	 4.6554e+00	 7.0892e+00
776	-1.4000e-02	 1.0000e-02	 4.5476e+00	 7.4597e+00
777	-1.3000e-02	 1.0000e-02	 4.3168e+00	 6.9084e+00
778	-1.2000e-02	 1.0000e-02	 4.4496e+00	 3.2908e+00
779	-1.1000e-02	 1.0000e-02	 5.1511e+00	 4.4924e+00
780	-1.0000e-02	 1.0000e-02	 5.4719e+00	 5.1133e+00
781	-9.0000e-03	 1.0000e-02	 5.6084e+00	 5.7911e+00
782	-8.0000e-03	 1.0000e-02	 5.6761e+00	 6.4854e+00
783	-7.0000e-03	 1.0000e-02	 5.6629e+00	 7.2927e+00
784	-6.0000e-03	 1.0000e-02	 5.6971e+00	 8.2082e+00
785	-5.0000e-03	 1.0000e-02	 5.7806e+00	 8.9357e+00
786	-4.0000e-03	 1.0000e-02	 5.8546e+00	 9.4774e+00
787	-3.0000e-03	 1.0000e-02	 5.9236e+00	 9.7647e+00
788	-2.0000e-03	 1.0000e-02	 5.9331e+00	 2.6841e-01
789	-1.0000e-03	 1.0000e-02	 5.9762e+00	 4.6597e-01
790	 0.0000e+00	 1.0000e-02	 5.9437e+00	 7.6510e-01
791	 1.0000e-03	 1.0000e-02	 5.9157e+00	 9.1992e-01
792	 2.0000e-03	 1.0000e-02	 5.8309e+00	 7.2992e-01
793	 3.0000e-03	 1.0000e-02	 5.7974e+00	 4.5940e-01
794	 4.0000e-03	 1.0000e-02	 5.7675e+00	 9.7365e+00
795	 5.0000e-03	 1.0000e-02	 5.8204e+00	 9.3949e+00
796	 6.0000e-03	 1.0000e-02	 5.8680e+00	 8.9600e+00
797	 7.0000e-03	 1.0000e-02	 5.8371e+00	 8.7036e+00
798	 8.0000e-03	 1.0000e-02	 5.5692e+00	 8.2220e+00
799	 9.0000e-03	 1.0000e-02	 5.4907e+00	 7.0758e+00
800	 1.0000e-02	 1.0000e-02	 5.4256e+00	 6.0304e+00
801	 1.1000e-02	 1.0000e-02	 5.5505e+00	 4.9836e+00
802	 1.2000e-02	 1.0000e-02	 5.5048e+00	 4.4178e+00
803	 1.3000e-02	 1.0000e-02	 5.3467e+00	 3.8632e+00
804	 1.4000e-02	 1.0000e-02	 5.0652e+00	 3.9280e+00
805	 1.5000e-02	 1.0000e-02	 4.6827e+00	 5.0272e+00
806	-1.5000e-02	 1.1000e-02	 4.6340e+00	 6.7589e+00
807	-1.4000e-02	 1.1000e-02	 4.5959e+00	 7.2391e+00
808	-1.3000e-02	 1.1000e-02	 4.4385e+00	 7.5407e+00
809	-1.2000e-02	 1.1000e-02	 4.3168e+00	 5.7596e+00
810	-1.1000e-02	 1.1000e-02	 4.6258e+00	 3.6081e+00
811	-1.0000e-02	 1.1000e-02	 5.1745e+00	 4.4710e+00
812	-9.0000e-03	 1.1000e-02	 5.4765e+00	 4.9480e+00
813	-8.0000e-03	 1.1000e-02	 5.6082e+00	 5.6031e+00
814	-7.0000e-03	 1.1000e-02	 5.5778e+00	 6.3394e+00
815	-6.0000e-03	 1.1000e-02	 5.5587e+00	 7.1589e+00
816	-5.0000e-03	 1.1000e-02	 5.6383e+00	 7.9403e+00
817	-4.0000e-03	 1.1000e-02	 5.6912e+00	 8.5606e+00
818	-3.0000e-03	 1.1000e-02	 5.7714e+00	 8.9298e+00
819	-2.0000e-03	 1.1000e-02	 5.8030e+00	 9.2019e+00
820	-1.0000e-03	 1.1000e-02	 5.8220e+00	 9.4426e+00
821	 0.0000e+00	 1.1000e-02	 5.8181e+00	 9.6983e+00
822	 1.0000e-03	 1.1000e-02	 5.7361e+00	 9.6152e+00
823	 2.0000e-03	 1.1000e-02	 5.7083e+00	 9.5668e+00
824	 3.0000e-03	 1.1000e-02	 5.6383e+00	 9.2033e+00
825	 4.0000e-03	 1.1000e-02	 5.7402e+00	 8.7746e+00
826	 5.0000e-03	 1.1000e-02	 5.7366e+00	 8.4574e+00
827	 6.0000e-03	 1.1000e-02	 5.7484e+00	 8.1467e+00
828	 7.0000e-03	 1.1000e-02	 5.6310e+00	 7.8420e+00
829	 8.0000e-03	 1.1000e-02	 5.4069e+00	 6.8371e+00
830	 9.0000e-03	 1.1000e-02	 5.3763e+00	 6.1563e+00
831	 1.0000e-02	 1.1000e-02	 5.3894e+00	 4.8980e+00
832	 1.1000e-02	 1.1000e-02	 5.4220e+00	 4.1978e+00
833	 1.2000e-02	 1.1000e-02	 5.3786e+00	 3.7488e+00
834	 1.3000e-02	 1.1000e-02	 5.1210e+00	 3.3593e+00
835	 1.4000e-02	 1.1000e-02	 4.8165e+00	 3.8796e+00
836	 1.5000e-02	 1.1000e-02	 4.6903e+00	 5.0489e+00
837	-1.5000e-02	 1.2000e-02	 4.3454e+00	 6.9768e+00
838	-1.4000e-02	 1.2000e-02	 4.4293e+00	 6.9149e+00
839	-1.3000e-02	 1.2000e-02	 4.5049e+00	 7.5654e+00
840	-1.2000e-02	 1.2000e-02	 4.4404e+00	 7.0830e+00
841	-1.1000e-02	 1.2000e-02	 4.3037e+00	 3.6772e+00
842	-1.0000e-02	 1.2000e-02	 4.8697e+00	 3.4556e+00
843	-9.0000e-03	 1.2000e-02	 5.2849e+00	 4.2278e+00
844	-8.0000e-03	 1.2000e-02	 5.4913e+00	 4.7976e+00
845	-7.0000e-03	 1.2000e-02	 5.5147e+00	 5.3424e+00
846	-6.0000e-03	 1.2000e-02	 5.4545e+00	 6.1129e+00
847	-5.0000e-03	 1.2000e-02	 5.4667e+00	 6.8539e+00
848	-4.0000e-03	 1.2000e-02	 5.5498e+00	 7.4240e+00
849	-3.0000e-03	 1.2000e-02	 5.6287e+00	 7.7493e+00
850	-2.0000e-03	 1.2000e-02	 5.6416e+00	 8.0932e+00
851	-1.0000e-03	 1.2000e-02	 5.6485e+00	 8.3325e+00
852	 0.0000e+00	 1.2000e-02	 5.6001e+00	 8.5294e+00
853	 1.0000e-03	 1.2000e-02	 5.5436e+00	 8.5350e+00
854	 2.0000e-03	 1.2000e-02	 5.4733e+00	 8.3026e+00
855	 3.0000e-03	 1.2000e-02	 5.5584e+00	 7.9715e+00
856	 4.0000e-03	 1.2000e-02	 5.6307e+00	 7.6869e+00
857	 5.0000e-03	 1.2000e-02	 5.6560e+00	 7.4452e+00
858	 6.0000e-03	 1.2000e-02	 5.6425e+00	 7.2214e+00
859	 7.0000e-03	 1.2000e-02	 5.4956e+00	 6.6540e+00
860	 8.0000e-03	 1.2000e-02	 5.3224e+00	 5.7813e+00
861	 9.0000e-03	 1.2000e-02	 5.3523e+00	 4.9766e+00
862	 1.0000e-02	 1.2000e-02	 5.3280e+00	 4.0259e+00
863	 1.1000e-02	 1.2000e-02	 5.3921e+00	 3.4047e+00
864	 1.2000e-02	 1.2000e-02	 5.1814e+00	 3.0628e+00
865	 1.3000e-02	 1.2000e-02	 4.7442e+00	 3.0805e+00
866	 1.4000e-02	 1.2000e-02	 4.4634e+00	 3.9605e+00
867	 1.5000e-02	 1.2000e-02	 4.6663e+00	 4.9361e+00
868	-1.5000e-02	 1.3000e-02	 4.3211e+00	 7.0465e+00
869	-1.4000e-02	 1.3000e-02	 4.3047e+00	 6.5708e+00
870	-1.3000e-02	 1.3000e-02	 4.4825e+00	 7.1625e+00
871	-1.2000e-02	 1.3000e-02	 4.5394e+00	 7.5439e+00
872	-1.1000e-02	 1.3000e-02	 4.3301e+00	 6.4403e+00
873	-1.0000e-02	 1.3000e-02	 4.5930e+00	 2.6532e+00
874	-9.0000e-03	 1.3000e-02	 5.0850e+00	 3.2160e+00
875	-8.0000e-03	 1.3000e-02	 5.2655e+00	 3.8727e+00
876	-7.0000e-03	 1.3000e-02	 5.3582e+00	 4.4268e+00
877	-6.0000e-03	 1.3000e-02	 5.3746e+00	 5.1153e+00
878	-5.0000e-03	 1.3000e-02	 5.4203e+00	 5.5765e+00
879	-4.0000e-03	 1.3000e-02	 5.4979e+00	 6.2845e+00
880	-3.0000e-03	 1.3000e-02	 5.5475e+00	 6.6087e+00
881	-2.0000e-03	 1.3000e-02	 5.6021e+00	 6.8677e+00
882	-1.0000e-03	 1.3000e-02	 5.5794e+00	 7.0166e+00
883	 0.0000e+00	 1.3000e-02	 5.4598e+00	 7.1339e+00
884	 1.0000e-03	 1.3000e-02	 5.4177e+00	 6.9788e+00
885	 2.0000e-03	 1.3000e-02	 5.5114e+00	 6.8818e+00
886	 3.0000e-03	 1.3000e-02	 5.5669e+00	 6.6363e+00
887	 4.0000e-03	 1.3000e-02	 5.6297e+00	 6.5127e+00
888	 5.0000e-03	 1.3000e-02	 5.6593e+00	 6.3108e+00
889	 6.0000e-03	 1.3000e-02	 5.5877e+00	 6.1198e+00
890	 7.0000e-03	 1.3000e-02	 5.3723e+00	 5.4443e+00
891	 8.0000e-03	 1.3000e-02	 5.3345e+00	 4.7129e+00
892	 9.0000e-03	 1.3000e-02	 5.3431e+00	 3.8875e+00
893	 1.0000e-02	 1.3000e-02	 5.1938e+00	 3.2661e+00
894	 1.1000e-02	 1.3000e-02	 5.1051e+00	 2.4517e+00
895	 1.2000e-02	 1.3000e-02	 4.7310e+00	 2.2499e+00
896	 1.3000e-02	 1.3000e-02	 4.3957e+00	 2.7666e+00
897	 1.4000e-02	 1.3000e-02	 4.2001e+00	 4.9710e+00
898	 1.5000e-02	 1.3000e-02	 4.6784e+00	 4.6248e+00
899	-1.5000e-02	 1.4000e-02	 4.4023e+00	 7.0817e+00
900	-1.4000e-02	 1.4000e-02	 4.3214e+00	 6.1133e+00
901	-1.3000e-02	 1.4000e-02	 4.3126e+00	 6.3381e+00
902	-1.2000e-02	 1.4000e-02	 4.5035e+00	 6.7934e+00
903	-1.1000e-02	 1.4000e-02	 4.4411e+00	 7.2408e+00
904	-1.0000e-02	 1.4000e-02	 4.2139e+00	 3.4310e+00
905	-9.0000e-03	 1.4000e-02	 4.6672e+00	 2.1891e+00
906	-8.0000e-03	 1.4000e-02	 4.9453e+00	 2.7301e+00
907	-7.0000e-03	 1.4000e-02	 5.2310e+00	 3.0975e+00
908	-6.0000e-03	 1.4000e-02	 5.2997e+00	 3.8034e+00
909	-5.0000e-03	 1.4000e-02	 5.3076e+00	 4.2748e+00
910	-4.0000e-03	 1.4000e-02	 5.3822e+00	 4.9006e+00
911	-3.0000e-03	 1.4000e-02	 5.4489e+00	 5.3934e+00
912	-2.0000e-03	 1.4000e-02	 5.5127e+00	 5.6938e+00
913	-1.0000e-03	 1.4000e-02	 5.5479e+00	 5.9197e+00
914	 0.0000e+00	 1.4000e-02	 5.4900e+00	 5.7343e+00
915	 1.0000e-03	 1.4000e-02	 5.4881e+00	 5.7162e+00
916	 2.0000e-03	 1.4000e-02	 5.5285e+00	 5.6402e+00
917	 3.0000e-03	 1.4000e-02	 5.4989e+00	 5.6093e+00
918	 4.0000e-03	 1.4000e-02	 5.5926e+00	 5.4803e+00
919	 5.0000e-03	 1.4000e-02	 5.4844e+00	 5.2672e+00
920	 6.0000e-03	 1.4000e-02	 5.3743e+00	 4.8612e+00
921	 7.0000e-03	 1.4000e-02	 5.2675e+00	 4.0052e+00
922	 8.0000e-03	 1.4000e-02	 5.1692e+00	 3.2978e+00
923	 9.0000e-03	 1.4000e-02	 5.1449e+00	 2.6164e+00
924	 1.0000e-02	 1.4000e-02	 4.9749e+00	 1.7887e+00
925	 1.1000e-02	 1.4000e-02	 4.7928e+00	 1.3561e+00
926	 1.2000e-02	 1.4000e-02	 4.6554e+00	 1.7575e+00
927	 1.3000e-02	 1.4000e-02	 4.2705e+00	 6.6008e+00
928	 1.4000e-02	 1.4000e-02	 4.3112e+00	 5.1432e+00
929	 1.5000e-02	 1.4000e-02	 4.5272e+00	 4.4940e+00
930	-1.5000e-02	 1.5000e-02	 4.3744e+00	 7.2832e+00
931	-1.4000e-02	 1.5000e-02	 4.2481e+00	 4.9762e+00
932	-1.3000e-02	 1.5000e-02	 4.2708e+00	 5.2833e+00
933	-1.2000e-02	 1.5000e-02	 4.4263e+00	 5.6772e+00
934	-1.1000e-02	 1.5000e-02	 4.5598e+00	 6.3407e+00
935	-1.0000e-02	 1.5000e-02	 4.3938e+00	 6.7822e+00
936	-9.0000e-03	 1.5000e-02	 4.2886e+00	 6.5847e+00
937	-8.0000e-03	 1.5000e-02	 4.7060e+00	 1.5146e+00
938	-7.0000e-03	 1.5000e-02	 4.8852e+00	 1.7811e+00
939	-6.0000e-03	 1.5000e-02	 5.0811e+00	 2.2180e+00
940	-5.0000e-03	 1.5000e-02	 5.2004e+00	 2.6348e+00
941	-4.0000e-03	 1.5000e-02	 5.1491e+00	 3.3961e+00
942	-3.0000e-03	 1.5000e-02	 5.2284e+00	 3.9845e+00
943	-2.0000e-03	 1.5000e-02	 5.2619e+00	 4.4539e+00
944	-1.0000e-03	 1.5000e-02	 5.2995e+00	 4.5463e+00
945	 0.0000e+00	 1.5000e-02	 5.3562e+00	 4.5078e+00
946	 1.0000e-03	 1.5000e-02	 5.4223e+00	 4.4565e+00
947	 2.0000e-03	 1.5000e-02	 5.4493e+00	 4.4171e+00
948	 3.0000e-03	 1.5000e-02	 5.3875e+00	 4.2606e+00
949	 4.0000e-03	 1.5000e-02	 5.3194e+00	 4.2209e+00
950	 5.0000e-03	 1.5000e-02	 5.2086e+00	 3.8448e+00
951	 6.0000e-03	 1.5000e-02	 5.0390e+00	 3.1009e+00
952	 7.0000e-03	 1.5000e-02	 5.0650e+00	 2.1355e+00
953	 8.0000e-03	 1.5000e-02	 5.0923e+00	 1.4715e+00
954	 9.0000e-03	 1.5000e-02	 5.0338e+00	 9.0841e-01
955	 1.0000e-02	 1.5000e-02	 4.8326e+00	 7.7122e+00
956	 1.1000e-02	 1.5000e-02	 4.7136e+00	 8.6556e+00
957	 1.2000e-02	 1.5000e-02	 4.4822e+00	 7.5485e+00
958	 1.3000e-02	 1.5000e-02	 4.3425e+00	 6.0595e+00
959	 1.4000e-02	 1.5000e-02	 4.4053e+00	 5.1733e+00
960	 1.5000e-02	 1.5000e-02	 4.3928e+00	 3.3113e+00
