	x (m)	y (m)	Mesure ch1 (V)	Mesure ch2 (V)
0	-1.5000e-02	-1.5000e-02	 4.8017e+00	 1.0475e+00
1	-1.4000e-02	-1.5000e-02	 4.8415e+00	 2.1417e+00
2	-1.3000e-02	-1.5000e-02	 5.0640e+00	 3.6581e+00
3	-1.2000e-02	-1.5000e-02	 5.3490e+00	 4.6334e+00
4	-1.1000e-02	-1.5000e-02	 5.4621e+00	 5.4568e+00
5	-1.0000e-02	-1.5000e-02	 5.5498e+00	 6.1129e+00
6	-9.0000e-03	-1.5000e-02	 5.6187e+00	 6.6083e+00
7	-8.0000e-03	-1.5000e-02	 5.6899e+00	 7.3381e+00
8	-7.0000e-03	-1.5000e-02	 5.6675e+00	 7.9743e+00
9	-6.0000e-03	-1.5000e-02	 5.6863e+00	 8.6684e+00
10	-5.0000e-03	-1.5000e-02	 5.7734e+00	 9.3117e+00
11	-4.0000e-03	-1.5000e-02	 5.8585e+00	 9.7067e+00
12	-3.0000e-03	-1.5000e-02	 5.9065e+00	 7.2891e+00
13	-2.0000e-03	-1.5000e-02	 5.9483e+00	 2.6020e-01
14	-1.0000e-03	-1.5000e-02	 5.9959e+00	 3.4435e-01
15	 0.0000e+00	-1.5000e-02	 5.9874e+00	 4.2028e-01
16	 1.0000e-03	-1.5000e-02	 5.9371e+00	 4.9013e-01
17	 2.0000e-03	-1.5000e-02	 5.9437e+00	 4.6433e-01
18	 3.0000e-03	-1.5000e-02	 5.9131e+00	 4.4230e-01
19	 4.0000e-03	-1.5000e-02	 5.8891e+00	 3.5026e-01
20	 5.0000e-03	-1.5000e-02	 5.8674e+00	 9.7493e+00
21	 6.0000e-03	-1.5000e-02	 5.7852e+00	 9.4869e+00
22	 7.0000e-03	-1.5000e-02	 5.7356e+00	 8.9278e+00
23	 8.0000e-03	-1.5000e-02	 5.7316e+00	 8.3686e+00
24	 9.0000e-03	-1.5000e-02	 5.6935e+00	 7.6924e+00
25	 1.0000e-02	-1.5000e-02	 5.6672e+00	 7.1665e+00
26	 1.1000e-02	-1.5000e-02	 5.6001e+00	 6.6366e+00
27	 1.2000e-02	-1.5000e-02	 5.5275e+00	 5.8766e+00
28	 1.3000e-02	-1.5000e-02	 5.4174e+00	 5.0673e+00
29	 1.4000e-02	-1.5000e-02	 5.2244e+00	 4.3711e+00
30	 1.5000e-02	-1.5000e-02	 4.9733e+00	 3.2594e+00
31	-1.5000e-02	-1.4000e-02	 4.8263e+00	 2.0116e+00
32	-1.4000e-02	-1.4000e-02	 4.9453e+00	 3.3527e+00
33	-1.3000e-02	-1.4000e-02	 5.2409e+00	 4.5607e+00
34	-1.2000e-02	-1.4000e-02	 5.4848e+00	 5.4325e+00
35	-1.1000e-02	-1.4000e-02	 5.5831e+00	 6.2125e+00
36	-1.0000e-02	-1.4000e-02	 5.6731e+00	 6.8256e+00
37	-9.0000e-03	-1.4000e-02	 5.6928e+00	 7.4005e+00
38	-8.0000e-03	-1.4000e-02	 5.7389e+00	 8.2230e+00
39	-7.0000e-03	-1.4000e-02	 5.7366e+00	 8.9925e+00
40	-6.0000e-03	-1.4000e-02	 5.8187e+00	 9.5895e+00
41	-5.0000e-03	-1.4000e-02	 5.9009e+00	 3.4961e-01
42	-4.0000e-03	-1.4000e-02	 5.9729e+00	 7.1612e-01
43	-3.0000e-03	-1.4000e-02	 6.0433e+00	 1.0761e+00
44	-2.0000e-03	-1.4000e-02	 6.0643e+00	 1.2657e+00
45	-1.0000e-03	-1.4000e-02	 6.0659e+00	 1.4794e+00
46	 0.0000e+00	-1.4000e-02	 6.0577e+00	 1.5856e+00
47	 1.0000e-03	-1.4000e-02	 6.0117e+00	 1.6155e+00
48	 2.0000e-03	-1.4000e-02	 5.9775e+00	 1.5501e+00
49	 3.0000e-03	-1.4000e-02	 6.0170e+00	 1.3850e+00
50	 4.0000e-03	-1.4000e-02	 6.0160e+00	 1.1970e+00
51	 5.0000e-03	-1.4000e-02	 5.9512e+00	 8.7817e-01
52	 6.0000e-03	-1.4000e-02	 5.8957e+00	 4.9555e-01
53	 7.0000e-03	-1.4000e-02	 5.8253e+00	 9.6536e+00
54	 8.0000e-03	-1.4000e-02	 5.7734e+00	 9.3371e+00
55	 9.0000e-03	-1.4000e-02	 5.7178e+00	 8.7368e+00
56	 1.0000e-02	-1.4000e-02	 5.6790e+00	 8.0343e+00
57	 1.1000e-02	-1.4000e-02	 5.6061e+00	 7.3650e+00
58	 1.2000e-02	-1.4000e-02	 5.5982e+00	 6.7684e+00
59	 1.3000e-02	-1.4000e-02	 5.5038e+00	 5.9315e+00
60	 1.4000e-02	-1.4000e-02	 5.3089e+00	 5.0992e+00
61	 1.5000e-02	-1.4000e-02	 5.1426e+00	 4.0769e+00
62	-1.5000e-02	-1.3000e-02	 4.8730e+00	 3.0434e+00
63	-1.4000e-02	-1.3000e-02	 5.0778e+00	 4.3244e+00
64	-1.3000e-02	-1.3000e-02	 5.3569e+00	 5.3811e+00
65	-1.2000e-02	-1.3000e-02	 5.5666e+00	 6.2513e+00
66	-1.1000e-02	-1.3000e-02	 5.7168e+00	 6.8956e+00
67	-1.0000e-02	-1.3000e-02	 5.7254e+00	 7.6306e+00
68	-9.0000e-03	-1.3000e-02	 5.7671e+00	 8.2825e+00
69	-8.0000e-03	-1.3000e-02	 5.7466e+00	 9.0652e+00
70	-7.0000e-03	-1.3000e-02	 5.8020e+00	 9.5744e+00
71	-6.0000e-03	-1.3000e-02	 5.9522e+00	 5.9910e-01
72	-5.0000e-03	-1.3000e-02	 6.0544e+00	 1.2440e+00
73	-4.0000e-03	-1.3000e-02	 6.1087e+00	 1.6766e+00
74	-3.0000e-03	-1.3000e-02	 6.1655e+00	 2.0214e+00
75	-2.0000e-03	-1.3000e-02	 6.1731e+00	 2.3008e+00
76	-1.0000e-03	-1.3000e-02	 6.1478e+00	 2.4787e+00
77	 0.0000e+00	-1.3000e-02	 6.1366e+00	 2.6111e+00
78	 1.0000e-03	-1.3000e-02	 6.1356e+00	 2.6749e+00
79	 2.0000e-03	-1.3000e-02	 6.1386e+00	 2.5760e+00
80	 3.0000e-03	-1.3000e-02	 6.1198e+00	 2.4257e+00
81	 4.0000e-03	-1.3000e-02	 6.1573e+00	 2.1703e+00
82	 5.0000e-03	-1.3000e-02	 6.0827e+00	 1.8660e+00
83	 6.0000e-03	-1.3000e-02	 6.0032e+00	 1.4409e+00
84	 7.0000e-03	-1.3000e-02	 5.8802e+00	 8.3971e-01
85	 8.0000e-03	-1.3000e-02	 5.8132e+00	 3.3284e-01
86	 9.0000e-03	-1.3000e-02	 5.7412e+00	 9.5566e+00
87	 1.0000e-02	-1.3000e-02	 5.6997e+00	 8.8632e+00
88	 1.1000e-02	-1.3000e-02	 5.6682e+00	 8.2680e+00
89	 1.2000e-02	-1.3000e-02	 5.6409e+00	 7.5090e+00
90	 1.3000e-02	-1.3000e-02	 5.5863e+00	 6.7579e+00
91	 1.4000e-02	-1.3000e-02	 5.4815e+00	 5.9861e+00
92	 1.5000e-02	-1.3000e-02	 5.2591e+00	 4.9969e+00
93	-1.5000e-02	-1.2000e-02	 4.9713e+00	 4.1758e+00
94	-1.4000e-02	-1.2000e-02	 5.3046e+00	 5.1189e+00
95	-1.3000e-02	-1.2000e-02	 5.4930e+00	 6.0350e+00
96	-1.2000e-02	-1.2000e-02	 5.6432e+00	 6.8608e+00
97	-1.1000e-02	-1.2000e-02	 5.7813e+00	 7.6122e+00
98	-1.0000e-02	-1.2000e-02	 5.8043e+00	 8.4022e+00
99	-9.0000e-03	-1.2000e-02	 5.8243e+00	 9.1802e+00
100	-8.0000e-03	-1.2000e-02	 5.8727e+00	 1.3306e+00
101	-7.0000e-03	-1.2000e-02	 5.9065e+00	 7.7233e-01
102	-6.0000e-03	-1.2000e-02	 6.0403e+00	 1.4823e+00
103	-5.0000e-03	-1.2000e-02	 6.1468e+00	 2.0790e+00
104	-4.0000e-03	-1.2000e-02	 6.2280e+00	 2.5487e+00
105	-3.0000e-03	-1.2000e-02	 6.2638e+00	 2.9080e+00
106	-2.0000e-03	-1.2000e-02	 6.2678e+00	 3.2636e+00
107	-1.0000e-03	-1.2000e-02	 6.2576e+00	 3.4770e+00
108	 0.0000e+00	-1.2000e-02	 6.2740e+00	 3.5680e+00
109	 1.0000e-03	-1.2000e-02	 6.2612e+00	 3.6788e+00
110	 2.0000e-03	-1.2000e-02	 6.2615e+00	 3.6134e+00
111	 3.0000e-03	-1.2000e-02	 6.2474e+00	 3.4178e+00
112	 4.0000e-03	-1.2000e-02	 6.2148e+00	 3.1210e+00
113	 5.0000e-03	-1.2000e-02	 6.1751e+00	 2.8077e+00
114	 6.0000e-03	-1.2000e-02	 6.1116e+00	 2.3899e+00
115	 7.0000e-03	-1.2000e-02	 5.9354e+00	 1.7979e+00
116	 8.0000e-03	-1.2000e-02	 5.8707e+00	 1.1494e+00
117	 9.0000e-03	-1.2000e-02	 5.8191e+00	 4.7353e-01
118	 1.0000e-02	-1.2000e-02	 5.7993e+00	 9.6332e+00
119	 1.1000e-02	-1.2000e-02	 5.7665e+00	 8.9965e+00
120	 1.2000e-02	-1.2000e-02	 5.7016e+00	 8.2375e+00
121	 1.3000e-02	-1.2000e-02	 5.6281e+00	 7.4732e+00
122	 1.4000e-02	-1.2000e-02	 5.5410e+00	 6.7122e+00
123	 1.5000e-02	-1.2000e-02	 5.3842e+00	 5.8283e+00
124	-1.5000e-02	-1.1000e-02	 5.0564e+00	 4.7821e+00
125	-1.4000e-02	-1.1000e-02	 5.3457e+00	 5.9243e+00
126	-1.3000e-02	-1.1000e-02	 5.5765e+00	 6.6847e+00
127	-1.2000e-02	-1.1000e-02	 5.7586e+00	 7.5715e+00
128	-1.1000e-02	-1.1000e-02	 5.8470e+00	 8.3144e+00
129	-1.0000e-02	-1.1000e-02	 5.8733e+00	 9.2460e+00
130	-9.0000e-03	-1.1000e-02	 5.8842e+00	 9.6710e+00
131	-8.0000e-03	-1.1000e-02	 5.8970e+00	 8.0356e-01
132	-7.0000e-03	-1.1000e-02	 6.0170e+00	 1.6714e+00
133	-6.0000e-03	-1.1000e-02	 6.1185e+00	 2.3258e+00
134	-5.0000e-03	-1.1000e-02	 6.2319e+00	 2.8583e+00
135	-4.0000e-03	-1.1000e-02	 6.3312e+00	 3.3784e+00
136	-3.0000e-03	-1.1000e-02	 6.3726e+00	 3.7646e+00
137	-2.0000e-03	-1.1000e-02	 6.3868e+00	 4.0874e+00
138	-1.0000e-03	-1.1000e-02	 6.3914e+00	 4.2314e+00
139	 0.0000e+00	-1.1000e-02	 6.3924e+00	 4.4464e+00
140	 1.0000e-03	-1.1000e-02	 6.3605e+00	 4.5252e+00
141	 2.0000e-03	-1.1000e-02	 6.3667e+00	 4.4026e+00
142	 3.0000e-03	-1.1000e-02	 6.3615e+00	 4.2264e+00
143	 4.0000e-03	-1.1000e-02	 6.3496e+00	 3.9825e+00
144	 5.0000e-03	-1.1000e-02	 6.2941e+00	 3.6841e+00
145	 6.0000e-03	-1.1000e-02	 6.1573e+00	 3.2636e+00
146	 7.0000e-03	-1.1000e-02	 6.0492e+00	 2.7387e+00
147	 8.0000e-03	-1.1000e-02	 5.9328e+00	 2.0389e+00
148	 9.0000e-03	-1.1000e-02	 5.8483e+00	 1.2536e+00
149	 1.0000e-02	-1.1000e-02	 5.7967e+00	 3.9365e-01
150	 1.1000e-02	-1.1000e-02	 5.8076e+00	 9.6415e+00
151	 1.2000e-02	-1.1000e-02	 5.7553e+00	 8.8877e+00
152	 1.3000e-02	-1.1000e-02	 5.7063e+00	 8.0902e+00
153	 1.4000e-02	-1.1000e-02	 5.6077e+00	 7.3673e+00
154	 1.5000e-02	-1.1000e-02	 5.5114e+00	 6.4430e+00
155	-1.5000e-02	-1.0000e-02	 5.2612e+00	 5.4190e+00
156	-1.4000e-02	-1.0000e-02	 5.5055e+00	 6.3733e+00
157	-1.3000e-02	-1.0000e-02	 5.7339e+00	 7.3016e+00
158	-1.2000e-02	-1.0000e-02	 5.8342e+00	 8.0471e+00
159	-1.1000e-02	-1.0000e-02	 5.9292e+00	 8.9505e+00
160	-1.0000e-02	-1.0000e-02	 5.9045e+00	 9.7512e+00
161	-9.0000e-03	-1.0000e-02	 5.8891e+00	 7.5787e-01
162	-8.0000e-03	-1.0000e-02	 5.9604e+00	 1.6332e+00
163	-7.0000e-03	-1.0000e-02	 6.0541e+00	 2.4356e+00
164	-6.0000e-03	-1.0000e-02	 6.1961e+00	 3.0996e+00
165	-5.0000e-03	-1.0000e-02	 6.3273e+00	 3.5979e+00
166	-4.0000e-03	-1.0000e-02	 6.4239e+00	 4.0913e+00
167	-3.0000e-03	-1.0000e-02	 6.4512e+00	 4.4957e+00
168	-2.0000e-03	-1.0000e-02	 6.4571e+00	 4.8116e+00
169	-1.0000e-03	-1.0000e-02	 6.4893e+00	 5.0127e+00
170	 0.0000e+00	-1.0000e-02	 6.4791e+00	 5.0998e+00
171	 1.0000e-03	-1.0000e-02	 6.4617e+00	 5.1587e+00
172	 2.0000e-03	-1.0000e-02	 6.4545e+00	 5.0699e+00
173	 3.0000e-03	-1.0000e-02	 6.4627e+00	 4.9549e+00
174	 4.0000e-03	-1.0000e-02	 6.4216e+00	 4.7110e+00
175	 5.0000e-03	-1.0000e-02	 6.3697e+00	 4.3514e+00
176	 6.0000e-03	-1.0000e-02	 6.2625e+00	 3.9835e+00
177	 7.0000e-03	-1.0000e-02	 6.1363e+00	 3.5154e+00
178	 8.0000e-03	-1.0000e-02	 5.9939e+00	 2.8225e+00
179	 9.0000e-03	-1.0000e-02	 5.8973e+00	 2.1043e+00
180	 1.0000e-02	-1.0000e-02	 5.8838e+00	 1.1415e+00
181	 1.1000e-02	-1.0000e-02	 5.8441e+00	 3.4698e-01
182	 1.2000e-02	-1.0000e-02	 5.8457e+00	 9.4537e+00
183	 1.3000e-02	-1.0000e-02	 5.7885e+00	 8.7414e+00
184	 1.4000e-02	-1.0000e-02	 5.6846e+00	 8.0028e+00
185	 1.5000e-02	-1.0000e-02	 5.5196e+00	 7.1172e+00
186	-1.5000e-02	-9.0000e-03	 5.4266e+00	 5.9782e+00
187	-1.4000e-02	-9.0000e-03	 5.6261e+00	 6.9354e+00
188	-1.3000e-02	-9.0000e-03	 5.7809e+00	 7.7763e+00
189	-1.2000e-02	-9.0000e-03	 5.9239e+00	 8.6369e+00
190	-1.1000e-02	-9.0000e-03	 5.9667e+00	 9.6161e+00
191	-1.0000e-02	-9.0000e-03	 5.9422e+00	 4.9029e-01
192	-9.0000e-03	-9.0000e-03	 5.9315e+00	 1.3933e+00
193	-8.0000e-03	-9.0000e-03	 6.0012e+00	 2.3633e+00
194	-7.0000e-03	-9.0000e-03	 6.1596e+00	 3.1266e+00
195	-6.0000e-03	-9.0000e-03	 6.2934e+00	 3.7600e+00
196	-5.0000e-03	-9.0000e-03	 6.4315e+00	 4.2425e+00
197	-4.0000e-03	-9.0000e-03	 6.5064e+00	 4.6863e+00
198	-3.0000e-03	-9.0000e-03	 6.5146e+00	 5.1192e+00
199	-2.0000e-03	-9.0000e-03	 6.5242e+00	 5.3796e+00
200	-1.0000e-03	-9.0000e-03	 6.5712e+00	 5.5628e+00
201	 0.0000e+00	-9.0000e-03	 6.5902e+00	 5.6948e+00
202	 1.0000e-03	-9.0000e-03	 6.5636e+00	 5.7431e+00
203	 2.0000e-03	-9.0000e-03	 6.5708e+00	 5.6662e+00
204	 3.0000e-03	-9.0000e-03	 6.5498e+00	 5.5360e+00
205	 4.0000e-03	-9.0000e-03	 6.4910e+00	 5.2895e+00
206	 5.0000e-03	-9.0000e-03	 6.4354e+00	 5.0068e+00
207	 6.0000e-03	-9.0000e-03	 6.3746e+00	 4.5959e+00
208	 7.0000e-03	-9.0000e-03	 6.2901e+00	 4.1114e+00
209	 8.0000e-03	-9.0000e-03	 6.0929e+00	 3.6144e+00
210	 9.0000e-03	-9.0000e-03	 5.9318e+00	 2.8712e+00
211	 1.0000e-02	-9.0000e-03	 5.8743e+00	 1.8521e+00
212	 1.1000e-02	-9.0000e-03	 5.8812e+00	 9.1170e-01
213	 1.2000e-02	-9.0000e-03	 5.8792e+00	 3.4994e-01
214	 1.3000e-02	-9.0000e-03	 5.8654e+00	 9.2963e+00
215	 1.4000e-02	-9.0000e-03	 5.7244e+00	 8.5672e+00
216	 1.5000e-02	-9.0000e-03	 5.6228e+00	 7.5366e+00
217	-1.5000e-02	-8.0000e-03	 5.4844e+00	 6.5255e+00
218	-1.4000e-02	-8.0000e-03	 5.6873e+00	 7.4183e+00
219	-1.3000e-02	-8.0000e-03	 5.8835e+00	 8.3157e+00
220	-1.2000e-02	-8.0000e-03	 5.9713e+00	 9.2460e+00
221	-1.1000e-02	-8.0000e-03	 6.0193e+00	 2.2503e-01
222	-1.0000e-02	-8.0000e-03	 5.9772e+00	 1.0600e+00
223	-9.0000e-03	-8.0000e-03	 5.9538e+00	 2.0320e+00
224	-8.0000e-03	-8.0000e-03	 6.0630e+00	 2.9149e+00
225	-7.0000e-03	-8.0000e-03	 6.2510e+00	 3.7294e+00
226	-6.0000e-03	-8.0000e-03	 6.3874e+00	 4.2902e+00
227	-5.0000e-03	-8.0000e-03	 6.5077e+00	 4.7876e+00
228	-4.0000e-03	-8.0000e-03	 6.5551e+00	 5.2481e+00
229	-3.0000e-03	-8.0000e-03	 6.5416e+00	 5.5752e+00
230	-2.0000e-03	-8.0000e-03	 6.5932e+00	 5.8539e+00
231	-1.0000e-03	-8.0000e-03	 6.6875e+00	 6.0952e+00
232	 0.0000e+00	-8.0000e-03	 6.7014e+00	 6.2421e+00
233	 1.0000e-03	-8.0000e-03	 6.6958e+00	 6.2812e+00
234	 2.0000e-03	-8.0000e-03	 6.6875e+00	 6.2250e+00
235	 3.0000e-03	-8.0000e-03	 6.6392e+00	 6.1192e+00
236	 4.0000e-03	-8.0000e-03	 6.5396e+00	 5.8266e+00
237	 5.0000e-03	-8.0000e-03	 6.4877e+00	 5.5213e+00
238	 6.0000e-03	-8.0000e-03	 6.4581e+00	 5.1432e+00
239	 7.0000e-03	-8.0000e-03	 6.3588e+00	 4.7106e+00
240	 8.0000e-03	-8.0000e-03	 6.2290e+00	 4.2041e+00
241	 9.0000e-03	-8.0000e-03	 6.0124e+00	 3.5283e+00
242	 1.0000e-02	-8.0000e-03	 5.9101e+00	 2.6690e+00
243	 1.1000e-02	-8.0000e-03	 5.8802e+00	 1.5928e+00
244	 1.2000e-02	-8.0000e-03	 5.8937e+00	 6.3789e-01
245	 1.3000e-02	-8.0000e-03	 5.9026e+00	 9.7253e+00
246	 1.4000e-02	-8.0000e-03	 5.8467e+00	 8.9399e+00
247	 1.5000e-02	-8.0000e-03	 5.6853e+00	 8.0136e+00
248	-1.5000e-02	-7.0000e-03	 5.5452e+00	 6.9032e+00
249	-1.4000e-02	-7.0000e-03	 5.7964e+00	 7.8266e+00
250	-1.3000e-02	-7.0000e-03	 5.9614e+00	 8.7871e+00
251	-1.2000e-02	-7.0000e-03	 6.0160e+00	 9.6931e+00
252	-1.1000e-02	-7.0000e-03	 6.0252e+00	 6.4380e-01
253	-1.0000e-02	-7.0000e-03	 5.9900e+00	 1.5635e+00
254	-9.0000e-03	-7.0000e-03	 5.9985e+00	 2.6013e+00
255	-8.0000e-03	-7.0000e-03	 6.1724e+00	 3.4231e+00
256	-7.0000e-03	-7.0000e-03	 6.3503e+00	 4.1568e+00
257	-6.0000e-03	-7.0000e-03	 6.4847e+00	 4.7544e+00
258	-5.0000e-03	-7.0000e-03	 6.5669e+00	 5.2668e+00
259	-4.0000e-03	-7.0000e-03	 6.6090e+00	 5.7047e+00
260	-3.0000e-03	-7.0000e-03	 6.6090e+00	 6.0337e+00
261	-2.0000e-03	-7.0000e-03	 6.6935e+00	 6.2661e+00
262	-1.0000e-03	-7.0000e-03	 6.7806e+00	 6.5406e+00
263	 0.0000e+00	-7.0000e-03	 6.8161e+00	 6.7461e+00
264	 1.0000e-03	-7.0000e-03	 6.8226e+00	 6.7802e+00
265	 2.0000e-03	-7.0000e-03	 6.8069e+00	 6.7401e+00
266	 3.0000e-03	-7.0000e-03	 6.7063e+00	 6.6106e+00
267	 4.0000e-03	-7.0000e-03	 6.6037e+00	 6.2937e+00
268	 5.0000e-03	-7.0000e-03	 6.5518e+00	 5.9680e+00
269	 6.0000e-03	-7.0000e-03	 6.4972e+00	 5.6557e+00
270	 7.0000e-03	-7.0000e-03	 6.4407e+00	 5.1689e+00
271	 8.0000e-03	-7.0000e-03	 6.3056e+00	 4.6784e+00
272	 9.0000e-03	-7.0000e-03	 6.1386e+00	 4.0259e+00
273	 1.0000e-02	-7.0000e-03	 5.9407e+00	 3.2114e+00
274	 1.1000e-02	-7.0000e-03	 5.8556e+00	 2.2219e+00
275	 1.2000e-02	-7.0000e-03	 5.8500e+00	 1.1283e+00
276	 1.3000e-02	-7.0000e-03	 5.9348e+00	 3.1082e-01
277	 1.4000e-02	-7.0000e-03	 5.8713e+00	 9.3239e+00
278	 1.5000e-02	-7.0000e-03	 5.7494e+00	 8.4679e+00
279	-1.5000e-02	-6.0000e-03	 5.6455e+00	 7.2395e+00
280	-1.4000e-02	-6.0000e-03	 5.8352e+00	 8.1937e+00
281	-1.3000e-02	-6.0000e-03	 5.9535e+00	 9.1566e+00
282	-1.2000e-02	-6.0000e-03	 6.0457e+00	 2.7302e-01
283	-1.1000e-02	-6.0000e-03	 6.0403e+00	 1.0172e+00
284	-1.0000e-02	-6.0000e-03	 6.0104e+00	 2.0175e+00
285	-9.0000e-03	-6.0000e-03	 6.0663e+00	 3.0355e+00
286	-8.0000e-03	-6.0000e-03	 6.2727e+00	 3.8356e+00
287	-7.0000e-03	-6.0000e-03	 6.4584e+00	 4.5545e+00
288	-6.0000e-03	-6.0000e-03	 6.5656e+00	 5.1738e+00
289	-5.0000e-03	-6.0000e-03	 6.5968e+00	 5.7428e+00
290	-4.0000e-03	-6.0000e-03	 6.6313e+00	 6.1498e+00
291	-3.0000e-03	-6.0000e-03	 6.6652e+00	 6.4292e+00
292	-2.0000e-03	-6.0000e-03	 6.7704e+00	 6.6698e+00
293	-1.0000e-03	-6.0000e-03	 6.8680e+00	 6.9492e+00
294	 0.0000e+00	-6.0000e-03	 6.9042e+00	 7.1823e+00
295	 1.0000e-03	-6.0000e-03	 6.9088e+00	 7.2375e+00
296	 2.0000e-03	-6.0000e-03	 6.8746e+00	 7.1701e+00
297	 3.0000e-03	-6.0000e-03	 6.7960e+00	 7.0429e+00
298	 4.0000e-03	-6.0000e-03	 6.6902e+00	 6.7066e+00
299	 5.0000e-03	-6.0000e-03	 6.6070e+00	 6.3782e+00
300	 6.0000e-03	-6.0000e-03	 6.5584e+00	 6.0495e+00
301	 7.0000e-03	-6.0000e-03	 6.4985e+00	 5.6034e+00
302	 8.0000e-03	-6.0000e-03	 6.3805e+00	 5.0515e+00
303	 9.0000e-03	-6.0000e-03	 6.1941e+00	 4.4062e+00
304	 1.0000e-02	-6.0000e-03	 5.9831e+00	 3.6703e+00
305	 1.1000e-02	-6.0000e-03	 5.8227e+00	 2.7130e+00
306	 1.2000e-02	-6.0000e-03	 5.8434e+00	 1.6007e+00
307	 1.3000e-02	-6.0000e-03	 5.9164e+00	 6.3789e-01
308	 1.4000e-02	-6.0000e-03	 5.8976e+00	 9.6418e+00
309	 1.5000e-02	-6.0000e-03	 5.8779e+00	 8.7766e+00
310	-1.5000e-02	-5.0000e-03	 5.7724e+00	 7.5320e+00
311	-1.4000e-02	-5.0000e-03	 5.8865e+00	 8.4465e+00
312	-1.3000e-02	-5.0000e-03	 6.0245e+00	 9.4265e+00
313	-1.2000e-02	-5.0000e-03	 6.0735e+00	 3.6144e-01
314	-1.1000e-02	-5.0000e-03	 6.0367e+00	 1.2897e+00
315	-1.0000e-02	-5.0000e-03	 6.0235e+00	 2.3511e+00
316	-9.0000e-03	-5.0000e-03	 6.1425e+00	 3.3642e+00
317	-8.0000e-03	-5.0000e-03	 6.3457e+00	 4.1676e+00
318	-7.0000e-03	-5.0000e-03	 6.5353e+00	 4.8605e+00
319	-6.0000e-03	-5.0000e-03	 6.5958e+00	 5.5443e+00
320	-5.0000e-03	-5.0000e-03	 6.6205e+00	 6.0886e+00
321	-4.0000e-03	-5.0000e-03	 6.6718e+00	 6.4998e+00
322	-3.0000e-03	-5.0000e-03	 6.7125e+00	 6.7556e+00
323	-2.0000e-03	-5.0000e-03	 6.8457e+00	 7.0126e+00
324	-1.0000e-03	-5.0000e-03	 6.9246e+00	 7.2687e+00
325	 0.0000e+00	-5.0000e-03	 6.9591e+00	 7.4709e+00
326	 1.0000e-03	-5.0000e-03	 6.9555e+00	 7.5245e+00
327	 2.0000e-03	-5.0000e-03	 6.9272e+00	 7.4801e+00
328	 3.0000e-03	-5.0000e-03	 6.8420e+00	 7.3644e+00
329	 4.0000e-03	-5.0000e-03	 6.7401e+00	 7.0777e+00
330	 5.0000e-03	-5.0000e-03	 6.6419e+00	 6.7940e+00
331	 6.0000e-03	-5.0000e-03	 6.5771e+00	 6.4758e+00
332	 7.0000e-03	-5.0000e-03	 6.5488e+00	 6.0331e+00
333	 8.0000e-03	-5.0000e-03	 6.4532e+00	 5.4042e+00
334	 9.0000e-03	-5.0000e-03	 6.3056e+00	 4.7195e+00
335	 1.0000e-02	-5.0000e-03	 6.0528e+00	 4.0424e+00
336	 1.1000e-02	-5.0000e-03	 5.8250e+00	 3.1719e+00
337	 1.2000e-02	-5.0000e-03	 5.7941e+00	 2.0635e+00
338	 1.3000e-02	-5.0000e-03	 5.9068e+00	 9.2551e-01
339	 1.4000e-02	-5.0000e-03	 5.9607e+00	 9.7305e+00
340	 1.5000e-02	-5.0000e-03	 5.9170e+00	 9.0205e+00
341	-1.5000e-02	-4.0000e-03	 5.7964e+00	 7.7786e+00
342	-1.4000e-02	-4.0000e-03	 5.9463e+00	 8.6806e+00
343	-1.3000e-02	-4.0000e-03	 6.0511e+00	 9.6313e+00
344	-1.2000e-02	-4.0000e-03	 6.0919e+00	 4.9687e-01
345	-1.1000e-02	-4.0000e-03	 6.0462e+00	 1.4892e+00
346	-1.0000e-02	-4.0000e-03	 6.0189e+00	 2.6716e+00
347	-9.0000e-03	-4.0000e-03	 6.1659e+00	 3.6798e+00
348	-8.0000e-03	-4.0000e-03	 6.4140e+00	 4.4039e+00
349	-7.0000e-03	-4.0000e-03	 6.5847e+00	 5.1695e+00
350	-6.0000e-03	-4.0000e-03	 6.6182e+00	 5.8579e+00
351	-5.0000e-03	-4.0000e-03	 6.6313e+00	 6.4246e+00
352	-4.0000e-03	-4.0000e-03	 6.6714e+00	 6.7954e+00
353	-3.0000e-03	-4.0000e-03	 6.7490e+00	 7.0672e+00
354	-2.0000e-03	-4.0000e-03	 6.8762e+00	 7.3190e+00
355	-1.0000e-03	-4.0000e-03	 6.9601e+00	 7.5271e+00
356	 0.0000e+00	-4.0000e-03	 6.9956e+00	 7.6494e+00
357	 1.0000e-03	-4.0000e-03	 6.9794e+00	 7.6862e+00
358	 2.0000e-03	-4.0000e-03	 6.9522e+00	 7.6974e+00
359	 3.0000e-03	-4.0000e-03	 6.8963e+00	 7.5981e+00
360	 4.0000e-03	-4.0000e-03	 6.7707e+00	 7.3910e+00
361	 5.0000e-03	-4.0000e-03	 6.6185e+00	 7.1257e+00
362	 6.0000e-03	-4.0000e-03	 6.5679e+00	 6.7825e+00
363	 7.0000e-03	-4.0000e-03	 6.5639e+00	 6.2931e+00
364	 8.0000e-03	-4.0000e-03	 6.5084e+00	 5.7050e+00
365	 9.0000e-03	-4.0000e-03	 6.3615e+00	 4.9785e+00
366	 1.0000e-02	-4.0000e-03	 6.1126e+00	 4.2846e+00
367	 1.1000e-02	-4.0000e-03	 5.8625e+00	 3.4839e+00
368	 1.2000e-02	-4.0000e-03	 5.7707e+00	 2.3807e+00
369	 1.3000e-02	-4.0000e-03	 5.8335e+00	 1.1891e+00
370	 1.4000e-02	-4.0000e-03	 5.9588e+00	 2.0267e-01
371	 1.5000e-02	-4.0000e-03	 5.9601e+00	 9.1701e+00
372	-1.5000e-02	-3.0000e-03	 5.8296e+00	 7.9860e+00
373	-1.4000e-02	-3.0000e-03	 5.9703e+00	 8.8463e+00
374	-1.3000e-02	-3.0000e-03	 6.0820e+00	 9.7726e+00
375	-1.2000e-02	-3.0000e-03	 6.1333e+00	 7.2434e-01
376	-1.1000e-02	-3.0000e-03	 6.0584e+00	 1.7335e+00
377	-1.0000e-02	-3.0000e-03	 6.0732e+00	 2.8327e+00
378	-9.0000e-03	-3.0000e-03	 6.2267e+00	 3.8547e+00
379	-8.0000e-03	-3.0000e-03	 6.4443e+00	 4.6018e+00
380	-7.0000e-03	-3.0000e-03	 6.6106e+00	 5.3457e+00
381	-6.0000e-03	-3.0000e-03	 6.6445e+00	 6.0883e+00
382	-5.0000e-03	-3.0000e-03	 6.6294e+00	 6.6073e+00
383	-4.0000e-03	-3.0000e-03	 6.6626e+00	 6.9877e+00
384	-3.0000e-03	-3.0000e-03	 6.7566e+00	 7.2631e+00
385	-2.0000e-03	-3.0000e-03	 6.8782e+00	 7.4857e+00
386	-1.0000e-03	-3.0000e-03	 6.9660e+00	 7.6813e+00
387	 0.0000e+00	-3.0000e-03	 7.0100e+00	 7.7720e+00
388	 1.0000e-03	-3.0000e-03	 7.0084e+00	 7.8272e+00
389	 2.0000e-03	-3.0000e-03	 6.9732e+00	 7.8489e+00
390	 3.0000e-03	-3.0000e-03	 6.8907e+00	 7.7457e+00
391	 4.0000e-03	-3.0000e-03	 6.7625e+00	 7.6024e+00
392	 5.0000e-03	-3.0000e-03	 6.6146e+00	 7.3627e+00
393	 6.0000e-03	-3.0000e-03	 6.5390e+00	 7.0048e+00
394	 7.0000e-03	-3.0000e-03	 6.5580e+00	 6.5261e+00
395	 8.0000e-03	-3.0000e-03	 6.5554e+00	 5.8911e+00
396	 9.0000e-03	-3.0000e-03	 6.4403e+00	 5.0857e+00
397	 1.0000e-02	-3.0000e-03	 6.2027e+00	 4.4431e+00
398	 1.1000e-02	-3.0000e-03	 5.8868e+00	 3.6893e+00
399	 1.2000e-02	-3.0000e-03	 5.7306e+00	 2.5947e+00
400	 1.3000e-02	-3.0000e-03	 5.8279e+00	 1.3558e+00
401	 1.4000e-02	-3.0000e-03	 5.9686e+00	 3.5092e-01
402	 1.5000e-02	-3.0000e-03	 5.9522e+00	 9.3364e+00
403	-1.5000e-02	-2.0000e-03	 5.8243e+00	 8.2085e+00
404	-1.4000e-02	-2.0000e-03	 6.0193e+00	 8.9238e+00
405	-1.3000e-02	-2.0000e-03	 6.0705e+00	 9.7871e+00
406	-1.2000e-02	-2.0000e-03	 6.1064e+00	 7.9304e-01
407	-1.1000e-02	-2.0000e-03	 6.0840e+00	 1.8242e+00
408	-1.0000e-02	-2.0000e-03	 6.0945e+00	 2.9760e+00
409	-9.0000e-03	-2.0000e-03	 6.2540e+00	 3.9809e+00
410	-8.0000e-03	-2.0000e-03	 6.4689e+00	 4.7248e+00
411	-7.0000e-03	-2.0000e-03	 6.6425e+00	 5.4736e+00
412	-6.0000e-03	-2.0000e-03	 6.6560e+00	 6.1859e+00
413	-5.0000e-03	-2.0000e-03	 6.6389e+00	 6.7102e+00
414	-4.0000e-03	-2.0000e-03	 6.6616e+00	 7.0869e+00
415	-3.0000e-03	-2.0000e-03	 6.7720e+00	 7.3746e+00
416	-2.0000e-03	-2.0000e-03	 6.8644e+00	 7.6159e+00
417	-1.0000e-03	-2.0000e-03	 6.9729e+00	 7.7556e+00
418	 0.0000e+00	-2.0000e-03	 7.0196e+00	 7.8348e+00
419	 1.0000e-03	-2.0000e-03	 7.0123e+00	 7.8755e+00
420	 2.0000e-03	-2.0000e-03	 6.9873e+00	 7.8788e+00
421	 3.0000e-03	-2.0000e-03	 6.8900e+00	 7.8328e+00
422	 4.0000e-03	-2.0000e-03	 6.7638e+00	 7.6707e+00
423	 5.0000e-03	-2.0000e-03	 6.6165e+00	 7.4689e+00
424	 6.0000e-03	-2.0000e-03	 6.5087e+00	 7.1234e+00
425	 7.0000e-03	-2.0000e-03	 6.5755e+00	 6.6244e+00
426	 8.0000e-03	-2.0000e-03	 6.5833e+00	 5.9667e+00
427	 9.0000e-03	-2.0000e-03	 6.4765e+00	 5.1656e+00
428	 1.0000e-02	-2.0000e-03	 6.2576e+00	 4.5246e+00
429	 1.1000e-02	-2.0000e-03	 5.9387e+00	 3.8879e+00
430	 1.2000e-02	-2.0000e-03	 5.7724e+00	 2.8735e+00
431	 1.3000e-02	-2.0000e-03	 5.8184e+00	 1.5706e+00
432	 1.4000e-02	-2.0000e-03	 5.9374e+00	 4.6203e-01
433	 1.5000e-02	-2.0000e-03	 5.9657e+00	 9.4465e+00
434	-1.5000e-02	-1.0000e-03	 5.8779e+00	 8.2562e+00
435	-1.4000e-02	-1.0000e-03	 5.9995e+00	 9.0405e+00
436	-1.3000e-02	-1.0000e-03	 6.1143e+00	 9.8153e+00
437	-1.2000e-02	-1.0000e-03	 6.0968e+00	 8.5582e-01
438	-1.1000e-02	-1.0000e-03	 6.0528e+00	 1.8581e+00
439	-1.0000e-02	-1.0000e-03	 6.0912e+00	 3.1121e+00
440	-9.0000e-03	-1.0000e-03	 6.2773e+00	 4.0407e+00
441	-8.0000e-03	-1.0000e-03	 6.4933e+00	 4.8260e+00
442	-7.0000e-03	-1.0000e-03	 6.6346e+00	 5.5840e+00
443	-6.0000e-03	-1.0000e-03	 6.6731e+00	 6.2326e+00
444	-5.0000e-03	-1.0000e-03	 6.6540e+00	 6.7724e+00
445	-4.0000e-03	-1.0000e-03	 6.6875e+00	 7.1639e+00
446	-3.0000e-03	-1.0000e-03	 6.7960e+00	 7.4505e+00
447	-2.0000e-03	-1.0000e-03	 6.9019e+00	 7.6829e+00
448	-1.0000e-03	-1.0000e-03	 6.9555e+00	 7.8384e+00
449	 0.0000e+00	-1.0000e-03	 7.0041e+00	 7.9041e+00
450	 1.0000e-03	-1.0000e-03	 7.0034e+00	 7.9193e+00
451	 2.0000e-03	-1.0000e-03	 6.9870e+00	 7.9505e+00
452	 3.0000e-03	-1.0000e-03	 6.9134e+00	 7.8568e+00
453	 4.0000e-03	-1.0000e-03	 6.7707e+00	 7.7575e+00
454	 5.0000e-03	-1.0000e-03	 6.6379e+00	 7.4955e+00
455	 6.0000e-03	-1.0000e-03	 6.5344e+00	 7.1971e+00
456	 7.0000e-03	-1.0000e-03	 6.5590e+00	 6.6800e+00
457	 8.0000e-03	-1.0000e-03	 6.5909e+00	 6.0186e+00
458	 9.0000e-03	-1.0000e-03	 6.5038e+00	 5.2363e+00
459	 1.0000e-02	-1.0000e-03	 6.2957e+00	 4.5811e+00
460	 1.1000e-02	-1.0000e-03	 5.9775e+00	 3.9911e+00
461	 1.2000e-02	-1.0000e-03	 5.7813e+00	 2.9356e+00
462	 1.3000e-02	-1.0000e-03	 5.7688e+00	 1.6263e+00
463	 1.4000e-02	-1.0000e-03	 5.8980e+00	 5.0443e-01
464	 1.5000e-02	-1.0000e-03	 5.9473e+00	 9.4943e+00
465	-1.5000e-02	 0.0000e+00	 5.8989e+00	 8.2552e+00
466	-1.4000e-02	 0.0000e+00	 6.0189e+00	 8.9912e+00
467	-1.3000e-02	 0.0000e+00	 6.0870e+00	 9.8269e+00
468	-1.2000e-02	 0.0000e+00	 6.0682e+00	 8.4202e-01
469	-1.1000e-02	 0.0000e+00	 6.0360e+00	 1.8521e+00
470	-1.0000e-02	 0.0000e+00	 6.0896e+00	 3.0551e+00
471	-9.0000e-03	 0.0000e+00	 6.2740e+00	 4.0802e+00
472	-8.0000e-03	 0.0000e+00	 6.4824e+00	 4.8617e+00
473	-7.0000e-03	 0.0000e+00	 6.6356e+00	 5.5679e+00
474	-6.0000e-03	 0.0000e+00	 6.6635e+00	 6.1830e+00
475	-5.0000e-03	 0.0000e+00	 6.6705e+00	 6.7188e+00
476	-4.0000e-03	 0.0000e+00	 6.7178e+00	 7.1053e+00
477	-3.0000e-03	 0.0000e+00	 6.8010e+00	 7.4686e+00
478	-2.0000e-03	 0.0000e+00	 6.9121e+00	 7.7194e+00
479	-1.0000e-03	 0.0000e+00	 6.9676e+00	 7.8864e+00
480	 0.0000e+00	 0.0000e+00	 6.9926e+00	 7.9495e+00
481	 1.0000e-03	 0.0000e+00	 6.9942e+00	 7.9745e+00
482	 2.0000e-03	 0.0000e+00	 6.9771e+00	 7.9886e+00
483	 3.0000e-03	 0.0000e+00	 6.9124e+00	 7.9058e+00
484	 4.0000e-03	 0.0000e+00	 6.7980e+00	 7.7664e+00
485	 5.0000e-03	 0.0000e+00	 6.6563e+00	 7.5067e+00
486	 6.0000e-03	 0.0000e+00	 6.5656e+00	 7.1895e+00
487	 7.0000e-03	 0.0000e+00	 6.5708e+00	 6.6343e+00
488	 8.0000e-03	 0.0000e+00	 6.5774e+00	 5.9828e+00
489	 9.0000e-03	 0.0000e+00	 6.4939e+00	 5.2372e+00
490	 1.0000e-02	 0.0000e+00	 6.2612e+00	 4.5913e+00
491	 1.1000e-02	 0.0000e+00	 5.9897e+00	 3.9776e+00
492	 1.2000e-02	 0.0000e+00	 5.8039e+00	 3.0046e+00
493	 1.3000e-02	 0.0000e+00	 5.7011e+00	 1.6201e+00
494	 1.4000e-02	 0.0000e+00	 5.8621e+00	 5.7938e-01
495	 1.5000e-02	 0.0000e+00	 5.9197e+00	 9.4641e+00
496	-1.5000e-02	 1.0000e-03	 5.8736e+00	 8.2368e+00
497	-1.4000e-02	 1.0000e-03	 6.0071e+00	 9.0257e+00
498	-1.3000e-02	 1.0000e-03	 6.0587e+00	 9.7555e+00
499	-1.2000e-02	 1.0000e-03	 6.0791e+00	 7.0100e-01
500	-1.1000e-02	 1.0000e-03	 6.0193e+00	 1.7335e+00
501	-1.0000e-02	 1.0000e-03	 6.0725e+00	 2.9579e+00
502	-9.0000e-03	 1.0000e-03	 6.2405e+00	 3.9875e+00
503	-8.0000e-03	 1.0000e-03	 6.4829e+00	 4.7570e+00
504	-7.0000e-03	 1.0000e-03	 6.6294e+00	 5.4716e+00
505	-6.0000e-03	 1.0000e-03	 6.6537e+00	 6.0472e+00
506	-5.0000e-03	 1.0000e-03	 6.6787e+00	 6.5301e+00
507	-4.0000e-03	 1.0000e-03	 6.7148e+00	 6.9883e+00
508	-3.0000e-03	 1.0000e-03	 6.7954e+00	 7.3302e+00
509	-2.0000e-03	 1.0000e-03	 6.8940e+00	 7.6412e+00
510	-1.0000e-03	 1.0000e-03	 6.9584e+00	 7.8663e+00
511	 0.0000e+00	 1.0000e-03	 6.9890e+00	 7.9942e+00
512	 1.0000e-03	 1.0000e-03	 6.9847e+00	 8.0041e+00
513	 2.0000e-03	 1.0000e-03	 6.9712e+00	 7.9916e+00
514	 3.0000e-03	 1.0000e-03	 6.9160e+00	 7.8683e+00
515	 4.0000e-03	 1.0000e-03	 6.8111e+00	 7.6721e+00
516	 5.0000e-03	 1.0000e-03	 6.6665e+00	 7.3880e+00
517	 6.0000e-03	 1.0000e-03	 6.5787e+00	 6.9873e+00
518	 7.0000e-03	 1.0000e-03	 6.5590e+00	 6.4094e+00
519	 8.0000e-03	 1.0000e-03	 6.5501e+00	 5.7869e+00
520	 9.0000e-03	 1.0000e-03	 6.4647e+00	 5.1274e+00
521	 1.0000e-02	 1.0000e-03	 6.2487e+00	 4.5630e+00
522	 1.1000e-02	 1.0000e-03	 6.0051e+00	 3.8376e+00
523	 1.2000e-02	 1.0000e-03	 5.8270e+00	 2.9425e+00
524	 1.3000e-02	 1.0000e-03	 5.7655e+00	 1.6595e+00
525	 1.4000e-02	 1.0000e-03	 5.7885e+00	 4.2784e-01
526	 1.5000e-02	 1.0000e-03	 5.8536e+00	 9.3581e+00
527	-1.5000e-02	 2.0000e-03	 5.8579e+00	 8.1221e+00
528	-1.4000e-02	 2.0000e-03	 5.9890e+00	 8.9120e+00
529	-1.3000e-02	 2.0000e-03	 6.0387e+00	 9.6950e+00
530	-1.2000e-02	 2.0000e-03	 6.0620e+00	 5.6130e-01
531	-1.1000e-02	 2.0000e-03	 6.0360e+00	 1.5744e+00
532	-1.0000e-02	 2.0000e-03	 6.0820e+00	 2.7433e+00
533	-9.0000e-03	 2.0000e-03	 6.2540e+00	 3.8438e+00
534	-8.0000e-03	 2.0000e-03	 6.4190e+00	 4.6521e+00
535	-7.0000e-03	 2.0000e-03	 6.5751e+00	 5.3290e+00
536	-6.0000e-03	 2.0000e-03	 6.6422e+00	 5.8411e+00
537	-5.0000e-03	 2.0000e-03	 6.6497e+00	 6.3407e+00
538	-4.0000e-03	 2.0000e-03	 6.7040e+00	 6.7710e+00
539	-3.0000e-03	 2.0000e-03	 6.7595e+00	 7.1178e+00
540	-2.0000e-03	 2.0000e-03	 6.8486e+00	 7.4489e+00
541	-1.0000e-03	 2.0000e-03	 6.9347e+00	 7.7049e+00
542	 0.0000e+00	 2.0000e-03	 6.9854e+00	 7.8956e+00
543	 1.0000e-03	 2.0000e-03	 6.9840e+00	 7.9498e+00
544	 2.0000e-03	 2.0000e-03	 6.9643e+00	 7.8769e+00
545	 3.0000e-03	 2.0000e-03	 6.8871e+00	 7.7549e+00
546	 4.0000e-03	 2.0000e-03	 6.7684e+00	 7.4837e+00
547	 5.0000e-03	 2.0000e-03	 6.6330e+00	 7.0971e+00
548	 6.0000e-03	 2.0000e-03	 6.5577e+00	 6.7060e+00
549	 7.0000e-03	 2.0000e-03	 6.5347e+00	 6.1876e+00
550	 8.0000e-03	 2.0000e-03	 6.5074e+00	 5.6057e+00
551	 9.0000e-03	 2.0000e-03	 6.4108e+00	 5.0229e+00
552	 1.0000e-02	 2.0000e-03	 6.2001e+00	 4.4135e+00
553	 1.1000e-02	 2.0000e-03	 5.9690e+00	 3.7067e+00
554	 1.2000e-02	 2.0000e-03	 5.8306e+00	 2.6877e+00
555	 1.3000e-02	 2.0000e-03	 5.7898e+00	 1.4156e+00
556	 1.4000e-02	 2.0000e-03	 5.7665e+00	 3.8248e-01
557	 1.5000e-02	 2.0000e-03	 5.7642e+00	 9.2591e+00
558	-1.5000e-02	 3.0000e-03	 5.7793e+00	 7.9130e+00
559	-1.4000e-02	 3.0000e-03	 5.9266e+00	 8.7164e+00
560	-1.3000e-02	 3.0000e-03	 6.0097e+00	 9.5238e+00
561	-1.2000e-02	 3.0000e-03	 6.0364e+00	 4.2652e-01
562	-1.1000e-02	 3.0000e-03	 6.0373e+00	 1.3844e+00
563	-1.0000e-02	 3.0000e-03	 6.0600e+00	 2.5079e+00
564	-9.0000e-03	 3.0000e-03	 6.1925e+00	 3.5204e+00
565	-8.0000e-03	 3.0000e-03	 6.3588e+00	 4.4339e+00
566	-7.0000e-03	 3.0000e-03	 6.5192e+00	 5.0972e+00
567	-6.0000e-03	 3.0000e-03	 6.5889e+00	 5.6251e+00
568	-5.0000e-03	 3.0000e-03	 6.5945e+00	 6.0860e+00
569	-4.0000e-03	 3.0000e-03	 6.6438e+00	 6.4933e+00
570	-3.0000e-03	 3.0000e-03	 6.6964e+00	 6.8598e+00
571	-2.0000e-03	 3.0000e-03	 6.7967e+00	 7.1783e+00
572	-1.0000e-03	 3.0000e-03	 6.8933e+00	 7.4308e+00
573	 0.0000e+00	 3.0000e-03	 6.9755e+00	 7.6392e+00
574	 1.0000e-03	 3.0000e-03	 6.9725e+00	 7.6984e+00
575	 2.0000e-03	 3.0000e-03	 6.9324e+00	 7.6530e+00
576	 3.0000e-03	 3.0000e-03	 6.8414e+00	 7.4794e+00
577	 4.0000e-03	 3.0000e-03	 6.6961e+00	 7.1892e+00
578	 5.0000e-03	 3.0000e-03	 6.5498e+00	 6.8519e+00
579	 6.0000e-03	 3.0000e-03	 6.4969e+00	 6.4144e+00
580	 7.0000e-03	 3.0000e-03	 6.4755e+00	 5.9555e+00
581	 8.0000e-03	 3.0000e-03	 6.4512e+00	 5.4082e+00
582	 9.0000e-03	 3.0000e-03	 6.3414e+00	 4.8490e+00
583	 1.0000e-02	 3.0000e-03	 6.1701e+00	 4.1949e+00
584	 1.1000e-02	 3.0000e-03	 5.9916e+00	 3.4526e+00
585	 1.2000e-02	 3.0000e-03	 5.8368e+00	 2.4208e+00
586	 1.3000e-02	 3.0000e-03	 5.8174e+00	 1.2039e+00
587	 1.4000e-02	 3.0000e-03	 5.7806e+00	 7.6507e+00
588	 1.5000e-02	 3.0000e-03	 5.7612e+00	 9.0307e+00
589	-1.5000e-02	 4.0000e-03	 5.7162e+00	 7.6724e+00
590	-1.4000e-02	 4.0000e-03	 5.8556e+00	 8.5110e+00
591	-1.3000e-02	 4.0000e-03	 5.9864e+00	 9.3515e+00
592	-1.2000e-02	 4.0000e-03	 6.0127e+00	 2.5395e-01
593	-1.1000e-02	 4.0000e-03	 6.0429e+00	 1.1503e+00
594	-1.0000e-02	 4.0000e-03	 6.0429e+00	 2.1960e+00
595	-9.0000e-03	 4.0000e-03	 6.1504e+00	 3.2860e+00
596	-8.0000e-03	 4.0000e-03	 6.3112e+00	 4.1834e+00
597	-7.0000e-03	 4.0000e-03	 6.4473e+00	 4.8582e+00
598	-6.0000e-03	 4.0000e-03	 6.5452e+00	 5.3654e+00
599	-5.0000e-03	 4.0000e-03	 6.5784e+00	 5.8398e+00
600	-4.0000e-03	 4.0000e-03	 6.6070e+00	 6.2395e+00
601	-3.0000e-03	 4.0000e-03	 6.6363e+00	 6.5876e+00
602	-2.0000e-03	 4.0000e-03	 6.7161e+00	 6.8821e+00
603	-1.0000e-03	 4.0000e-03	 6.8286e+00	 7.1195e+00
604	 0.0000e+00	 4.0000e-03	 6.9117e+00	 7.2664e+00
605	 1.0000e-03	 4.0000e-03	 6.9246e+00	 7.3387e+00
606	 2.0000e-03	 4.0000e-03	 6.8720e+00	 7.3009e+00
607	 3.0000e-03	 4.0000e-03	 6.7510e+00	 7.1780e+00
608	 4.0000e-03	 4.0000e-03	 6.5991e+00	 6.9647e+00
609	 5.0000e-03	 4.0000e-03	 6.4946e+00	 6.5962e+00
610	 6.0000e-03	 4.0000e-03	 6.4341e+00	 6.1540e+00
611	 7.0000e-03	 4.0000e-03	 6.4489e+00	 5.6442e+00
612	 8.0000e-03	 4.0000e-03	 6.4170e+00	 5.1284e+00
613	 9.0000e-03	 4.0000e-03	 6.2858e+00	 4.5854e+00
614	 1.0000e-02	 4.0000e-03	 6.1251e+00	 3.9615e+00
615	 1.1000e-02	 4.0000e-03	 5.9604e+00	 3.1315e+00
616	 1.2000e-02	 4.0000e-03	 5.8217e+00	 2.0017e+00
617	 1.3000e-02	 4.0000e-03	 5.7846e+00	 7.9172e-01
618	 1.4000e-02	 4.0000e-03	 5.8187e+00	 9.6492e+00
619	 1.5000e-02	 4.0000e-03	 5.7921e+00	 8.8535e+00
620	-1.5000e-02	 5.0000e-03	 5.6287e+00	 7.3016e+00
621	-1.4000e-02	 5.0000e-03	 5.7652e+00	 8.2792e+00
622	-1.3000e-02	 5.0000e-03	 5.8625e+00	 9.1507e+00
623	-1.2000e-02	 5.0000e-03	 5.9897e+00	 9.7660e+00
624	-1.1000e-02	 5.0000e-03	 5.9769e+00	 7.9961e-01
625	-1.0000e-02	 5.0000e-03	 6.0298e+00	 1.8663e+00
626	-9.0000e-03	 5.0000e-03	 6.0889e+00	 2.9234e+00
627	-8.0000e-03	 5.0000e-03	 6.2467e+00	 3.8008e+00
628	-7.0000e-03	 5.0000e-03	 6.3795e+00	 4.4796e+00
629	-6.0000e-03	 5.0000e-03	 6.4867e+00	 5.0203e+00
630	-5.0000e-03	 5.0000e-03	 6.5192e+00	 5.4667e+00
631	-4.0000e-03	 5.0000e-03	 6.5416e+00	 5.8999e+00
632	-3.0000e-03	 5.0000e-03	 6.5738e+00	 6.2589e+00
633	-2.0000e-03	 5.0000e-03	 6.6248e+00	 6.5383e+00
634	-1.0000e-03	 5.0000e-03	 6.7211e+00	 6.7418e+00
635	 0.0000e+00	 5.0000e-03	 6.7858e+00	 6.8871e+00
636	 1.0000e-03	 5.0000e-03	 6.7996e+00	 6.9476e+00
637	 2.0000e-03	 5.0000e-03	 6.7562e+00	 6.9877e+00
638	 3.0000e-03	 5.0000e-03	 6.6356e+00	 6.9111e+00
639	 4.0000e-03	 5.0000e-03	 6.5117e+00	 6.6264e+00
640	 5.0000e-03	 5.0000e-03	 6.4190e+00	 6.1902e+00
641	 6.0000e-03	 5.0000e-03	 6.3983e+00	 5.7451e+00
642	 7.0000e-03	 5.0000e-03	 6.3963e+00	 5.2570e+00
643	 8.0000e-03	 5.0000e-03	 6.3759e+00	 4.7879e+00
644	 9.0000e-03	 5.0000e-03	 6.2408e+00	 4.2820e+00
645	 1.0000e-02	 5.0000e-03	 6.0715e+00	 3.6864e+00
646	 1.1000e-02	 5.0000e-03	 5.9233e+00	 2.8169e+00
647	 1.2000e-02	 5.0000e-03	 5.7931e+00	 1.6352e+00
648	 1.3000e-02	 5.0000e-03	 5.7800e+00	 4.3803e-01
649	 1.4000e-02	 5.0000e-03	 5.8039e+00	 9.4235e+00
650	 1.5000e-02	 5.0000e-03	 5.7280e+00	 8.6181e+00
651	-1.5000e-02	 6.0000e-03	 5.5107e+00	 6.9637e+00
652	-1.4000e-02	 6.0000e-03	 5.6879e+00	 7.9416e+00
653	-1.3000e-02	 6.0000e-03	 5.8023e+00	 8.7641e+00
654	-1.2000e-02	 6.0000e-03	 5.9160e+00	 9.5935e+00
655	-1.1000e-02	 6.0000e-03	 5.9713e+00	 4.3606e-01
656	-1.0000e-02	 6.0000e-03	 5.9890e+00	 1.4603e+00
657	-9.0000e-03	 6.0000e-03	 6.0719e+00	 2.4931e+00
658	-8.0000e-03	 6.0000e-03	 6.1948e+00	 3.4178e+00
659	-7.0000e-03	 6.0000e-03	 6.3167e+00	 4.1150e+00
660	-6.0000e-03	 6.0000e-03	 6.3937e+00	 4.6308e+00
661	-5.0000e-03	 6.0000e-03	 6.4420e+00	 5.0696e+00
662	-4.0000e-03	 6.0000e-03	 6.4716e+00	 5.4969e+00
663	-3.0000e-03	 6.0000e-03	 6.5094e+00	 5.8730e+00
664	-2.0000e-03	 6.0000e-03	 6.5554e+00	 6.1708e+00
665	-1.0000e-03	 6.0000e-03	 6.6080e+00	 6.3914e+00
666	 0.0000e+00	 6.0000e-03	 6.6179e+00	 6.5501e+00
667	 1.0000e-03	 6.0000e-03	 6.6147e+00	 6.6133e+00
668	 2.0000e-03	 6.0000e-03	 6.5866e+00	 6.5863e+00
669	 3.0000e-03	 6.0000e-03	 6.5248e+00	 6.5025e+00
670	 4.0000e-03	 6.0000e-03	 6.3983e+00	 6.2494e+00
671	 5.0000e-03	 6.0000e-03	 6.3585e+00	 5.7947e+00
672	 6.0000e-03	 6.0000e-03	 6.3421e+00	 5.2681e+00
673	 7.0000e-03	 6.0000e-03	 6.3739e+00	 4.7938e+00
674	 8.0000e-03	 6.0000e-03	 6.3289e+00	 4.3727e+00
675	 9.0000e-03	 6.0000e-03	 6.2224e+00	 3.9533e+00
676	 1.0000e-02	 6.0000e-03	 6.0618e+00	 3.3172e+00
677	 1.1000e-02	 6.0000e-03	 5.8306e+00	 2.3886e+00
678	 1.2000e-02	 6.0000e-03	 5.6518e+00	 1.1737e+00
679	 1.3000e-02	 6.0000e-03	 5.7546e+00	 9.4981e+00
680	 1.4000e-02	 6.0000e-03	 5.7780e+00	 9.0198e+00
681	 1.5000e-02	 6.0000e-03	 5.7231e+00	 8.2542e+00
682	-1.5000e-02	 7.0000e-03	 5.3329e+00	 6.6599e+00
683	-1.4000e-02	 7.0000e-03	 5.5926e+00	 7.5777e+00
684	-1.3000e-02	 7.0000e-03	 5.7453e+00	 8.3624e+00
685	-1.2000e-02	 7.0000e-03	 5.8260e+00	 9.1257e+00
686	-1.1000e-02	 7.0000e-03	 5.9364e+00	 1.7448e+00
687	-1.0000e-02	 7.0000e-03	 5.8973e+00	 9.5772e-01
688	-9.0000e-03	 7.0000e-03	 6.0101e+00	 1.9629e+00
689	-8.0000e-03	 7.0000e-03	 6.0978e+00	 2.9132e+00
690	-7.0000e-03	 7.0000e-03	 6.1790e+00	 3.5700e+00
691	-6.0000e-03	 7.0000e-03	 6.3089e+00	 4.1538e+00
692	-5.0000e-03	 7.0000e-03	 6.3723e+00	 4.5887e+00
693	-4.0000e-03	 7.0000e-03	 6.4035e+00	 5.0032e+00
694	-3.0000e-03	 7.0000e-03	 6.4565e+00	 5.3645e+00
695	-2.0000e-03	 7.0000e-03	 6.4929e+00	 5.6955e+00
696	-1.0000e-03	 7.0000e-03	 6.4995e+00	 5.9298e+00
697	 0.0000e+00	 7.0000e-03	 6.5018e+00	 6.1192e+00
698	 1.0000e-03	 7.0000e-03	 6.4808e+00	 6.1938e+00
699	 2.0000e-03	 7.0000e-03	 6.4617e+00	 6.1356e+00
700	 3.0000e-03	 7.0000e-03	 6.4354e+00	 5.9838e+00
701	 4.0000e-03	 7.0000e-03	 6.3641e+00	 5.6623e+00
702	 5.0000e-03	 7.0000e-03	 6.3299e+00	 5.2096e+00
703	 6.0000e-03	 7.0000e-03	 6.3138e+00	 4.6952e+00
704	 7.0000e-03	 7.0000e-03	 6.3286e+00	 4.2853e+00
705	 8.0000e-03	 7.0000e-03	 6.2536e+00	 3.9326e+00
706	 9.0000e-03	 7.0000e-03	 6.1774e+00	 3.4605e+00
707	 1.0000e-02	 7.0000e-03	 5.9220e+00	 2.8255e+00
708	 1.1000e-02	 7.0000e-03	 5.6925e+00	 1.7220e+00
709	 1.2000e-02	 7.0000e-03	 5.5932e+00	 4.6334e-01
710	 1.3000e-02	 7.0000e-03	 5.7316e+00	 9.3341e+00
711	 1.4000e-02	 7.0000e-03	 5.7737e+00	 8.5484e+00
712	 1.5000e-02	 7.0000e-03	 5.7132e+00	 7.9222e+00
713	-1.5000e-02	 8.0000e-03	 5.1722e+00	 6.1820e+00
714	-1.4000e-02	 8.0000e-03	 5.4356e+00	 7.1060e+00
715	-1.3000e-02	 8.0000e-03	 5.5969e+00	 7.9365e+00
716	-1.2000e-02	 8.0000e-03	 5.7791e+00	 8.7864e+00
717	-1.1000e-02	 8.0000e-03	 5.8671e+00	 9.5044e+00
718	-1.0000e-02	 8.0000e-03	 5.8924e+00	 3.9727e-01
719	-9.0000e-03	 8.0000e-03	 5.8989e+00	 1.3801e+00
720	-8.0000e-03	 8.0000e-03	 5.9772e+00	 2.1937e+00
721	-7.0000e-03	 8.0000e-03	 6.1080e+00	 2.9701e+00
722	-6.0000e-03	 8.0000e-03	 6.1701e+00	 3.5753e+00
723	-5.0000e-03	 8.0000e-03	 6.2970e+00	 4.0246e+00
724	-4.0000e-03	 8.0000e-03	 6.3335e+00	 4.4145e+00
725	-3.0000e-03	 8.0000e-03	 6.3858e+00	 4.7304e+00
726	-2.0000e-03	 8.0000e-03	 6.4173e+00	 5.0885e+00
727	-1.0000e-03	 8.0000e-03	 6.4269e+00	 5.3589e+00
728	 0.0000e+00	 8.0000e-03	 6.4187e+00	 5.5831e+00
729	 1.0000e-03	 8.0000e-03	 6.3601e+00	 5.6665e+00
730	 2.0000e-03	 8.0000e-03	 6.3647e+00	 5.5801e+00
731	 3.0000e-03	 8.0000e-03	 6.3661e+00	 5.3069e+00
732	 4.0000e-03	 8.0000e-03	 6.3375e+00	 4.9667e+00
733	 5.0000e-03	 8.0000e-03	 6.2905e+00	 4.6268e+00
734	 6.0000e-03	 8.0000e-03	 6.3102e+00	 4.1962e+00
735	 7.0000e-03	 8.0000e-03	 6.2901e+00	 3.8067e+00
736	 8.0000e-03	 8.0000e-03	 6.2119e+00	 3.4313e+00
737	 9.0000e-03	 8.0000e-03	 6.0101e+00	 2.8859e+00
738	 1.0000e-02	 8.0000e-03	 5.7491e+00	 2.2072e+00
739	 1.1000e-02	 8.0000e-03	 5.5196e+00	 9.8632e-01
740	 1.2000e-02	 8.0000e-03	 5.5821e+00	 9.5402e+00
741	 1.3000e-02	 8.0000e-03	 5.6984e+00	 8.7302e+00
742	 1.4000e-02	 8.0000e-03	 5.7451e+00	 8.1369e+00
743	 1.5000e-02	 8.0000e-03	 5.7076e+00	 7.5511e+00
744	-1.5000e-02	 9.0000e-03	 4.9943e+00	 5.4811e+00
745	-1.4000e-02	 9.0000e-03	 5.2307e+00	 6.7293e+00
746	-1.3000e-02	 9.0000e-03	 5.4746e+00	 7.5402e+00
747	-1.2000e-02	 9.0000e-03	 5.6656e+00	 8.2703e+00
748	-1.1000e-02	 9.0000e-03	 5.7849e+00	 8.9879e+00
749	-1.0000e-02	 9.0000e-03	 5.8138e+00	 9.6740e+00
750	-9.0000e-03	 9.0000e-03	 5.8319e+00	 5.4190e-01
751	-8.0000e-03	 9.0000e-03	 5.8579e+00	 1.4107e+00
752	-7.0000e-03	 9.0000e-03	 5.9177e+00	 2.2321e+00
753	-6.0000e-03	 9.0000e-03	 6.0331e+00	 2.8942e+00
754	-5.0000e-03	 9.0000e-03	 6.1692e+00	 3.4063e+00
755	-4.0000e-03	 9.0000e-03	 6.2724e+00	 3.7373e+00
756	-3.0000e-03	 9.0000e-03	 6.3098e+00	 4.1104e+00
757	-2.0000e-03	 9.0000e-03	 6.3013e+00	 4.4174e+00
758	-1.0000e-03	 9.0000e-03	 6.3371e+00	 4.6656e+00
759	 0.0000e+00	 9.0000e-03	 6.3214e+00	 4.9677e+00
760	 1.0000e-03	 9.0000e-03	 6.3131e+00	 5.0633e+00
761	 2.0000e-03	 9.0000e-03	 6.2499e+00	 4.9236e+00
762	 3.0000e-03	 9.0000e-03	 6.2116e+00	 4.6791e+00
763	 4.0000e-03	 9.0000e-03	 6.2093e+00	 4.3066e+00
764	 5.0000e-03	 9.0000e-03	 6.2264e+00	 3.9395e+00
765	 6.0000e-03	 9.0000e-03	 6.2306e+00	 3.5779e+00
766	 7.0000e-03	 9.0000e-03	 6.1836e+00	 3.2048e+00
767	 8.0000e-03	 9.0000e-03	 6.0801e+00	 2.8140e+00
768	 9.0000e-03	 9.0000e-03	 5.8059e+00	 2.2198e+00
769	 1.0000e-02	 9.0000e-03	 5.5032e+00	 1.3002e+00
770	 1.1000e-02	 9.0000e-03	 5.4463e+00	 9.2305e+00
771	 1.2000e-02	 9.0000e-03	 5.5528e+00	 8.8170e+00
772	 1.3000e-02	 9.0000e-03	 5.6968e+00	 8.1878e+00
773	 1.4000e-02	 9.0000e-03	 5.7162e+00	 7.7240e+00
774	 1.5000e-02	 9.0000e-03	 5.6518e+00	 7.1928e+00
775	-1.5000e-02	 1.0000e-02	 4.7333e+00	 4.3714e+00
776	-1.4000e-02	 1.0000e-02	 5.0006e+00	 6.0015e+00
777	-1.3000e-02	 1.0000e-02	 5.2484e+00	 7.0061e+00
778	-1.2000e-02	 1.0000e-02	 5.5867e+00	 7.7184e+00
779	-1.1000e-02	 1.0000e-02	 5.7063e+00	 8.4715e+00
780	-1.0000e-02	 1.0000e-02	 5.8023e+00	 9.1697e+00
781	-9.0000e-03	 1.0000e-02	 5.7823e+00	 9.6214e+00
782	-8.0000e-03	 1.0000e-02	 5.7721e+00	 5.4913e-01
783	-7.0000e-03	 1.0000e-02	 5.7790e+00	 1.3781e+00
784	-6.0000e-03	 1.0000e-02	 5.8911e+00	 2.0928e+00
785	-5.0000e-03	 1.0000e-02	 6.0554e+00	 2.6322e+00
786	-4.0000e-03	 1.0000e-02	 6.1300e+00	 3.0828e+00
787	-3.0000e-03	 1.0000e-02	 6.2171e+00	 3.4474e+00
788	-2.0000e-03	 1.0000e-02	 6.2333e+00	 3.7199e+00
789	-1.0000e-03	 1.0000e-02	 6.2454e+00	 3.9911e+00
790	 0.0000e+00	 1.0000e-02	 6.2158e+00	 4.2547e+00
791	 1.0000e-03	 1.0000e-02	 6.1889e+00	 4.3112e+00
792	 2.0000e-03	 1.0000e-02	 6.1166e+00	 4.2067e+00
793	 3.0000e-03	 1.0000e-02	 6.0873e+00	 3.9313e+00
794	 4.0000e-03	 1.0000e-02	 6.1008e+00	 3.5075e+00
795	 5.0000e-03	 1.0000e-02	 6.1383e+00	 3.1834e+00
796	 6.0000e-03	 1.0000e-02	 6.1478e+00	 2.8366e+00
797	 7.0000e-03	 1.0000e-02	 6.0689e+00	 2.4948e+00
798	 8.0000e-03	 1.0000e-02	 5.8861e+00	 2.1309e+00
799	 9.0000e-03	 1.0000e-02	 5.6176e+00	 1.4472e+00
800	 1.0000e-02	 1.0000e-02	 5.4207e+00	 4.7550e-01
801	 1.1000e-02	 1.0000e-02	 5.5028e+00	 9.1058e+00
802	 1.2000e-02	 1.0000e-02	 5.6084e+00	 8.2493e+00
803	 1.3000e-02	 1.0000e-02	 5.6728e+00	 7.7421e+00
804	 1.4000e-02	 1.0000e-02	 5.6639e+00	 7.2937e+00
805	 1.5000e-02	 1.0000e-02	 5.5166e+00	 6.7760e+00
806	-1.5000e-02	 1.1000e-02	 4.6926e+00	 2.9724e+00
807	-1.4000e-02	 1.1000e-02	 4.7557e+00	 4.9559e+00
808	-1.3000e-02	 1.1000e-02	 5.0390e+00	 6.2678e+00
809	-1.2000e-02	 1.1000e-02	 5.3539e+00	 7.2549e+00
810	-1.1000e-02	 1.1000e-02	 5.6105e+00	 7.9331e+00
811	-1.0000e-02	 1.1000e-02	 5.6991e+00	 8.5833e+00
812	-9.0000e-03	 1.1000e-02	 5.7113e+00	 9.1332e+00
813	-8.0000e-03	 1.1000e-02	 5.7080e+00	 9.6608e+00
814	-7.0000e-03	 1.1000e-02	 5.7234e+00	 4.5447e-01
815	-6.0000e-03	 1.1000e-02	 5.7711e+00	 1.2427e+00
816	-5.0000e-03	 1.1000e-02	 5.9151e+00	 1.9143e+00
817	-4.0000e-03	 1.1000e-02	 6.0258e+00	 2.3681e+00
818	-3.0000e-03	 1.1000e-02	 6.1343e+00	 2.6769e+00
819	-2.0000e-03	 1.1000e-02	 6.1721e+00	 2.9523e+00
820	-1.0000e-03	 1.1000e-02	 6.1468e+00	 3.1400e+00
821	 0.0000e+00	 1.1000e-02	 6.1080e+00	 3.3106e+00
822	 1.0000e-03	 1.1000e-02	 6.0413e+00	 3.3031e+00
823	 2.0000e-03	 1.1000e-02	 6.0005e+00	 3.1634e+00
824	 3.0000e-03	 1.1000e-02	 5.9900e+00	 2.9379e+00
825	 4.0000e-03	 1.1000e-02	 6.0364e+00	 2.6236e+00
826	 5.0000e-03	 1.1000e-02	 6.0370e+00	 2.3837e+00
827	 6.0000e-03	 1.1000e-02	 5.9861e+00	 2.0586e+00
828	 7.0000e-03	 1.1000e-02	 5.9032e+00	 1.7092e+00
829	 8.0000e-03	 1.1000e-02	 5.7372e+00	 1.2266e+00
830	 9.0000e-03	 1.1000e-02	 5.4982e+00	 5.2021e-01
831	 1.0000e-02	 1.1000e-02	 5.3602e+00	 9.2447e+00
832	 1.1000e-02	 1.1000e-02	 5.4286e+00	 8.3098e+00
833	 1.2000e-02	 1.1000e-02	 5.6074e+00	 7.5777e+00
834	 1.3000e-02	 1.1000e-02	 5.5840e+00	 7.0695e+00
835	 1.4000e-02	 1.1000e-02	 5.4782e+00	 6.7145e+00
836	 1.5000e-02	 1.1000e-02	 5.3158e+00	 6.2757e+00
837	-1.5000e-02	 1.2000e-02	 4.8691e+00	 1.9550e+00
838	-1.4000e-02	 1.2000e-02	 4.8204e+00	 3.4717e+00
839	-1.3000e-02	 1.2000e-02	 4.8293e+00	 5.1097e+00
840	-1.2000e-02	 1.2000e-02	 5.1794e+00	 6.5268e+00
841	-1.1000e-02	 1.2000e-02	 5.4433e+00	 7.3437e+00
842	-1.0000e-02	 1.2000e-02	 5.5433e+00	 7.9380e+00
843	-9.0000e-03	 1.2000e-02	 5.6176e+00	 8.4308e+00
844	-8.0000e-03	 1.2000e-02	 5.6307e+00	 8.9567e+00
845	-7.0000e-03	 1.2000e-02	 5.6350e+00	 9.5017e+00
846	-6.0000e-03	 1.2000e-02	 5.7004e+00	 4.7419e-01
847	-5.0000e-03	 1.2000e-02	 5.7418e+00	 9.8961e-01
848	-4.0000e-03	 1.2000e-02	 5.9012e+00	 1.4869e+00
849	-3.0000e-03	 1.2000e-02	 5.9877e+00	 1.8498e+00
850	-2.0000e-03	 1.2000e-02	 6.0367e+00	 2.0750e+00
851	-1.0000e-03	 1.2000e-02	 5.9926e+00	 2.2321e+00
852	 0.0000e+00	 1.2000e-02	 5.9414e+00	 2.2943e+00
853	 1.0000e-03	 1.2000e-02	 5.9141e+00	 2.2141e+00
854	 2.0000e-03	 1.2000e-02	 5.8759e+00	 2.0540e+00
855	 3.0000e-03	 1.2000e-02	 5.8894e+00	 1.8916e+00
856	 4.0000e-03	 1.2000e-02	 5.9381e+00	 1.7101e+00
857	 5.0000e-03	 1.2000e-02	 5.9509e+00	 1.4919e+00
858	 6.0000e-03	 1.2000e-02	 5.8792e+00	 1.2368e+00
859	 7.0000e-03	 1.2000e-02	 5.8105e+00	 9.0940e-01
860	 8.0000e-03	 1.2000e-02	 5.6406e+00	 4.2850e-01
861	 9.0000e-03	 1.2000e-02	 5.4213e+00	 9.4472e+00
862	 1.0000e-02	 1.2000e-02	 5.3671e+00	 8.4363e+00
863	 1.1000e-02	 1.2000e-02	 5.4256e+00	 7.6510e+00
864	 1.2000e-02	 1.2000e-02	 5.4716e+00	 6.9321e+00
865	 1.3000e-02	 1.2000e-02	 5.4473e+00	 6.5311e+00
866	 1.4000e-02	 1.2000e-02	 5.3069e+00	 6.0084e+00
867	 1.5000e-02	 1.2000e-02	 4.9733e+00	 5.4161e+00
868	-1.5000e-02	 1.3000e-02	 5.0351e+00	 1.2233e+00
869	-1.4000e-02	 1.3000e-02	 4.8632e+00	 2.3206e+00
870	-1.3000e-02	 1.3000e-02	 4.7629e+00	 3.7939e+00
871	-1.2000e-02	 1.3000e-02	 4.7662e+00	 5.6054e+00
872	-1.1000e-02	 1.3000e-02	 5.0827e+00	 6.5932e+00
873	-1.0000e-02	 1.3000e-02	 5.3635e+00	 7.2053e+00
874	-9.0000e-03	 1.3000e-02	 5.4466e+00	 7.7135e+00
875	-8.0000e-03	 1.3000e-02	 5.5216e+00	 8.0968e+00
876	-7.0000e-03	 1.3000e-02	 5.5190e+00	 8.7177e+00
877	-6.0000e-03	 1.3000e-02	 5.5640e+00	 9.4298e+00
878	-5.0000e-03	 1.3000e-02	 5.6146e+00	 5.3615e+00
879	-4.0000e-03	 1.3000e-02	 5.7047e+00	 5.7083e-01
880	-3.0000e-03	 1.3000e-02	 5.8201e+00	 9.2879e-01
881	-2.0000e-03	 1.3000e-02	 5.8684e+00	 1.1500e+00
882	-1.0000e-03	 1.3000e-02	 5.8371e+00	 1.2213e+00
883	 0.0000e+00	 1.3000e-02	 5.8115e+00	 1.1428e+00
884	 1.0000e-03	 1.3000e-02	 5.7615e+00	 1.0521e+00
885	 2.0000e-03	 1.3000e-02	 5.8079e+00	 1.0166e+00
886	 3.0000e-03	 1.3000e-02	 5.8352e+00	 8.4300e-01
887	 4.0000e-03	 1.3000e-02	 5.8342e+00	 7.3321e-01
888	 5.0000e-03	 1.3000e-02	 5.8132e+00	 6.2014e-01
889	 6.0000e-03	 1.3000e-02	 5.7977e+00	 3.5717e-01
890	 7.0000e-03	 1.3000e-02	 5.6636e+00	 1.8922e+00
891	 8.0000e-03	 1.3000e-02	 5.4302e+00	 9.3061e+00
892	 9.0000e-03	 1.3000e-02	 5.3359e+00	 8.6000e+00
893	 1.0000e-02	 1.3000e-02	 5.2132e+00	 7.6369e+00
894	 1.1000e-02	 1.3000e-02	 5.3036e+00	 6.7806e+00
895	 1.2000e-02	 1.3000e-02	 5.3240e+00	 6.2711e+00
896	 1.3000e-02	 1.3000e-02	 5.2984e+00	 5.8033e+00
897	 1.4000e-02	 1.3000e-02	 5.1120e+00	 5.2142e+00
898	 1.5000e-02	 1.3000e-02	 4.8234e+00	 4.6932e+00
899	-1.5000e-02	 1.4000e-02	 5.1012e+00	 8.9790e-01
900	-1.4000e-02	 1.4000e-02	 4.9154e+00	 1.5974e+00
901	-1.3000e-02	 1.4000e-02	 4.5831e+00	 2.5066e+00
902	-1.2000e-02	 1.4000e-02	 4.5134e+00	 4.3297e+00
903	-1.1000e-02	 1.4000e-02	 4.8323e+00	 5.6189e+00
904	-1.0000e-02	 1.4000e-02	 5.0048e+00	 6.2219e+00
905	-9.0000e-03	 1.4000e-02	 5.2456e+00	 6.8414e+00
906	-8.0000e-03	 1.4000e-02	 5.4473e+00	 7.2171e+00
907	-7.0000e-03	 1.4000e-02	 5.4167e+00	 7.7204e+00
908	-6.0000e-03	 1.4000e-02	 5.4299e+00	 8.1882e+00
909	-5.0000e-03	 1.4000e-02	 5.3730e+00	 8.9416e+00
910	-4.0000e-03	 1.4000e-02	 5.4867e+00	 9.5080e+00
911	-3.0000e-03	 1.4000e-02	 5.5992e+00	 9.6329e+00
912	-2.0000e-03	 1.4000e-02	 5.6550e+00	 4.1666e-01
913	-1.0000e-03	 1.4000e-02	 5.6698e+00	 4.3310e-01
914	 0.0000e+00	 1.4000e-02	 5.7392e+00	 3.2167e-01
915	 1.0000e-03	 1.4000e-02	 5.7070e+00	 3.2955e-01
916	 2.0000e-03	 1.4000e-02	 5.6787e+00	 9.5164e+00
917	 3.0000e-03	 1.4000e-02	 5.7504e+00	 9.6424e+00
918	 4.0000e-03	 1.4000e-02	 5.7270e+00	 9.5665e+00
919	 5.0000e-03	 1.4000e-02	 5.6195e+00	 9.6766e+00
920	 6.0000e-03	 1.4000e-02	 5.5357e+00	 9.4028e+00
921	 7.0000e-03	 1.4000e-02	 5.3980e+00	 9.0317e+00
922	 8.0000e-03	 1.4000e-02	 5.2517e+00	 8.4331e+00
923	 9.0000e-03	 1.4000e-02	 5.0719e+00	 7.5780e+00
924	 1.0000e-02	 1.4000e-02	 5.0735e+00	 6.4989e+00
925	 1.1000e-02	 1.4000e-02	 5.1935e+00	 6.0091e+00
926	 1.2000e-02	 1.4000e-02	 5.1975e+00	 5.2780e+00
927	 1.3000e-02	 1.4000e-02	 5.0528e+00	 4.7537e+00
928	 1.4000e-02	 1.4000e-02	 4.9545e+00	 4.3947e+00
929	 1.5000e-02	 1.4000e-02	 4.5220e+00	 3.4185e+00
930	-1.5000e-02	 1.5000e-02	 4.9049e+00	 7.2944e+00
931	-1.4000e-02	 1.5000e-02	 4.8099e+00	 9.9815e-01
932	-1.3000e-02	 1.5000e-02	 4.6926e+00	 1.6398e+00
933	-1.2000e-02	 1.5000e-02	 4.5318e+00	 2.8457e+00
934	-1.1000e-02	 1.5000e-02	 4.5206e+00	 4.8581e+00
935	-1.0000e-02	 1.5000e-02	 4.8194e+00	 5.2553e+00
936	-9.0000e-03	 1.5000e-02	 5.1245e+00	 5.8822e+00
937	-8.0000e-03	 1.5000e-02	 5.2566e+00	 6.1636e+00
938	-7.0000e-03	 1.5000e-02	 5.3299e+00	 6.6320e+00
939	-6.0000e-03	 1.5000e-02	 5.3053e+00	 7.0311e+00
940	-5.0000e-03	 1.5000e-02	 5.2303e+00	 7.4508e+00
941	-4.0000e-03	 1.5000e-02	 5.3046e+00	 8.1152e+00
942	-3.0000e-03	 1.5000e-02	 5.3339e+00	 8.4781e+00
943	-2.0000e-03	 1.5000e-02	 5.3980e+00	 8.8482e+00
944	-1.0000e-03	 1.5000e-02	 5.4986e+00	 8.9685e+00
945	 0.0000e+00	 1.5000e-02	 5.6021e+00	 9.0289e+00
946	 1.0000e-03	 1.5000e-02	 5.6146e+00	 9.0172e+00
947	 2.0000e-03	 1.5000e-02	 5.6294e+00	 8.8315e+00
948	 3.0000e-03	 1.5000e-02	 5.5929e+00	 8.6868e+00
949	 4.0000e-03	 1.5000e-02	 5.4670e+00	 8.6615e+00
950	 5.0000e-03	 1.5000e-02	 5.3615e+00	 8.3778e+00
951	 6.0000e-03	 1.5000e-02	 5.1630e+00	 8.2029e+00
952	 7.0000e-03	 1.5000e-02	 5.0453e+00	 7.8062e+00
953	 8.0000e-03	 1.5000e-02	 4.9233e+00	 6.8909e+00
954	 9.0000e-03	 1.5000e-02	 4.9539e+00	 6.0709e+00
955	 1.0000e-02	 1.5000e-02	 5.0528e+00	 5.3763e+00
956	 1.1000e-02	 1.5000e-02	 5.0177e+00	 4.7826e+00
957	 1.2000e-02	 1.5000e-02	 5.0476e+00	 4.1489e+00
958	 1.3000e-02	 1.5000e-02	 4.8737e+00	 3.5314e+00
959	 1.4000e-02	 1.5000e-02	 4.8342e+00	 3.2696e+00
960	 1.5000e-02	 1.5000e-02	 4.4717e+00	 2.9175e+00
