	x (m)	y (m)	Mesure ch1 (V)	Mesure ch2 (V)
0	-1.5000e-02	-1.5000e-02	 4.1640e+00	 6.2116e+00
1	-1.4000e-02	-1.5000e-02	 4.3007e+00	 4.9979e+00
2	-1.3000e-02	-1.5000e-02	 4.4013e+00	 4.4035e+00
3	-1.2000e-02	-1.5000e-02	 4.4293e+00	 4.5644e+00
4	-1.1000e-02	-1.5000e-02	 4.3080e+00	 4.2149e+00
5	-1.0000e-02	-1.5000e-02	 4.3366e+00	 3.2982e+00
6	-9.0000e-03	-1.5000e-02	 4.4904e+00	 2.8866e+00
7	-8.0000e-03	-1.5000e-02	 4.2462e+00	 2.7693e+00
8	-7.0000e-03	-1.5000e-02	 4.1584e+00	 4.5759e+00
9	-6.0000e-03	-1.5000e-02	 4.2531e+00	 4.5364e+00
10	-5.0000e-03	-1.5000e-02	 4.2501e+00	 5.0584e+00
11	-4.0000e-03	-1.5000e-02	 4.2899e+00	 4.0414e+00
12	-3.0000e-03	-1.5000e-02	 4.3678e+00	 3.6877e+00
13	-2.0000e-03	-1.5000e-02	 4.4766e+00	 3.1805e+00
14	-1.0000e-03	-1.5000e-02	 4.5483e+00	 2.9717e+00
15	 0.0000e+00	-1.5000e-02	 4.6492e+00	 3.0335e+00
16	 1.0000e-03	-1.5000e-02	 4.5164e+00	 3.2949e+00
17	 2.0000e-03	-1.5000e-02	 4.5828e+00	 2.8925e+00
18	 3.0000e-03	-1.5000e-02	 4.4976e+00	 2.8041e+00
19	 4.0000e-03	-1.5000e-02	 4.6160e+00	 2.9385e+00
20	 5.0000e-03	-1.5000e-02	 4.5502e+00	 2.7446e+00
21	 6.0000e-03	-1.5000e-02	 4.3770e+00	 2.8753e+00
22	 7.0000e-03	-1.5000e-02	 4.3928e+00	 2.4313e+00
23	 8.0000e-03	-1.5000e-02	 4.2902e+00	 1.5575e+00
24	 9.0000e-03	-1.5000e-02	 4.5657e+00	 1.7857e+00
25	 1.0000e-02	-1.5000e-02	 4.6991e+00	 2.5178e+00
26	 1.1000e-02	-1.5000e-02	 4.7905e+00	 3.1280e+00
27	 1.2000e-02	-1.5000e-02	 4.8050e+00	 3.7166e+00
28	 1.3000e-02	-1.5000e-02	 4.8139e+00	 4.1134e+00
29	 1.4000e-02	-1.5000e-02	 4.6751e+00	 4.4023e+00
30	 1.5000e-02	-1.5000e-02	 4.4414e+00	 5.1676e+00
31	-1.5000e-02	-1.4000e-02	 4.3556e+00	 5.0443e+00
32	-1.4000e-02	-1.4000e-02	 4.3155e+00	 5.1396e+00
33	-1.3000e-02	-1.4000e-02	 4.3435e+00	 4.7910e+00
34	-1.2000e-02	-1.4000e-02	 4.5479e+00	 4.4559e+00
35	-1.1000e-02	-1.4000e-02	 4.4720e+00	 4.6142e+00
36	-1.0000e-02	-1.4000e-02	 4.3750e+00	 3.6431e+00
37	-9.0000e-03	-1.4000e-02	 4.3405e+00	 4.0115e+00
38	-8.0000e-03	-1.4000e-02	 4.2376e+00	 4.0670e+00
39	-7.0000e-03	-1.4000e-02	 4.3852e+00	 5.1100e+00
40	-6.0000e-03	-1.4000e-02	 4.3546e+00	 4.6373e+00
41	-5.0000e-03	-1.4000e-02	 4.5216e+00	 3.7230e+00
42	-4.0000e-03	-1.4000e-02	 4.7981e+00	 3.7258e+00
43	-3.0000e-03	-1.4000e-02	 4.8832e+00	 3.7436e+00
44	-2.0000e-03	-1.4000e-02	 4.9749e+00	 4.1452e+00
45	-1.0000e-03	-1.4000e-02	 5.1468e+00	 4.5124e+00
46	 0.0000e+00	-1.4000e-02	 5.0564e+00	 4.6981e+00
47	 1.0000e-03	-1.4000e-02	 5.0446e+00	 4.7300e+00
48	 2.0000e-03	-1.4000e-02	 5.0410e+00	 4.4526e+00
49	 3.0000e-03	-1.4000e-02	 5.0578e+00	 4.3175e+00
50	 4.0000e-03	-1.4000e-02	 5.1271e+00	 3.9191e+00
51	 5.0000e-03	-1.4000e-02	 4.9667e+00	 3.8326e+00
52	 6.0000e-03	-1.4000e-02	 4.6699e+00	 3.3922e+00
53	 7.0000e-03	-1.4000e-02	 4.4350e+00	 2.5673e+00
54	 8.0000e-03	-1.4000e-02	 4.5473e+00	 1.9721e+00
55	 9.0000e-03	-1.4000e-02	 4.4467e+00	 2.0096e+00
56	 1.0000e-02	-1.4000e-02	 4.5925e+00	 2.7272e+00
57	 1.1000e-02	-1.4000e-02	 4.7807e+00	 3.3744e+00
58	 1.2000e-02	-1.4000e-02	 4.9651e+00	 3.9487e+00
59	 1.3000e-02	-1.4000e-02	 4.9102e+00	 4.1870e+00
60	 1.4000e-02	-1.4000e-02	 4.9177e+00	 4.6518e+00
61	 1.5000e-02	-1.4000e-02	 4.7682e+00	 5.0098e+00
62	-1.5000e-02	-1.3000e-02	 4.3896e+00	 5.0269e+00
63	-1.4000e-02	-1.3000e-02	 4.3872e+00	 4.7447e+00
64	-1.3000e-02	-1.3000e-02	 4.4480e+00	 5.1265e+00
65	-1.2000e-02	-1.3000e-02	 4.4901e+00	 4.8175e+00
66	-1.1000e-02	-1.3000e-02	 4.3346e+00	 4.4368e+00
67	-1.0000e-02	-1.3000e-02	 4.4207e+00	 4.5816e+00
68	-9.0000e-03	-1.3000e-02	 4.2823e+00	 5.3074e+00
69	-8.0000e-03	-1.3000e-02	 4.2840e+00	 5.0979e+00
70	-7.0000e-03	-1.3000e-02	 4.4526e+00	 4.3959e+00
71	-6.0000e-03	-1.3000e-02	 4.5673e+00	 3.9687e+00
72	-5.0000e-03	-1.3000e-02	 4.9591e+00	 4.1545e+00
73	-4.0000e-03	-1.3000e-02	 5.1685e+00	 4.7406e+00
74	-3.0000e-03	-1.3000e-02	 5.3559e+00	 5.1304e+00
75	-2.0000e-03	-1.3000e-02	 5.4575e+00	 5.4417e+00
76	-1.0000e-03	-1.3000e-02	 5.5314e+00	 5.6695e+00
77	 0.0000e+00	-1.3000e-02	 5.5291e+00	 5.8207e+00
78	 1.0000e-03	-1.3000e-02	 5.5814e+00	 5.8148e+00
79	 2.0000e-03	-1.3000e-02	 5.5554e+00	 5.8013e+00
80	 3.0000e-03	-1.3000e-02	 5.5784e+00	 5.6024e+00
81	 4.0000e-03	-1.3000e-02	 5.5515e+00	 5.3411e+00
82	 5.0000e-03	-1.3000e-02	 5.4430e+00	 5.1459e+00
83	 6.0000e-03	-1.3000e-02	 5.2277e+00	 5.1143e+00
84	 7.0000e-03	-1.3000e-02	 4.7175e+00	 4.4631e+00
85	 8.0000e-03	-1.3000e-02	 4.4217e+00	 3.3553e+00
86	 9.0000e-03	-1.3000e-02	 4.5335e+00	 2.3988e+00
87	 1.0000e-02	-1.3000e-02	 4.4730e+00	 3.2863e+00
88	 1.1000e-02	-1.3000e-02	 4.7945e+00	 3.9771e+00
89	 1.2000e-02	-1.3000e-02	 5.0068e+00	 4.2455e+00
90	 1.3000e-02	-1.3000e-02	 5.1646e+00	 4.3415e+00
91	 1.4000e-02	-1.3000e-02	 4.9907e+00	 4.3474e+00
92	 1.5000e-02	-1.3000e-02	 4.9181e+00	 5.1552e+00
93	-1.5000e-02	-1.2000e-02	 4.5068e+00	 4.8227e+00
94	-1.4000e-02	-1.2000e-02	 4.4302e+00	 5.0367e+00
95	-1.3000e-02	-1.2000e-02	 4.3293e+00	 5.4894e+00
96	-1.2000e-02	-1.2000e-02	 4.4733e+00	 5.0793e+00
97	-1.1000e-02	-1.2000e-02	 4.4680e+00	 5.1860e+00
98	-1.0000e-02	-1.2000e-02	 4.4151e+00	 5.7479e+00
99	-9.0000e-03	-1.2000e-02	 4.4253e+00	 5.3207e+00
100	-8.0000e-03	-1.2000e-02	 4.4178e+00	 4.9365e+00
101	-7.0000e-03	-1.2000e-02	 4.7248e+00	 4.4237e+00
102	-6.0000e-03	-1.2000e-02	 4.9388e+00	 4.7113e+00
103	-5.0000e-03	-1.2000e-02	 5.2070e+00	 5.2833e+00
104	-4.0000e-03	-1.2000e-02	 5.4535e+00	 5.9269e+00
105	-3.0000e-03	-1.2000e-02	 5.6327e+00	 6.2369e+00
106	-2.0000e-03	-1.2000e-02	 5.6764e+00	 6.5781e+00
107	-1.0000e-03	-1.2000e-02	 5.6448e+00	 6.7940e+00
108	 0.0000e+00	-1.2000e-02	 5.7553e+00	 6.8890e+00
109	 1.0000e-03	-1.2000e-02	 5.8016e+00	 6.9462e+00
110	 2.0000e-03	-1.2000e-02	 5.8161e+00	 6.9206e+00
111	 3.0000e-03	-1.2000e-02	 5.7737e+00	 6.7043e+00
112	 4.0000e-03	-1.2000e-02	 5.7790e+00	 6.3976e+00
113	 5.0000e-03	-1.2000e-02	 5.7816e+00	 6.2333e+00
114	 6.0000e-03	-1.2000e-02	 5.6399e+00	 6.0170e+00
115	 7.0000e-03	-1.2000e-02	 5.2599e+00	 5.9591e+00
116	 8.0000e-03	-1.2000e-02	 4.6617e+00	 5.1459e+00
117	 9.0000e-03	-1.2000e-02	 4.3724e+00	 3.6905e+00
118	 1.0000e-02	-1.2000e-02	 4.4473e+00	 3.5105e+00
119	 1.1000e-02	-1.2000e-02	 4.5552e+00	 4.6599e+00
120	 1.2000e-02	-1.2000e-02	 4.9549e+00	 4.3241e+00
121	 1.3000e-02	-1.2000e-02	 5.0956e+00	 4.5259e+00
122	 1.4000e-02	-1.2000e-02	 5.2175e+00	 4.4983e+00
123	 1.5000e-02	-1.2000e-02	 5.0459e+00	 4.7100e+00
124	-1.5000e-02	-1.1000e-02	 4.3599e+00	 5.2142e+00
125	-1.4000e-02	-1.1000e-02	 4.5003e+00	 5.3858e+00
126	-1.3000e-02	-1.1000e-02	 4.4907e+00	 5.2658e+00
127	-1.2000e-02	-1.1000e-02	 4.5348e+00	 5.5515e+00
128	-1.1000e-02	-1.1000e-02	 4.5716e+00	 6.2773e+00
129	-1.0000e-02	-1.1000e-02	 4.6603e+00	 5.7556e+00
130	-9.0000e-03	-1.1000e-02	 4.7106e+00	 4.6367e+00
131	-8.0000e-03	-1.1000e-02	 4.7087e+00	 4.4301e+00
132	-7.0000e-03	-1.1000e-02	 4.9762e+00	 5.0193e+00
133	-6.0000e-03	-1.1000e-02	 5.1855e+00	 5.8508e+00
134	-5.0000e-03	-1.1000e-02	 5.4197e+00	 6.4150e+00
135	-4.0000e-03	-1.1000e-02	 5.5788e+00	 7.0386e+00
136	-3.0000e-03	-1.1000e-02	 5.7155e+00	 7.5800e+00
137	-2.0000e-03	-1.1000e-02	 5.7783e+00	 8.0593e+00
138	-1.0000e-03	-1.1000e-02	 5.7842e+00	 8.3775e+00
139	 0.0000e+00	-1.1000e-02	 5.9082e+00	 8.6106e+00
140	 1.0000e-03	-1.1000e-02	 5.9348e+00	 8.6339e+00
141	 2.0000e-03	-1.1000e-02	 5.9358e+00	 8.5928e+00
142	 3.0000e-03	-1.1000e-02	 5.8243e+00	 8.3177e+00
143	 4.0000e-03	-1.1000e-02	 5.8030e+00	 7.7371e+00
144	 5.0000e-03	-1.1000e-02	 5.8490e+00	 7.2625e+00
145	 6.0000e-03	-1.1000e-02	 5.7678e+00	 6.9144e+00
146	 7.0000e-03	-1.1000e-02	 5.5982e+00	 6.6445e+00
147	 8.0000e-03	-1.1000e-02	 5.1850e+00	 6.2382e+00
148	 9.0000e-03	-1.1000e-02	 4.5412e+00	 4.8301e+00
149	 1.0000e-02	-1.1000e-02	 4.6699e+00	 3.7238e+00
150	 1.1000e-02	-1.1000e-02	 4.7813e+00	 3.9881e+00
151	 1.2000e-02	-1.1000e-02	 4.9565e+00	 4.7304e+00
152	 1.3000e-02	-1.1000e-02	 5.1564e+00	 4.7415e+00
153	 1.4000e-02	-1.1000e-02	 5.3105e+00	 4.5959e+00
154	 1.5000e-02	-1.1000e-02	 5.1692e+00	 4.7498e+00
155	-1.5000e-02	-1.0000e-02	 4.3813e+00	 5.4769e+00
156	-1.4000e-02	-1.0000e-02	 4.3760e+00	 5.7859e+00
157	-1.3000e-02	-1.0000e-02	 4.6607e+00	 5.3797e+00
158	-1.2000e-02	-1.0000e-02	 4.7175e+00	 6.1511e+00
159	-1.1000e-02	-1.0000e-02	 4.7576e+00	 6.3207e+00
160	-1.0000e-02	-1.0000e-02	 4.8323e+00	 5.2734e+00
161	-9.0000e-03	-1.0000e-02	 4.9940e+00	 4.6801e+00
162	-8.0000e-03	-1.0000e-02	 5.1998e+00	 5.1820e+00
163	-7.0000e-03	-1.0000e-02	 5.4059e+00	 5.8007e+00
164	-6.0000e-03	-1.0000e-02	 5.4657e+00	 6.5699e+00
165	-5.0000e-03	-1.0000e-02	 5.5439e+00	 7.4646e+00
166	-4.0000e-03	-1.0000e-02	 5.6925e+00	 8.3870e+00
167	-3.0000e-03	-1.0000e-02	 5.9108e+00	 9.0659e+00
168	-2.0000e-03	-1.0000e-02	 6.0285e+00	 9.4153e+00
169	-1.0000e-03	-1.0000e-02	 6.1005e+00	 9.7348e+00
170	 0.0000e+00	-1.0000e-02	 6.1705e+00	 9.7437e+00
171	 1.0000e-03	-1.0000e-02	 6.2099e+00	 3.6574e+00
172	 2.0000e-03	-1.0000e-02	 6.1899e+00	 9.7779e+00
173	 3.0000e-03	-1.0000e-02	 6.0725e+00	 9.7335e+00
174	 4.0000e-03	-1.0000e-02	 5.9782e+00	 9.2799e+00
175	 5.0000e-03	-1.0000e-02	 5.8802e+00	 8.6832e+00
176	 6.0000e-03	-1.0000e-02	 5.7507e+00	 8.0573e+00
177	 7.0000e-03	-1.0000e-02	 5.6123e+00	 7.3039e+00
178	 8.0000e-03	-1.0000e-02	 5.5147e+00	 6.8381e+00
179	 9.0000e-03	-1.0000e-02	 5.0890e+00	 6.1646e+00
180	 1.0000e-02	-1.0000e-02	 4.8559e+00	 4.5172e+00
181	 1.1000e-02	-1.0000e-02	 4.9723e+00	 3.9230e+00
182	 1.2000e-02	-1.0000e-02	 5.0154e+00	 4.3596e+00
183	 1.3000e-02	-1.0000e-02	 5.1705e+00	 4.8618e+00
184	 1.4000e-02	-1.0000e-02	 5.3089e+00	 5.0145e+00
185	 1.5000e-02	-1.0000e-02	 5.3125e+00	 5.0614e+00
186	-1.5000e-02	-9.0000e-03	 4.3852e+00	 5.7920e+00
187	-1.4000e-02	-9.0000e-03	 4.4033e+00	 5.5374e+00
188	-1.3000e-02	-9.0000e-03	 4.7001e+00	 6.1501e+00
189	-1.2000e-02	-9.0000e-03	 4.9019e+00	 6.4482e+00
190	-1.1000e-02	-9.0000e-03	 4.8326e+00	 5.4003e+00
191	-1.0000e-02	-9.0000e-03	 5.2067e+00	 4.7672e+00
192	-9.0000e-03	-9.0000e-03	 5.3391e+00	 4.9220e+00
193	-8.0000e-03	-9.0000e-03	 5.4933e+00	 5.6028e+00
194	-7.0000e-03	-9.0000e-03	 5.4430e+00	 6.3730e+00
195	-6.0000e-03	-9.0000e-03	 5.5380e+00	 7.5218e+00
196	-5.0000e-03	-9.0000e-03	 5.7020e+00	 8.5721e+00
197	-4.0000e-03	-9.0000e-03	 5.9006e+00	 9.5205e+00
198	-3.0000e-03	-9.0000e-03	 6.0742e+00	 2.4705e-01
199	-2.0000e-03	-9.0000e-03	 6.1619e+00	 6.3000e-01
200	-1.0000e-03	-9.0000e-03	 6.2221e+00	 9.4852e-01
201	 0.0000e+00	-9.0000e-03	 6.2770e+00	 1.2506e+00
202	 1.0000e-03	-9.0000e-03	 6.3144e+00	 1.3788e+00
203	 2.0000e-03	-9.0000e-03	 6.2957e+00	 1.3173e+00
204	 3.0000e-03	-9.0000e-03	 6.1639e+00	 1.0623e+00
205	 4.0000e-03	-9.0000e-03	 6.0673e+00	 5.0706e-01
206	 5.0000e-03	-9.0000e-03	 5.9407e+00	 9.7378e+00
207	 6.0000e-03	-9.0000e-03	 5.7730e+00	 9.2167e+00
208	 7.0000e-03	-9.0000e-03	 5.6937e+00	 8.2112e+00
209	 8.0000e-03	-9.0000e-03	 5.6024e+00	 7.4604e+00
210	 9.0000e-03	-9.0000e-03	 5.4170e+00	 6.8851e+00
211	 1.0000e-02	-9.0000e-03	 4.9503e+00	 5.9032e+00
212	 1.1000e-02	-9.0000e-03	 5.0906e+00	 4.6479e+00
213	 1.2000e-02	-9.0000e-03	 5.2313e+00	 4.3083e+00
214	 1.3000e-02	-9.0000e-03	 5.2862e+00	 4.8878e+00
215	 1.4000e-02	-9.0000e-03	 5.3625e+00	 5.2816e+00
216	 1.5000e-02	-9.0000e-03	 5.3612e+00	 5.1534e+00
217	-1.5000e-02	-8.0000e-03	 4.1834e+00	 5.8334e+00
218	-1.4000e-02	-8.0000e-03	 4.3790e+00	 5.6896e+00
219	-1.3000e-02	-8.0000e-03	 4.9358e+00	 6.6990e+00
220	-1.2000e-02	-8.0000e-03	 4.8648e+00	 6.3884e+00
221	-1.1000e-02	-8.0000e-03	 5.0604e+00	 5.1587e+00
222	-1.0000e-02	-8.0000e-03	 5.2376e+00	 4.8507e+00
223	-9.0000e-03	-8.0000e-03	 5.5061e+00	 5.3345e+00
224	-8.0000e-03	-8.0000e-03	 5.5383e+00	 6.0354e+00
225	-7.0000e-03	-8.0000e-03	 5.3424e+00	 7.1330e+00
226	-6.0000e-03	-8.0000e-03	 5.5903e+00	 8.6946e+00
227	-5.0000e-03	-8.0000e-03	 5.8983e+00	 9.6516e+00
228	-4.0000e-03	-8.0000e-03	 6.0528e+00	 4.6761e-01
229	-3.0000e-03	-8.0000e-03	 6.2234e+00	 1.2536e+00
230	-2.0000e-03	-8.0000e-03	 6.3250e+00	 1.8068e+00
231	-1.0000e-03	-8.0000e-03	 6.4131e+00	 2.3183e+00
232	 0.0000e+00	-8.0000e-03	 6.4966e+00	 2.7012e+00
233	 1.0000e-03	-8.0000e-03	 6.5515e+00	 2.8366e+00
234	 2.0000e-03	-8.0000e-03	 6.4864e+00	 2.7548e+00
235	 3.0000e-03	-8.0000e-03	 6.3138e+00	 2.3564e+00
236	 4.0000e-03	-8.0000e-03	 6.1507e+00	 1.6707e+00
237	 5.0000e-03	-8.0000e-03	 6.0824e+00	 1.0938e+00
238	 6.0000e-03	-8.0000e-03	 5.9035e+00	 3.2265e-01
239	 7.0000e-03	-8.0000e-03	 5.7553e+00	 9.2361e+00
240	 8.0000e-03	-8.0000e-03	 5.7060e+00	 8.1960e+00
241	 9.0000e-03	-8.0000e-03	 5.6166e+00	 7.5304e+00
242	 1.0000e-02	-8.0000e-03	 5.3661e+00	 6.6274e+00
243	 1.1000e-02	-8.0000e-03	 5.2100e+00	 5.2525e+00
244	 1.2000e-02	-8.0000e-03	 5.4078e+00	 4.5029e+00
245	 1.3000e-02	-8.0000e-03	 5.3993e+00	 4.8336e+00
246	 1.4000e-02	-8.0000e-03	 5.3372e+00	 5.3977e+00
247	 1.5000e-02	-8.0000e-03	 5.3602e+00	 5.4529e+00
248	-1.5000e-02	-7.0000e-03	 4.2932e+00	 5.3585e+00
249	-1.4000e-02	-7.0000e-03	 4.6554e+00	 6.4187e+00
250	-1.3000e-02	-7.0000e-03	 4.8204e+00	 6.7056e+00
251	-1.2000e-02	-7.0000e-03	 4.8865e+00	 6.2171e+00
252	-1.1000e-02	-7.0000e-03	 5.1235e+00	 5.1314e+00
253	-1.0000e-02	-7.0000e-03	 5.3940e+00	 5.2836e+00
254	-9.0000e-03	-7.0000e-03	 5.6031e+00	 5.7658e+00
255	-8.0000e-03	-7.0000e-03	 5.4601e+00	 6.5432e+00
256	-7.0000e-03	-7.0000e-03	 5.3815e+00	 8.3814e+00
257	-6.0000e-03	-7.0000e-03	 5.7892e+00	 9.6125e+00
258	-5.0000e-03	-7.0000e-03	 6.0574e+00	 5.2185e-01
259	-4.0000e-03	-7.0000e-03	 6.2132e+00	 1.4498e+00
260	-3.0000e-03	-7.0000e-03	 6.3848e+00	 2.2975e+00
261	-2.0000e-03	-7.0000e-03	 6.5508e+00	 2.9379e+00
262	-1.0000e-03	-7.0000e-03	 6.7066e+00	 3.4526e+00
263	 0.0000e+00	-7.0000e-03	 6.8056e+00	 3.8027e+00
264	 1.0000e-03	-7.0000e-03	 6.8499e+00	 3.9217e+00
265	 2.0000e-03	-7.0000e-03	 6.7651e+00	 3.8297e+00
266	 3.0000e-03	-7.0000e-03	 6.5501e+00	 3.4632e+00
267	 4.0000e-03	-7.0000e-03	 6.3983e+00	 2.7551e+00
268	 5.0000e-03	-7.0000e-03	 6.2372e+00	 2.1674e+00
269	 6.0000e-03	-7.0000e-03	 6.0439e+00	 1.3555e+00
270	 7.0000e-03	-7.0000e-03	 5.8651e+00	 3.5585e-01
271	 8.0000e-03	-7.0000e-03	 5.7103e+00	 9.0981e+00
272	 9.0000e-03	-7.0000e-03	 5.6619e+00	 8.0813e+00
273	 1.0000e-02	-7.0000e-03	 5.5203e+00	 7.2020e+00
274	 1.1000e-02	-7.0000e-03	 5.4000e+00	 6.0168e+00
275	 1.2000e-02	-7.0000e-03	 5.4433e+00	 4.8609e+00
276	 1.3000e-02	-7.0000e-03	 5.4976e+00	 4.9342e+00
277	 1.4000e-02	-7.0000e-03	 5.3727e+00	 5.2987e+00
278	 1.5000e-02	-7.0000e-03	 5.4361e+00	 5.6051e+00
279	-1.5000e-02	-6.0000e-03	 4.3698e+00	 5.8766e+00
280	-1.4000e-02	-6.0000e-03	 4.6271e+00	 6.2758e+00
281	-1.3000e-02	-6.0000e-03	 4.7475e+00	 6.8003e+00
282	-1.2000e-02	-6.0000e-03	 4.8964e+00	 5.6748e+00
283	-1.1000e-02	-6.0000e-03	 5.1781e+00	 5.2415e+00
284	-1.0000e-02	-6.0000e-03	 5.4335e+00	 5.6130e+00
285	-9.0000e-03	-6.0000e-03	 5.5265e+00	 6.1629e+00
286	-8.0000e-03	-6.0000e-03	 5.2195e+00	 7.3861e+00
287	-7.0000e-03	-6.0000e-03	 5.5406e+00	 9.1888e+00
288	-6.0000e-03	-6.0000e-03	 5.9466e+00	 4.9029e-01
289	-5.0000e-03	-6.0000e-03	 6.1849e+00	 1.4077e+00
290	-4.0000e-03	-6.0000e-03	 6.3069e+00	 2.4014e+00
291	-3.0000e-03	-6.0000e-03	 6.5508e+00	 3.2863e+00
292	-2.0000e-03	-6.0000e-03	 6.8062e+00	 3.9069e+00
293	-1.0000e-03	-6.0000e-03	 6.9581e+00	 4.2642e+00
294	 0.0000e+00	-6.0000e-03	 7.0251e+00	 4.4644e+00
295	 1.0000e-03	-6.0000e-03	 7.0606e+00	 4.5367e+00
296	 2.0000e-03	-6.0000e-03	 6.9850e+00	 4.4993e+00
297	 3.0000e-03	-6.0000e-03	 6.8503e+00	 4.2232e+00
298	 4.0000e-03	-6.0000e-03	 6.7227e+00	 3.6943e+00
299	 5.0000e-03	-6.0000e-03	 6.4525e+00	 3.2360e+00
300	 6.0000e-03	-6.0000e-03	 6.1327e+00	 2.2443e+00
301	 7.0000e-03	-6.0000e-03	 5.9870e+00	 1.3466e+00
302	 8.0000e-03	-6.0000e-03	 5.6491e+00	 3.1871e-01
303	 9.0000e-03	-6.0000e-03	 5.6120e+00	 8.7828e+00
304	 1.0000e-02	-6.0000e-03	 5.4483e+00	 7.6763e+00
305	 1.1000e-02	-6.0000e-03	 5.4141e+00	 6.1700e+00
306	 1.2000e-02	-6.0000e-03	 5.5288e+00	 5.2468e+00
307	 1.3000e-02	-6.0000e-03	 5.6031e+00	 4.9125e+00
308	 1.4000e-02	-6.0000e-03	 5.4670e+00	 5.1975e+00
309	 1.5000e-02	-6.0000e-03	 5.4338e+00	 5.6910e+00
310	-1.5000e-02	-5.0000e-03	 4.2945e+00	 6.7441e+00
311	-1.4000e-02	-5.0000e-03	 4.6331e+00	 6.4719e+00
312	-1.3000e-02	-5.0000e-03	 4.6449e+00	 6.7497e+00
313	-1.2000e-02	-5.0000e-03	 4.8980e+00	 5.2642e+00
314	-1.1000e-02	-5.0000e-03	 5.2290e+00	 5.6665e+00
315	-1.0000e-02	-5.0000e-03	 5.5104e+00	 6.0600e+00
316	-9.0000e-03	-5.0000e-03	 5.3931e+00	 6.7122e+00
317	-8.0000e-03	-5.0000e-03	 5.3720e+00	 8.6637e+00
318	-7.0000e-03	-5.0000e-03	 5.7583e+00	 3.5618e-01
319	-6.0000e-03	-5.0000e-03	 6.1412e+00	 1.2680e+00
320	-5.0000e-03	-5.0000e-03	 6.2967e+00	 2.1536e+00
321	-4.0000e-03	-5.0000e-03	 6.4798e+00	 3.1124e+00
322	-3.0000e-03	-5.0000e-03	 6.7224e+00	 3.9763e+00
323	-2.0000e-03	-5.0000e-03	 6.9837e+00	 4.5016e+00
324	-1.0000e-03	-5.0000e-03	 7.1201e+00	 4.7915e+00
325	 0.0000e+00	-5.0000e-03	 7.1833e+00	 4.9043e+00
326	 1.0000e-03	-5.0000e-03	 7.2109e+00	 4.9539e+00
327	 2.0000e-03	-5.0000e-03	 7.1405e+00	 4.9141e+00
328	 3.0000e-03	-5.0000e-03	 7.0422e+00	 4.8155e+00
329	 4.0000e-03	-5.0000e-03	 6.9338e+00	 4.5111e+00
330	 5.0000e-03	-5.0000e-03	 6.6136e+00	 4.0243e+00
331	 6.0000e-03	-5.0000e-03	 6.3361e+00	 2.9178e+00
332	 7.0000e-03	-5.0000e-03	 6.1675e+00	 2.0826e+00
333	 8.0000e-03	-5.0000e-03	 5.8214e+00	 1.0337e+00
334	 9.0000e-03	-5.0000e-03	 5.6567e+00	 9.5372e+00
335	 1.0000e-02	-5.0000e-03	 5.3595e+00	 8.4278e+00
336	 1.1000e-02	-5.0000e-03	 5.2300e+00	 6.5718e+00
337	 1.2000e-02	-5.0000e-03	 5.4946e+00	 5.5758e+00
338	 1.3000e-02	-5.0000e-03	 5.7011e+00	 5.1150e+00
339	 1.4000e-02	-5.0000e-03	 5.5541e+00	 5.2057e+00
340	 1.5000e-02	-5.0000e-03	 5.4544e+00	 5.6051e+00
341	-1.5000e-02	-4.0000e-03	 4.4733e+00	 6.7894e+00
342	-1.4000e-02	-4.0000e-03	 4.4717e+00	 6.6455e+00
343	-1.3000e-02	-4.0000e-03	 4.4026e+00	 6.2476e+00
344	-1.2000e-02	-4.0000e-03	 5.1649e+00	 5.1577e+00
345	-1.1000e-02	-4.0000e-03	 5.3286e+00	 6.0005e+00
346	-1.0000e-02	-4.0000e-03	 5.5074e+00	 6.3315e+00
347	-9.0000e-03	-4.0000e-03	 5.3441e+00	 7.6793e+00
348	-8.0000e-03	-4.0000e-03	 5.6521e+00	 9.3818e+00
349	-7.0000e-03	-4.0000e-03	 6.0574e+00	 5.1265e-01
350	-6.0000e-03	-4.0000e-03	 6.2789e+00	 1.5504e+00
351	-5.0000e-03	-4.0000e-03	 6.4200e+00	 2.7091e+00
352	-4.0000e-03	-4.0000e-03	 6.5768e+00	 3.6137e+00
353	-3.0000e-03	-4.0000e-03	 6.8687e+00	 4.3855e+00
354	-2.0000e-03	-4.0000e-03	 7.0583e+00	 4.8965e+00
355	-1.0000e-03	-4.0000e-03	 7.1770e+00	 5.1879e+00
356	 0.0000e+00	-4.0000e-03	 7.2589e+00	 5.3105e+00
357	 1.0000e-03	-4.0000e-03	 7.3121e+00	 5.3654e+00
358	 2.0000e-03	-4.0000e-03	 7.2431e+00	 5.3651e+00
359	 3.0000e-03	-4.0000e-03	 7.1040e+00	 5.2507e+00
360	 4.0000e-03	-4.0000e-03	 7.0159e+00	 5.0278e+00
361	 5.0000e-03	-4.0000e-03	 6.7369e+00	 4.5167e+00
362	 6.0000e-03	-4.0000e-03	 6.4499e+00	 3.4592e+00
363	 7.0000e-03	-4.0000e-03	 6.2891e+00	 2.6258e+00
364	 8.0000e-03	-4.0000e-03	 6.0531e+00	 1.5461e+00
365	 9.0000e-03	-4.0000e-03	 5.7990e+00	 3.3317e-01
366	 1.0000e-02	-4.0000e-03	 5.3822e+00	 9.0925e+00
367	 1.1000e-02	-4.0000e-03	 5.1722e+00	 7.1708e+00
368	 1.2000e-02	-4.0000e-03	 5.6139e+00	 5.9509e+00
369	 1.3000e-02	-4.0000e-03	 5.7040e+00	 5.4447e+00
370	 1.4000e-02	-4.0000e-03	 5.5564e+00	 5.1945e+00
371	 1.5000e-02	-4.0000e-03	 5.4006e+00	 5.5014e+00
372	-1.5000e-02	-3.0000e-03	 4.2835e+00	 6.3772e+00
373	-1.4000e-02	-3.0000e-03	 4.3918e+00	 6.5492e+00
374	-1.3000e-02	-3.0000e-03	 4.6479e+00	 5.7066e+00
375	-1.2000e-02	-3.0000e-03	 5.2247e+00	 5.3122e+00
376	-1.1000e-02	-3.0000e-03	 5.4664e+00	 5.9782e+00
377	-1.0000e-02	-3.0000e-03	 5.5134e+00	 6.6981e+00
378	-9.0000e-03	-3.0000e-03	 5.4397e+00	 8.4357e+00
379	-8.0000e-03	-3.0000e-03	 5.9075e+00	 9.7190e+00
380	-7.0000e-03	-3.0000e-03	 6.2382e+00	 7.8515e-01
381	-6.0000e-03	-3.0000e-03	 6.3460e+00	 1.7650e+00
382	-5.0000e-03	-3.0000e-03	 6.4318e+00	 3.0493e+00
383	-4.0000e-03	-3.0000e-03	 6.6698e+00	 3.9783e+00
384	-3.0000e-03	-3.0000e-03	 6.9614e+00	 4.7238e+00
385	-2.0000e-03	-3.0000e-03	 7.1040e+00	 5.2303e+00
386	-1.0000e-03	-3.0000e-03	 7.1951e+00	 5.5180e+00
387	 0.0000e+00	-3.0000e-03	 7.3105e+00	 5.6636e+00
388	 1.0000e-03	-3.0000e-03	 7.3644e+00	 5.7336e+00
389	 2.0000e-03	-3.0000e-03	 7.2812e+00	 5.7773e+00
390	 3.0000e-03	-3.0000e-03	 7.1395e+00	 5.6389e+00
391	 4.0000e-03	-3.0000e-03	 7.0202e+00	 5.2908e+00
392	 5.0000e-03	-3.0000e-03	 6.8729e+00	 4.8099e+00
393	 6.0000e-03	-3.0000e-03	 6.4903e+00	 3.9059e+00
394	 7.0000e-03	-3.0000e-03	 6.3388e+00	 2.8892e+00
395	 8.0000e-03	-3.0000e-03	 6.2523e+00	 1.7700e+00
396	 9.0000e-03	-3.0000e-03	 6.0377e+00	 7.0461e-01
397	 1.0000e-02	-3.0000e-03	 5.5761e+00	 9.5540e+00
398	 1.1000e-02	-3.0000e-03	 5.1797e+00	 7.5774e+00
399	 1.2000e-02	-3.0000e-03	 5.5489e+00	 6.1034e+00
400	 1.3000e-02	-3.0000e-03	 5.7372e+00	 5.4959e+00
401	 1.4000e-02	-3.0000e-03	 5.6034e+00	 5.1659e+00
402	 1.5000e-02	-3.0000e-03	 5.4798e+00	 5.4351e+00
403	-1.5000e-02	-2.0000e-03	 4.4427e+00	 6.3769e+00
404	-1.4000e-02	-2.0000e-03	 4.4858e+00	 6.1708e+00
405	-1.3000e-02	-2.0000e-03	 4.8954e+00	 5.5295e+00
406	-1.2000e-02	-2.0000e-03	 5.2034e+00	 5.1498e+00
407	-1.1000e-02	-2.0000e-03	 5.4456e+00	 5.9893e+00
408	-1.0000e-02	-2.0000e-03	 5.6038e+00	 6.7967e+00
409	-9.0000e-03	-2.0000e-03	 5.5581e+00	 8.7687e+00
410	-8.0000e-03	-2.0000e-03	 6.0682e+00	 9.7453e+00
411	-7.0000e-03	-2.0000e-03	 6.3003e+00	 9.4720e-01
412	-6.0000e-03	-2.0000e-03	 6.3496e+00	 1.9619e+00
413	-5.0000e-03	-2.0000e-03	 6.4578e+00	 3.2673e+00
414	-4.0000e-03	-2.0000e-03	 6.7599e+00	 4.2889e+00
415	-3.0000e-03	-2.0000e-03	 7.0528e+00	 4.9664e+00
416	-2.0000e-03	-2.0000e-03	 7.1875e+00	 5.4322e+00
417	-1.0000e-03	-2.0000e-03	 7.2631e+00	 5.7277e+00
418	 0.0000e+00	-2.0000e-03	 7.3854e+00	 5.8569e+00
419	 1.0000e-03	-2.0000e-03	 7.4278e+00	 5.9680e+00
420	 2.0000e-03	-2.0000e-03	 7.3358e+00	 5.9782e+00
421	 3.0000e-03	-2.0000e-03	 7.1823e+00	 5.8431e+00
422	 4.0000e-03	-2.0000e-03	 7.1369e+00	 5.4838e+00
423	 5.0000e-03	-2.0000e-03	 6.9785e+00	 5.0719e+00
424	 6.0000e-03	-2.0000e-03	 6.5097e+00	 4.3786e+00
425	 7.0000e-03	-2.0000e-03	 6.3283e+00	 3.0286e+00
426	 8.0000e-03	-2.0000e-03	 6.2747e+00	 1.8051e+00
427	 9.0000e-03	-2.0000e-03	 6.1570e+00	 9.3110e-01
428	 1.0000e-02	-2.0000e-03	 5.6790e+00	 7.3716e-01
429	 1.1000e-02	-2.0000e-03	 5.1823e+00	 8.1826e+00
430	 1.2000e-02	-2.0000e-03	 5.4986e+00	 6.2122e+00
431	 1.3000e-02	-2.0000e-03	 5.6764e+00	 5.5755e+00
432	 1.4000e-02	-2.0000e-03	 5.5429e+00	 5.0795e+00
433	 1.5000e-02	-2.0000e-03	 5.3809e+00	 5.2599e+00
434	-1.5000e-02	-1.0000e-03	 4.5223e+00	 6.3552e+00
435	-1.4000e-02	-1.0000e-03	 4.5315e+00	 6.1327e+00
436	-1.3000e-02	-1.0000e-03	 4.9559e+00	 5.6146e+00
437	-1.2000e-02	-1.0000e-03	 5.3043e+00	 5.2948e+00
438	-1.1000e-02	-1.0000e-03	 5.4220e+00	 6.0419e+00
439	-1.0000e-02	-1.0000e-03	 5.5870e+00	 6.9084e+00
440	-9.0000e-03	-1.0000e-03	 5.5426e+00	 8.6564e+00
441	-8.0000e-03	-1.0000e-03	 6.0751e+00	 2.4541e-01
442	-7.0000e-03	-1.0000e-03	 6.3306e+00	 1.0514e+00
443	-6.0000e-03	-1.0000e-03	 6.3476e+00	 2.1030e+00
444	-5.0000e-03	-1.0000e-03	 6.4555e+00	 3.3890e+00
445	-4.0000e-03	-1.0000e-03	 6.7766e+00	 4.4529e+00
446	-3.0000e-03	-1.0000e-03	 7.0554e+00	 5.0873e+00
447	-2.0000e-03	-1.0000e-03	 7.2135e+00	 5.5249e+00
448	-1.0000e-03	-1.0000e-03	 7.2996e+00	 5.8260e+00
449	 0.0000e+00	-1.0000e-03	 7.4035e+00	 6.0278e+00
450	 1.0000e-03	-1.0000e-03	 7.4600e+00	 6.1182e+00
451	 2.0000e-03	-1.0000e-03	 7.3430e+00	 6.1369e+00
452	 3.0000e-03	-1.0000e-03	 7.2224e+00	 5.9824e+00
453	 4.0000e-03	-1.0000e-03	 7.1872e+00	 5.6613e+00
454	 5.0000e-03	-1.0000e-03	 7.0120e+00	 5.2573e+00
455	 6.0000e-03	-1.0000e-03	 6.5636e+00	 4.5949e+00
456	 7.0000e-03	-1.0000e-03	 6.3151e+00	 3.1305e+00
457	 8.0000e-03	-1.0000e-03	 6.2793e+00	 1.9616e+00
458	 9.0000e-03	-1.0000e-03	 6.1764e+00	 1.0189e+00
459	 1.0000e-02	-1.0000e-03	 5.7819e+00	 3.6506e-01
460	 1.1000e-02	-1.0000e-03	 5.1774e+00	 8.5294e+00
461	 1.2000e-02	-1.0000e-03	 5.3322e+00	 6.2135e+00
462	 1.3000e-02	-1.0000e-03	 5.5222e+00	 5.4476e+00
463	 1.4000e-02	-1.0000e-03	 5.5262e+00	 5.0518e+00
464	 1.5000e-02	-1.0000e-03	 5.4049e+00	 5.1120e+00
465	-1.5000e-02	 0.0000e+00	 4.6061e+00	 6.5179e+00
466	-1.4000e-02	 0.0000e+00	 4.6640e+00	 6.2198e+00
467	-1.3000e-02	 0.0000e+00	 4.9588e+00	 5.8276e+00
468	-1.2000e-02	 0.0000e+00	 5.3301e+00	 5.4138e+00
469	-1.1000e-02	 0.0000e+00	 5.3677e+00	 6.0324e+00
470	-1.0000e-02	 0.0000e+00	 5.4930e+00	 6.8470e+00
471	-9.0000e-03	 0.0000e+00	 5.3950e+00	 8.6086e+00
472	-8.0000e-03	 0.0000e+00	 6.0255e+00	 3.2331e-01
473	-7.0000e-03	 0.0000e+00	 6.3230e+00	 1.1129e+00
474	-6.0000e-03	 0.0000e+00	 6.3493e+00	 2.1082e+00
475	-5.0000e-03	 0.0000e+00	 6.4311e+00	 3.3261e+00
476	-4.0000e-03	 0.0000e+00	 6.7369e+00	 4.4608e+00
477	-3.0000e-03	 0.0000e+00	 7.0018e+00	 5.1235e+00
478	-2.0000e-03	 0.0000e+00	 7.1645e+00	 5.5725e+00
479	-1.0000e-03	 0.0000e+00	 7.2750e+00	 5.9032e+00
480	 0.0000e+00	 0.0000e+00	 7.3713e+00	 6.0985e+00
481	 1.0000e-03	 0.0000e+00	 7.3999e+00	 6.1692e+00
482	 2.0000e-03	 0.0000e+00	 7.3092e+00	 6.1843e+00
483	 3.0000e-03	 0.0000e+00	 7.1875e+00	 6.0304e+00
484	 4.0000e-03	 0.0000e+00	 7.1586e+00	 5.7020e+00
485	 5.0000e-03	 0.0000e+00	 6.9528e+00	 5.2441e+00
486	 6.0000e-03	 0.0000e+00	 6.5521e+00	 4.4914e+00
487	 7.0000e-03	 0.0000e+00	 6.3427e+00	 3.1897e+00
488	 8.0000e-03	 0.0000e+00	 6.2520e+00	 2.0494e+00
489	 9.0000e-03	 0.0000e+00	 6.0949e+00	 1.0517e+00
490	 1.0000e-02	 0.0000e+00	 5.7625e+00	 3.2725e-01
491	 1.1000e-02	 0.0000e+00	 5.0617e+00	 8.7631e+00
492	 1.2000e-02	 0.0000e+00	 5.1531e+00	 6.1540e+00
493	 1.3000e-02	 0.0000e+00	 5.4913e+00	 5.3510e+00
494	 1.4000e-02	 0.0000e+00	 5.4930e+00	 4.9942e+00
495	 1.5000e-02	 0.0000e+00	 5.4368e+00	 4.9125e+00
496	-1.5000e-02	 1.0000e-03	 4.6357e+00	 6.3812e+00
497	-1.4000e-02	 1.0000e-03	 4.7113e+00	 6.5626e+00
498	-1.3000e-02	 1.0000e-03	 4.8559e+00	 5.3723e+00
499	-1.2000e-02	 1.0000e-03	 5.2139e+00	 5.5074e+00
500	-1.1000e-02	 1.0000e-03	 5.3576e+00	 6.1596e+00
501	-1.0000e-02	 1.0000e-03	 5.4098e+00	 6.6547e+00
502	-9.0000e-03	 1.0000e-03	 5.3437e+00	 8.3768e+00
503	-8.0000e-03	 1.0000e-03	 5.8677e+00	 4.7912e-01
504	-7.0000e-03	 1.0000e-03	 6.2494e+00	 1.1612e+00
505	-6.0000e-03	 1.0000e-03	 6.3526e+00	 2.1595e+00
506	-5.0000e-03	 1.0000e-03	 6.4453e+00	 3.2909e+00
507	-4.0000e-03	 1.0000e-03	 6.7079e+00	 4.3237e+00
508	-3.0000e-03	 1.0000e-03	 6.9699e+00	 5.0686e+00
509	-2.0000e-03	 1.0000e-03	 7.1339e+00	 5.5446e+00
510	-1.0000e-03	 1.0000e-03	 7.2375e+00	 5.8339e+00
511	 0.0000e+00	 1.0000e-03	 7.3177e+00	 6.0153e+00
512	 1.0000e-03	 1.0000e-03	 7.3289e+00	 6.0725e+00
513	 2.0000e-03	 1.0000e-03	 7.2681e+00	 6.0488e+00
514	 3.0000e-03	 1.0000e-03	 7.1767e+00	 5.8930e+00
515	 4.0000e-03	 1.0000e-03	 7.1139e+00	 5.6255e+00
516	 5.0000e-03	 1.0000e-03	 6.9410e+00	 5.1468e+00
517	 6.0000e-03	 1.0000e-03	 6.5781e+00	 4.3326e+00
518	 7.0000e-03	 1.0000e-03	 6.3335e+00	 3.3106e+00
519	 8.0000e-03	 1.0000e-03	 6.1826e+00	 2.0464e+00
520	 9.0000e-03	 1.0000e-03	 6.0120e+00	 8.9395e-01
521	 1.0000e-02	 1.0000e-03	 5.7306e+00	 9.6326e+00
522	 1.1000e-02	 1.0000e-03	 4.8267e+00	 8.5175e+00
523	 1.2000e-02	 1.0000e-03	 5.1317e+00	 5.7043e+00
524	 1.3000e-02	 1.0000e-03	 5.4953e+00	 4.9963e+00
525	 1.4000e-02	 1.0000e-03	 5.5512e+00	 4.8553e+00
526	 1.5000e-02	 1.0000e-03	 5.3799e+00	 4.9973e+00
527	-1.5000e-02	 2.0000e-03	 4.5783e+00	 6.6672e+00
528	-1.4000e-02	 2.0000e-03	 4.4569e+00	 6.2839e+00
529	-1.3000e-02	 2.0000e-03	 4.7461e+00	 5.6713e+00
530	-1.2000e-02	 2.0000e-03	 5.0849e+00	 5.6223e+00
531	-1.1000e-02	 2.0000e-03	 5.3474e+00	 5.8934e+00
532	-1.0000e-02	 2.0000e-03	 5.4115e+00	 6.4147e+00
533	-9.0000e-03	 2.0000e-03	 5.2819e+00	 7.7519e+00
534	-8.0000e-03	 2.0000e-03	 5.6432e+00	 9.6842e+00
535	-7.0000e-03	 2.0000e-03	 6.1770e+00	 1.0093e+00
536	-6.0000e-03	 2.0000e-03	 6.3894e+00	 1.9968e+00
537	-5.0000e-03	 2.0000e-03	 6.4726e+00	 3.0930e+00
538	-4.0000e-03	 2.0000e-03	 6.6764e+00	 4.0230e+00
539	-3.0000e-03	 2.0000e-03	 6.9173e+00	 4.8438e+00
540	-2.0000e-03	 2.0000e-03	 7.0863e+00	 5.3253e+00
541	-1.0000e-03	 2.0000e-03	 7.1980e+00	 5.5978e+00
542	 0.0000e+00	 2.0000e-03	 7.2526e+00	 5.7579e+00
543	 1.0000e-03	 2.0000e-03	 7.2661e+00	 5.8171e+00
544	 2.0000e-03	 2.0000e-03	 7.2197e+00	 5.7589e+00
545	 3.0000e-03	 2.0000e-03	 7.1435e+00	 5.6297e+00
546	 4.0000e-03	 2.0000e-03	 7.0649e+00	 5.3529e+00
547	 5.0000e-03	 2.0000e-03	 6.8867e+00	 4.9204e+00
548	 6.0000e-03	 2.0000e-03	 6.5873e+00	 4.0341e+00
549	 7.0000e-03	 2.0000e-03	 6.3049e+00	 3.1055e+00
550	 8.0000e-03	 2.0000e-03	 6.1475e+00	 1.8916e+00
551	 9.0000e-03	 2.0000e-03	 5.9496e+00	 6.6681e-01
552	 1.0000e-02	 2.0000e-03	 5.5893e+00	 9.5958e+00
553	 1.1000e-02	 2.0000e-03	 4.7856e+00	 7.6648e+00
554	 1.2000e-02	 2.0000e-03	 5.2501e+00	 5.4834e+00
555	 1.3000e-02	 2.0000e-03	 5.6116e+00	 4.9210e+00
556	 1.4000e-02	 2.0000e-03	 5.5656e+00	 4.6653e+00
557	 1.5000e-02	 2.0000e-03	 5.3437e+00	 4.8878e+00
558	-1.5000e-02	 3.0000e-03	 4.6206e+00	 6.4486e+00
559	-1.4000e-02	 3.0000e-03	 4.4316e+00	 6.9890e+00
560	-1.3000e-02	 3.0000e-03	 4.5321e+00	 5.8464e+00
561	-1.2000e-02	 3.0000e-03	 5.0081e+00	 5.2829e+00
562	-1.1000e-02	 3.0000e-03	 5.2727e+00	 5.7147e+00
563	-1.0000e-02	 3.0000e-03	 5.4341e+00	 6.2056e+00
564	-9.0000e-03	 3.0000e-03	 5.3963e+00	 7.3134e+00
565	-8.0000e-03	 3.0000e-03	 5.4818e+00	 9.5425e+00
566	-7.0000e-03	 3.0000e-03	 6.0364e+00	 7.6641e-01
567	-6.0000e-03	 3.0000e-03	 6.3398e+00	 1.7141e+00
568	-5.0000e-03	 3.0000e-03	 6.4403e+00	 2.7088e+00
569	-4.0000e-03	 3.0000e-03	 6.5912e+00	 3.6518e+00
570	-3.0000e-03	 3.0000e-03	 6.8144e+00	 4.4187e+00
571	-2.0000e-03	 3.0000e-03	 7.0084e+00	 4.9480e+00
572	-1.0000e-03	 3.0000e-03	 7.1284e+00	 5.2195e+00
573	 0.0000e+00	 3.0000e-03	 7.1905e+00	 5.3641e+00
574	 1.0000e-03	 3.0000e-03	 7.1941e+00	 5.3986e+00
575	 2.0000e-03	 3.0000e-03	 7.1458e+00	 5.3470e+00
576	 3.0000e-03	 3.0000e-03	 7.0731e+00	 5.2057e+00
577	 4.0000e-03	 3.0000e-03	 6.9785e+00	 4.9417e+00
578	 5.0000e-03	 3.0000e-03	 6.7707e+00	 4.4533e+00
579	 6.0000e-03	 3.0000e-03	 6.4749e+00	 3.6735e+00
580	 7.0000e-03	 3.0000e-03	 6.1816e+00	 2.5917e+00
581	 8.0000e-03	 3.0000e-03	 6.0633e+00	 1.4684e+00
582	 9.0000e-03	 3.0000e-03	 5.9124e+00	 3.4813e-01
583	 1.0000e-02	 3.0000e-03	 5.4933e+00	 9.4741e+00
584	 1.1000e-02	 3.0000e-03	 4.8155e+00	 7.5061e+00
585	 1.2000e-02	 3.0000e-03	 5.2280e+00	 5.2981e+00
586	 1.3000e-02	 3.0000e-03	 5.6176e+00	 4.8286e+00
587	 1.4000e-02	 3.0000e-03	 5.5032e+00	 4.6765e+00
588	 1.5000e-02	 3.0000e-03	 5.4138e+00	 5.0055e+00
589	-1.5000e-02	 4.0000e-03	 4.5035e+00	 6.5574e+00
590	-1.4000e-02	 4.0000e-03	 4.4526e+00	 6.4566e+00
591	-1.3000e-02	 4.0000e-03	 4.2922e+00	 6.5771e+00
592	-1.2000e-02	 4.0000e-03	 4.7866e+00	 5.6143e+00
593	-1.1000e-02	 4.0000e-03	 5.2448e+00	 5.6202e+00
594	-1.0000e-02	 4.0000e-03	 5.4072e+00	 6.0843e+00
595	-9.0000e-03	 4.0000e-03	 5.4775e+00	 6.9673e+00
596	-8.0000e-03	 4.0000e-03	 5.4332e+00	 8.6523e+00
597	-7.0000e-03	 4.0000e-03	 5.8943e+00	 3.3054e-01
598	-6.0000e-03	 4.0000e-03	 6.1807e+00	 1.2828e+00
599	-5.0000e-03	 4.0000e-03	 6.3269e+00	 2.2338e+00
600	-4.0000e-03	 4.0000e-03	 6.5054e+00	 3.1778e+00
601	-3.0000e-03	 4.0000e-03	 6.6981e+00	 3.9309e+00
602	-2.0000e-03	 4.0000e-03	 6.8581e+00	 4.4519e+00
603	-1.0000e-03	 4.0000e-03	 7.0100e+00	 4.7879e+00
604	 0.0000e+00	 4.0000e-03	 7.1017e+00	 5.0078e+00
605	 1.0000e-03	 4.0000e-03	 7.1234e+00	 5.0768e+00
606	 2.0000e-03	 4.0000e-03	 7.0416e+00	 5.0045e+00
607	 3.0000e-03	 4.0000e-03	 6.9663e+00	 4.7550e+00
608	 4.0000e-03	 4.0000e-03	 6.8512e+00	 4.4115e+00
609	 5.0000e-03	 4.0000e-03	 6.6182e+00	 3.9878e+00
610	 6.0000e-03	 4.0000e-03	 6.2727e+00	 3.1607e+00
611	 7.0000e-03	 4.0000e-03	 6.0807e+00	 1.9642e+00
612	 8.0000e-03	 4.0000e-03	 6.0262e+00	 8.3117e-01
613	 9.0000e-03	 4.0000e-03	 5.8947e+00	 9.7489e+00
614	 1.0000e-02	 4.0000e-03	 5.4433e+00	 9.3177e+00
615	 1.1000e-02	 4.0000e-03	 4.7668e+00	 6.8522e+00
616	 1.2000e-02	 4.0000e-03	 5.2208e+00	 5.1518e+00
617	 1.3000e-02	 4.0000e-03	 5.4940e+00	 4.6492e+00
618	 1.4000e-02	 4.0000e-03	 5.4438e+00	 4.6219e+00
619	 1.5000e-02	 4.0000e-03	 5.2856e+00	 4.8806e+00
620	-1.5000e-02	 5.0000e-03	 4.3734e+00	 7.1680e+00
621	-1.4000e-02	 5.0000e-03	 4.4677e+00	 6.8384e+00
622	-1.3000e-02	 5.0000e-03	 4.3382e+00	 6.8775e+00
623	-1.2000e-02	 5.0000e-03	 4.4585e+00	 5.7385e+00
624	-1.1000e-02	 5.0000e-03	 5.1889e+00	 5.6518e+00
625	-1.0000e-02	 5.0000e-03	 5.3786e+00	 5.7691e+00
626	-9.0000e-03	 5.0000e-03	 5.4016e+00	 6.5631e+00
627	-8.0000e-03	 5.0000e-03	 5.3635e+00	 7.9459e+00
628	-7.0000e-03	 5.0000e-03	 5.6675e+00	 9.5981e+00
629	-6.0000e-03	 5.0000e-03	 6.0176e+00	 7.0100e-01
630	-5.0000e-03	 5.0000e-03	 6.1826e+00	 1.6184e+00
631	-4.0000e-03	 5.0000e-03	 6.3378e+00	 2.5270e+00
632	-3.0000e-03	 5.0000e-03	 6.4854e+00	 3.3221e+00
633	-2.0000e-03	 5.0000e-03	 6.6511e+00	 3.9115e+00
634	-1.0000e-03	 5.0000e-03	 6.8010e+00	 4.3011e+00
635	 0.0000e+00	 5.0000e-03	 6.9193e+00	 4.5913e+00
636	 1.0000e-03	 5.0000e-03	 6.9581e+00	 4.6765e+00
637	 2.0000e-03	 5.0000e-03	 6.8752e+00	 4.6068e+00
638	 3.0000e-03	 5.0000e-03	 6.7260e+00	 4.2876e+00
639	 4.0000e-03	 5.0000e-03	 6.5692e+00	 3.8037e+00
640	 5.0000e-03	 5.0000e-03	 6.3371e+00	 3.3481e+00
641	 6.0000e-03	 5.0000e-03	 6.0271e+00	 2.3773e+00
642	 7.0000e-03	 5.0000e-03	 5.9673e+00	 1.0981e+00
643	 8.0000e-03	 5.0000e-03	 5.9700e+00	 3.0129e-01
644	 9.0000e-03	 5.0000e-03	 5.7464e+00	 9.5688e+00
645	 1.0000e-02	 5.0000e-03	 5.1810e+00	 8.7394e+00
646	 1.1000e-02	 5.0000e-03	 4.7182e+00	 6.1563e+00
647	 1.2000e-02	 5.0000e-03	 5.1462e+00	 5.0633e+00
648	 1.3000e-02	 5.0000e-03	 5.3405e+00	 4.4792e+00
649	 1.4000e-02	 5.0000e-03	 5.2987e+00	 4.6511e+00
650	 1.5000e-02	 5.0000e-03	 5.3316e+00	 5.0804e+00
651	-1.5000e-02	 6.0000e-03	 4.4398e+00	 7.3805e+00
652	-1.4000e-02	 6.0000e-03	 4.4812e+00	 6.6405e+00
653	-1.3000e-02	 6.0000e-03	 4.4644e+00	 6.8792e+00
654	-1.2000e-02	 6.0000e-03	 4.4608e+00	 6.5559e+00
655	-1.1000e-02	 6.0000e-03	 4.7143e+00	 5.4184e+00
656	-1.0000e-02	 6.0000e-03	 5.1682e+00	 5.5627e+00
657	-9.0000e-03	 6.0000e-03	 5.3240e+00	 6.1264e+00
658	-8.0000e-03	 6.0000e-03	 5.2698e+00	 7.4341e+00
659	-7.0000e-03	 6.0000e-03	 5.5071e+00	 8.8762e+00
660	-6.0000e-03	 6.0000e-03	 5.8020e+00	 3.1180e-01
661	-5.0000e-03	 6.0000e-03	 6.0442e+00	 8.2985e-01
662	-4.0000e-03	 6.0000e-03	 6.1327e+00	 1.6861e+00
663	-3.0000e-03	 6.0000e-03	 6.2533e+00	 2.4921e+00
664	-2.0000e-03	 6.0000e-03	 6.3924e+00	 3.1834e+00
665	-1.0000e-03	 6.0000e-03	 6.5123e+00	 3.6167e+00
666	 0.0000e+00	 6.0000e-03	 6.6077e+00	 3.8330e+00
667	 1.0000e-03	 6.0000e-03	 6.6405e+00	 3.8734e+00
668	 2.0000e-03	 6.0000e-03	 6.5718e+00	 3.8290e+00
669	 3.0000e-03	 6.0000e-03	 6.3940e+00	 3.5677e+00
670	 4.0000e-03	 6.0000e-03	 6.2102e+00	 3.0569e+00
671	 5.0000e-03	 6.0000e-03	 6.0173e+00	 2.3899e+00
672	 6.0000e-03	 6.0000e-03	 5.8230e+00	 1.3009e+00
673	 7.0000e-03	 6.0000e-03	 5.9262e+00	 3.3317e-01
674	 8.0000e-03	 6.0000e-03	 5.8680e+00	 9.6871e+00
675	 9.0000e-03	 6.0000e-03	 5.5420e+00	 9.0711e+00
676	 1.0000e-02	 6.0000e-03	 5.0055e+00	 8.3716e+00
677	 1.1000e-02	 6.0000e-03	 4.7596e+00	 5.4078e+00
678	 1.2000e-02	 6.0000e-03	 5.0627e+00	 4.7836e+00
679	 1.3000e-02	 6.0000e-03	 5.0824e+00	 4.4717e+00
680	 1.4000e-02	 6.0000e-03	 5.2599e+00	 4.8664e+00
681	 1.5000e-02	 6.0000e-03	 5.2944e+00	 5.2060e+00
682	-1.5000e-02	 7.0000e-03	 4.2948e+00	 7.1537e+00
683	-1.4000e-02	 7.0000e-03	 4.4204e+00	 6.7038e+00
684	-1.3000e-02	 7.0000e-03	 4.5627e+00	 6.8399e+00
685	-1.2000e-02	 7.0000e-03	 4.5187e+00	 7.9416e+00
686	-1.1000e-02	 7.0000e-03	 4.4431e+00	 5.6256e+00
687	-1.0000e-02	 7.0000e-03	 5.0121e+00	 5.5877e+00
688	-9.0000e-03	 7.0000e-03	 5.1840e+00	 5.6458e+00
689	-8.0000e-03	 7.0000e-03	 5.1948e+00	 6.7408e+00
690	-7.0000e-03	 7.0000e-03	 5.3234e+00	 7.9982e+00
691	-6.0000e-03	 7.0000e-03	 5.6258e+00	 9.3344e+00
692	-5.0000e-03	 7.0000e-03	 5.9088e+00	 3.2134e-01
693	-4.0000e-03	 7.0000e-03	 6.0390e+00	 8.7291e-01
694	-3.0000e-03	 7.0000e-03	 6.1300e+00	 1.5438e+00
695	-2.0000e-03	 7.0000e-03	 6.1997e+00	 2.1710e+00
696	-1.0000e-03	 7.0000e-03	 6.2540e+00	 2.5474e+00
697	 0.0000e+00	 7.0000e-03	 6.2681e+00	 2.7834e+00
698	 1.0000e-03	 7.0000e-03	 6.2753e+00	 2.7903e+00
699	 2.0000e-03	 7.0000e-03	 6.2099e+00	 2.6933e+00
700	 3.0000e-03	 7.0000e-03	 6.0968e+00	 2.3705e+00
701	 4.0000e-03	 7.0000e-03	 6.0002e+00	 1.9087e+00
702	 5.0000e-03	 7.0000e-03	 5.9111e+00	 1.3929e+00
703	 6.0000e-03	 7.0000e-03	 5.8473e+00	 4.4510e-01
704	 7.0000e-03	 7.0000e-03	 5.8667e+00	 9.6878e+00
705	 8.0000e-03	 7.0000e-03	 5.7185e+00	 9.1076e+00
706	 9.0000e-03	 7.0000e-03	 5.2859e+00	 8.3729e+00
707	 1.0000e-02	 7.0000e-03	 4.5427e+00	 7.2999e+00
708	 1.1000e-02	 7.0000e-03	 4.5611e+00	 4.8076e+00
709	 1.2000e-02	 7.0000e-03	 4.9542e+00	 4.3425e+00
710	 1.3000e-02	 7.0000e-03	 4.9220e+00	 4.4082e+00
711	 1.4000e-02	 7.0000e-03	 5.1922e+00	 4.9595e+00
712	 1.5000e-02	 7.0000e-03	 5.2727e+00	 5.1866e+00
713	-1.5000e-02	 8.0000e-03	 4.4191e+00	 6.9890e+00
714	-1.4000e-02	 8.0000e-03	 4.2100e+00	 6.5419e+00
715	-1.3000e-02	 8.0000e-03	 4.5335e+00	 6.6606e+00
716	-1.2000e-02	 8.0000e-03	 4.7521e+00	 7.3519e+00
717	-1.1000e-02	 8.0000e-03	 4.4309e+00	 6.6895e+00
718	-1.0000e-02	 8.0000e-03	 4.7290e+00	 5.5180e+00
719	-9.0000e-03	 8.0000e-03	 5.1048e+00	 5.5166e+00
720	-8.0000e-03	 8.0000e-03	 5.1751e+00	 5.9690e+00
721	-7.0000e-03	 8.0000e-03	 5.1399e+00	 6.9147e+00
722	-6.0000e-03	 8.0000e-03	 5.3605e+00	 8.3857e+00
723	-5.0000e-03	 8.0000e-03	 5.6468e+00	 9.2473e+00
724	-4.0000e-03	 8.0000e-03	 5.8302e+00	 5.2349e-01
725	-3.0000e-03	 8.0000e-03	 5.9726e+00	 7.0790e-01
726	-2.0000e-03	 8.0000e-03	 6.0626e+00	 1.1477e+00
727	-1.0000e-03	 8.0000e-03	 6.1267e+00	 1.5514e+00
728	 0.0000e+00	 8.0000e-03	 6.1100e+00	 1.7591e+00
729	 1.0000e-03	 8.0000e-03	 6.0988e+00	 1.7680e+00
730	 2.0000e-03	 8.0000e-03	 6.0679e+00	 1.5892e+00
731	 3.0000e-03	 8.0000e-03	 6.0074e+00	 1.2414e+00
732	 4.0000e-03	 8.0000e-03	 5.9617e+00	 7.9238e-01
733	 5.0000e-03	 8.0000e-03	 5.8590e+00	 4.3770e-01
734	 6.0000e-03	 8.0000e-03	 5.7537e+00	 9.5836e+00
735	 7.0000e-03	 8.0000e-03	 5.6751e+00	 8.9712e+00
736	 8.0000e-03	 8.0000e-03	 5.4693e+00	 8.4903e+00
737	 9.0000e-03	 8.0000e-03	 4.9845e+00	 7.7957e+00
738	 1.0000e-02	 8.0000e-03	 4.4375e+00	 5.7417e+00
739	 1.1000e-02	 8.0000e-03	 4.4749e+00	 4.3770e+00
740	 1.2000e-02	 8.0000e-03	 4.6682e+00	 3.7649e+00
741	 1.3000e-02	 8.0000e-03	 4.9723e+00	 4.5295e+00
742	 1.4000e-02	 8.0000e-03	 5.1248e+00	 4.9437e+00
743	 1.5000e-02	 8.0000e-03	 5.1975e+00	 5.0604e+00
744	-1.5000e-02	 9.0000e-03	 4.3369e+00	 6.8309e+00
745	-1.4000e-02	 9.0000e-03	 4.4069e+00	 6.1987e+00
746	-1.3000e-02	 9.0000e-03	 4.4260e+00	 6.7224e+00
747	-1.2000e-02	 9.0000e-03	 4.5900e+00	 6.5620e+00
748	-1.1000e-02	 9.0000e-03	 4.3602e+00	 6.7490e+00
749	-1.0000e-02	 9.0000e-03	 4.4483e+00	 6.0258e+00
750	-9.0000e-03	 9.0000e-03	 4.7580e+00	 5.4263e+00
751	-8.0000e-03	 9.0000e-03	 5.0150e+00	 5.3884e+00
752	-7.0000e-03	 9.0000e-03	 5.0571e+00	 5.9660e+00
753	-6.0000e-03	 9.0000e-03	 5.0571e+00	 7.3023e+00
754	-5.0000e-03	 9.0000e-03	 5.3283e+00	 8.3413e+00
755	-4.0000e-03	 9.0000e-03	 5.5420e+00	 8.9580e+00
756	-3.0000e-03	 9.0000e-03	 5.6163e+00	 9.5093e+00
757	-2.0000e-03	 9.0000e-03	 5.6780e+00	 3.2101e-01
758	-1.0000e-03	 9.0000e-03	 5.8325e+00	 6.2802e-01
759	 0.0000e+00	 9.0000e-03	 5.8884e+00	 7.9271e-01
760	 1.0000e-03	 9.0000e-03	 5.9213e+00	 7.3781e-01
761	 2.0000e-03	 9.0000e-03	 5.8348e+00	 6.5564e-01
762	 3.0000e-03	 9.0000e-03	 5.7895e+00	 3.8116e-01
763	 4.0000e-03	 9.0000e-03	 5.6580e+00	 9.6819e+00
764	 5.0000e-03	 9.0000e-03	 5.5397e+00	 9.2933e+00
765	 6.0000e-03	 9.0000e-03	 5.4841e+00	 8.5590e+00
766	 7.0000e-03	 9.0000e-03	 5.4368e+00	 8.1651e+00
767	 8.0000e-03	 9.0000e-03	 5.0633e+00	 7.7076e+00
768	 9.0000e-03	 9.0000e-03	 4.3957e+00	 6.1945e+00
769	 1.0000e-02	 9.0000e-03	 4.4560e+00	 3.7922e+00
770	 1.1000e-02	 9.0000e-03	 4.4358e+00	 3.2314e+00
771	 1.2000e-02	 9.0000e-03	 4.6469e+00	 3.7998e+00
772	 1.3000e-02	 9.0000e-03	 4.8549e+00	 4.6955e+00
773	 1.4000e-02	 9.0000e-03	 5.1722e+00	 5.0114e+00
774	 1.5000e-02	 9.0000e-03	 5.2294e+00	 4.9171e+00
775	-1.5000e-02	 1.0000e-02	 4.2955e+00	 5.8275e+00
776	-1.4000e-02	 1.0000e-02	 4.3512e+00	 6.3802e+00
777	-1.3000e-02	 1.0000e-02	 4.4178e+00	 6.6313e+00
778	-1.2000e-02	 1.0000e-02	 4.5680e+00	 6.3542e+00
779	-1.1000e-02	 1.0000e-02	 4.6051e+00	 6.4749e+00
780	-1.0000e-02	 1.0000e-02	 4.4894e+00	 6.4568e+00
781	-9.0000e-03	 1.0000e-02	 4.3418e+00	 5.1058e+00
782	-8.0000e-03	 1.0000e-02	 4.5962e+00	 4.6288e+00
783	-7.0000e-03	 1.0000e-02	 4.8076e+00	 5.1373e+00
784	-6.0000e-03	 1.0000e-02	 4.9151e+00	 6.0347e+00
785	-5.0000e-03	 1.0000e-02	 5.1028e+00	 6.8914e+00
786	-4.0000e-03	 1.0000e-02	 5.2675e+00	 7.3417e+00
787	-3.0000e-03	 1.0000e-02	 5.2159e+00	 7.8818e+00
788	-2.0000e-03	 1.0000e-02	 5.1971e+00	 8.3417e+00
789	-1.0000e-03	 1.0000e-02	 5.2257e+00	 8.7447e+00
790	 0.0000e+00	 1.0000e-02	 5.2981e+00	 9.0067e+00
791	 1.0000e-03	 1.0000e-02	 5.3595e+00	 9.0583e+00
792	 2.0000e-03	 1.0000e-02	 5.3579e+00	 9.0678e+00
793	 3.0000e-03	 1.0000e-02	 5.2415e+00	 8.6227e+00
794	 4.0000e-03	 1.0000e-02	 5.1367e+00	 8.1175e+00
795	 5.0000e-03	 1.0000e-02	 5.2300e+00	 7.5501e+00
796	 6.0000e-03	 1.0000e-02	 5.2984e+00	 7.0810e+00
797	 7.0000e-03	 1.0000e-02	 5.0673e+00	 6.8200e+00
798	 8.0000e-03	 1.0000e-02	 4.5101e+00	 6.7138e+00
799	 9.0000e-03	 1.0000e-02	 4.3494e+00	 4.1775e+00
800	 1.0000e-02	 1.0000e-02	 4.6439e+00	 2.1477e+00
801	 1.1000e-02	 1.0000e-02	 4.5801e+00	 2.3462e+00
802	 1.2000e-02	 1.0000e-02	 4.4339e+00	 3.9247e+00
803	 1.3000e-02	 1.0000e-02	 4.9158e+00	 4.7307e+00
804	 1.4000e-02	 1.0000e-02	 5.0867e+00	 4.8122e+00
805	 1.5000e-02	 1.0000e-02	 5.0436e+00	 4.8014e+00
806	-1.5000e-02	 1.1000e-02	 4.3783e+00	 6.0788e+00
807	-1.4000e-02	 1.1000e-02	 4.3790e+00	 6.1284e+00
808	-1.3000e-02	 1.1000e-02	 4.4943e+00	 6.6573e+00
809	-1.2000e-02	 1.1000e-02	 4.4891e+00	 6.3979e+00
810	-1.1000e-02	 1.1000e-02	 4.5506e+00	 6.1833e+00
811	-1.0000e-02	 1.1000e-02	 4.4677e+00	 5.9509e+00
812	-9.0000e-03	 1.1000e-02	 4.4316e+00	 5.2264e+00
813	-8.0000e-03	 1.1000e-02	 4.4016e+00	 4.5154e+00
814	-7.0000e-03	 1.1000e-02	 4.5821e+00	 4.6130e+00
815	-6.0000e-03	 1.1000e-02	 4.8829e+00	 5.2803e+00
816	-5.0000e-03	 1.1000e-02	 5.0657e+00	 5.5364e+00
817	-4.0000e-03	 1.1000e-02	 5.2698e+00	 5.9772e+00
818	-3.0000e-03	 1.1000e-02	 5.4207e+00	 6.1632e+00
819	-2.0000e-03	 1.1000e-02	 5.3651e+00	 6.3730e+00
820	-1.0000e-03	 1.1000e-02	 5.2770e+00	 6.6096e+00
821	 0.0000e+00	 1.1000e-02	 5.1938e+00	 6.6714e+00
822	 1.0000e-03	 1.1000e-02	 5.2317e+00	 6.6106e+00
823	 2.0000e-03	 1.1000e-02	 5.1630e+00	 6.6244e+00
824	 3.0000e-03	 1.1000e-02	 5.1745e+00	 6.4519e+00
825	 4.0000e-03	 1.1000e-02	 5.2438e+00	 6.1695e+00
826	 5.0000e-03	 1.1000e-02	 5.2833e+00	 5.7878e+00
827	 6.0000e-03	 1.1000e-02	 5.3664e+00	 5.6991e+00
828	 7.0000e-03	 1.1000e-02	 5.0436e+00	 5.4525e+00
829	 8.0000e-03	 1.1000e-02	 4.4023e+00	 4.9578e+00
830	 9.0000e-03	 1.1000e-02	 4.4542e+00	 3.0792e+00
831	 1.0000e-02	 1.1000e-02	 4.5867e+00	 2.2284e+00
832	 1.1000e-02	 1.1000e-02	 4.3977e+00	 2.5750e+00
833	 1.2000e-02	 1.1000e-02	 4.4194e+00	 3.9608e+00
834	 1.3000e-02	 1.1000e-02	 4.8760e+00	 4.6324e+00
835	 1.4000e-02	 1.1000e-02	 4.9976e+00	 4.7110e+00
836	 1.5000e-02	 1.1000e-02	 4.9785e+00	 4.5062e+00
837	-1.5000e-02	 1.2000e-02	 4.2965e+00	 6.1126e+00
838	-1.4000e-02	 1.2000e-02	 4.4549e+00	 6.5109e+00
839	-1.3000e-02	 1.2000e-02	 4.6183e+00	 6.8585e+00
840	-1.2000e-02	 1.2000e-02	 4.4726e+00	 6.5791e+00
841	-1.1000e-02	 1.2000e-02	 4.5529e+00	 6.1294e+00
842	-1.0000e-02	 1.2000e-02	 4.4434e+00	 5.6182e+00
843	-9.0000e-03	 1.2000e-02	 4.4388e+00	 5.4151e+00
844	-8.0000e-03	 1.2000e-02	 4.3412e+00	 4.0807e+00
845	-7.0000e-03	 1.2000e-02	 4.2649e+00	 3.3248e+00
846	-6.0000e-03	 1.2000e-02	 4.3839e+00	 4.0082e+00
847	-5.0000e-03	 1.2000e-02	 4.7415e+00	 4.7346e+00
848	-4.0000e-03	 1.2000e-02	 5.1107e+00	 4.9516e+00
849	-3.0000e-03	 1.2000e-02	 5.3339e+00	 5.1386e+00
850	-2.0000e-03	 1.2000e-02	 5.4650e+00	 5.3273e+00
851	-1.0000e-03	 1.2000e-02	 5.4486e+00	 5.3737e+00
852	 0.0000e+00	 1.2000e-02	 5.4864e+00	 5.3050e+00
853	 1.0000e-03	 1.2000e-02	 5.4322e+00	 5.4009e+00
854	 2.0000e-03	 1.2000e-02	 5.4184e+00	 5.3641e+00
855	 3.0000e-03	 1.2000e-02	 5.3957e+00	 5.0850e+00
856	 4.0000e-03	 1.2000e-02	 5.3861e+00	 4.9039e+00
857	 5.0000e-03	 1.2000e-02	 5.2764e+00	 4.7578e+00
858	 6.0000e-03	 1.2000e-02	 5.0982e+00	 4.4947e+00
859	 7.0000e-03	 1.2000e-02	 4.6755e+00	 4.5598e+00
860	 8.0000e-03	 1.2000e-02	 4.3211e+00	 3.4211e+00
861	 9.0000e-03	 1.2000e-02	 4.3448e+00	 2.7315e+00
862	 1.0000e-02	 1.2000e-02	 4.4381e+00	 2.8156e+00
863	 1.1000e-02	 1.2000e-02	 4.2659e+00	 2.8672e+00
864	 1.2000e-02	 1.2000e-02	 4.4312e+00	 4.0696e+00
865	 1.3000e-02	 1.2000e-02	 4.7070e+00	 4.4769e+00
866	 1.4000e-02	 1.2000e-02	 4.8316e+00	 4.7297e+00
867	 1.5000e-02	 1.2000e-02	 4.8474e+00	 4.6942e+00
868	-1.5000e-02	 1.3000e-02	 4.3431e+00	 6.9571e+00
869	-1.4000e-02	 1.3000e-02	 4.3122e+00	 6.7405e+00
870	-1.3000e-02	 1.3000e-02	 4.3941e+00	 6.5429e+00
871	-1.2000e-02	 1.3000e-02	 4.3159e+00	 6.7628e+00
872	-1.1000e-02	 1.3000e-02	 4.3060e+00	 6.0350e+00
873	-1.0000e-02	 1.3000e-02	 4.3119e+00	 5.1751e+00
874	-9.0000e-03	 1.3000e-02	 4.3615e+00	 5.2819e+00
875	-8.0000e-03	 1.3000e-02	 4.2994e+00	 4.4071e+00
876	-7.0000e-03	 1.3000e-02	 4.3589e+00	 3.1055e+00
877	-6.0000e-03	 1.3000e-02	 4.3405e+00	 2.6499e+00
878	-5.0000e-03	 1.3000e-02	 4.5249e+00	 2.9783e+00
879	-4.0000e-03	 1.3000e-02	 4.5039e+00	 3.6689e+00
880	-3.0000e-03	 1.3000e-02	 4.8891e+00	 4.0499e+00
881	-2.0000e-03	 1.3000e-02	 5.0492e+00	 4.1612e+00
882	-1.0000e-03	 1.3000e-02	 5.2034e+00	 4.3714e+00
883	 0.0000e+00	 1.3000e-02	 5.1817e+00	 4.5266e+00
884	 1.0000e-03	 1.3000e-02	 5.2386e+00	 4.3678e+00
885	 2.0000e-03	 1.3000e-02	 5.1978e+00	 4.1868e+00
886	 3.0000e-03	 1.3000e-02	 5.1932e+00	 3.9434e+00
887	 4.0000e-03	 1.3000e-02	 5.1552e+00	 3.9460e+00
888	 5.0000e-03	 1.3000e-02	 4.9210e+00	 3.6873e+00
889	 6.0000e-03	 1.3000e-02	 4.4072e+00	 3.7166e+00
890	 7.0000e-03	 1.3000e-02	 4.1344e+00	 3.3521e+00
891	 8.0000e-03	 1.3000e-02	 4.3201e+00	 3.5619e+00
892	 9.0000e-03	 1.3000e-02	 4.5318e+00	 4.0164e+00
893	 1.0000e-02	 1.3000e-02	 4.3099e+00	 4.3990e+00
894	 1.1000e-02	 1.3000e-02	 4.2051e+00	 4.2077e+00
895	 1.2000e-02	 1.3000e-02	 4.3678e+00	 3.7238e+00
896	 1.3000e-02	 1.3000e-02	 4.6755e+00	 3.9954e+00
897	 1.4000e-02	 1.3000e-02	 4.8283e+00	 4.3592e+00
898	 1.5000e-02	 1.3000e-02	 4.7931e+00	 4.2248e+00
899	-1.5000e-02	 1.4000e-02	 4.2767e+00	 7.5312e+00
900	-1.4000e-02	 1.4000e-02	 4.2320e+00	 6.7589e+00
901	-1.3000e-02	 1.4000e-02	 4.3560e+00	 6.9676e+00
902	-1.2000e-02	 1.4000e-02	 4.3629e+00	 6.4849e+00
903	-1.1000e-02	 1.4000e-02	 4.3251e+00	 5.7737e+00
904	-1.0000e-02	 1.4000e-02	 4.2146e+00	 4.4117e+00
905	-9.0000e-03	 1.4000e-02	 4.4759e+00	 4.4424e+00
906	-8.0000e-03	 1.4000e-02	 4.2856e+00	 4.7890e+00
907	-7.0000e-03	 1.4000e-02	 4.2320e+00	 3.7375e+00
908	-6.0000e-03	 1.4000e-02	 4.2340e+00	 2.4754e+00
909	-5.0000e-03	 1.4000e-02	 4.4079e+00	 2.1590e+00
910	-4.0000e-03	 1.4000e-02	 4.4148e+00	 2.3225e+00
911	-3.0000e-03	 1.4000e-02	 4.4654e+00	 2.1131e+00
912	-2.0000e-03	 1.4000e-02	 4.6314e+00	 2.6249e+00
913	-1.0000e-03	 1.4000e-02	 4.6383e+00	 2.7209e+00
914	 0.0000e+00	 1.4000e-02	 4.8822e+00	 2.7965e+00
915	 1.0000e-03	 1.4000e-02	 4.8405e+00	 2.8544e+00
916	 2.0000e-03	 1.4000e-02	 4.8855e+00	 2.7781e+00
917	 3.0000e-03	 1.4000e-02	 4.8106e+00	 2.4810e+00
918	 4.0000e-03	 1.4000e-02	 4.7004e+00	 2.3028e+00
919	 5.0000e-03	 1.4000e-02	 4.3842e+00	 2.1414e+00
920	 6.0000e-03	 1.4000e-02	 4.3080e+00	 3.9234e+00
921	 7.0000e-03	 1.4000e-02	 4.3744e+00	 7.7740e+00
922	 8.0000e-03	 1.4000e-02	 4.3556e+00	 7.4709e+00
923	 9.0000e-03	 1.4000e-02	 4.3523e+00	 6.6027e+00
924	 1.0000e-02	 1.4000e-02	 4.1660e+00	 3.4357e+00
925	 1.1000e-02	 1.4000e-02	 4.4470e+00	 2.6631e+00
926	 1.2000e-02	 1.4000e-02	 4.4099e+00	 3.6108e+00
927	 1.3000e-02	 1.4000e-02	 4.6012e+00	 3.5444e+00
928	 1.4000e-02	 1.4000e-02	 4.7050e+00	 3.7312e+00
929	 1.5000e-02	 1.4000e-02	 4.5854e+00	 4.0660e+00
930	-1.5000e-02	 1.5000e-02	 4.4549e+00	 7.9531e+00
931	-1.4000e-02	 1.5000e-02	 4.3135e+00	 7.1767e+00
932	-1.3000e-02	 1.5000e-02	 4.4345e+00	 7.0761e+00
933	-1.2000e-02	 1.5000e-02	 4.3027e+00	 7.3134e+00
934	-1.1000e-02	 1.5000e-02	 4.2776e+00	 7.0570e+00
935	-1.0000e-02	 1.5000e-02	 4.1893e+00	 4.5561e+00
936	-9.0000e-03	 1.5000e-02	 4.4283e+00	 4.0601e+00
937	-8.0000e-03	 1.5000e-02	 4.4030e+00	 4.2725e+00
938	-7.0000e-03	 1.5000e-02	 4.3178e+00	 4.1732e+00
939	-6.0000e-03	 1.5000e-02	 4.4447e+00	 4.4855e+00
940	-5.0000e-03	 1.5000e-02	 4.3537e+00	 5.8408e+00
941	-4.0000e-03	 1.5000e-02	 4.3734e+00	 7.6208e+00
942	-3.0000e-03	 1.5000e-02	 4.4855e+00	 3.2636e+00
943	-2.0000e-03	 1.5000e-02	 4.4904e+00	 2.0093e+00
944	-1.0000e-03	 1.5000e-02	 4.6600e+00	 1.6911e+00
945	 0.0000e+00	 1.5000e-02	 4.6242e+00	 1.7378e+00
946	 1.0000e-03	 1.5000e-02	 4.7175e+00	 1.5162e+00
947	 2.0000e-03	 1.5000e-02	 4.7126e+00	 1.3841e+00
948	 3.0000e-03	 1.5000e-02	 4.6150e+00	 1.8176e+00
949	 4.0000e-03	 1.5000e-02	 4.4362e+00	 1.4580e+00
950	 5.0000e-03	 1.5000e-02	 4.3606e+00	 3.5250e+00
951	 6.0000e-03	 1.5000e-02	 4.2882e+00	 6.7871e+00
952	 7.0000e-03	 1.5000e-02	 4.2838e+00	 6.7000e+00
953	 8.0000e-03	 1.5000e-02	 4.3444e+00	 6.2158e+00
954	 9.0000e-03	 1.5000e-02	 4.2228e+00	 5.2297e+00
955	 1.0000e-02	 1.5000e-02	 4.3951e+00	 3.0888e+00
956	 1.1000e-02	 1.5000e-02	 4.3622e+00	 2.2673e+00
957	 1.2000e-02	 1.5000e-02	 4.5407e+00	 2.8613e+00
958	 1.3000e-02	 1.5000e-02	 4.5029e+00	 3.1785e+00
959	 1.4000e-02	 1.5000e-02	 4.5634e+00	 3.6827e+00
960	 1.5000e-02	 1.5000e-02	 4.5558e+00	 4.1729e+00
