	x (m)	y (m)	Mesure ch1 (V)	Mesure ch2 (V)
0	-1.5000e-02	-1.5000e-02	 4.9161e+00	 6.2895e+00
1	-1.4000e-02	-1.5000e-02	 4.7843e+00	 5.5236e+00
2	-1.3000e-02	-1.5000e-02	 4.7389e+00	 4.4381e+00
3	-1.2000e-02	-1.5000e-02	 4.8148e+00	 3.7506e+00
4	-1.1000e-02	-1.5000e-02	 4.7984e+00	 3.2084e+00
5	-1.0000e-02	-1.5000e-02	 4.7567e+00	 2.1789e+00
6	-9.0000e-03	-1.5000e-02	 4.7100e+00	 1.8078e+00
7	-8.0000e-03	-1.5000e-02	 4.2544e+00	 2.4612e+00
8	-7.0000e-03	-1.5000e-02	 4.2757e+00	 6.5360e+00
9	-6.0000e-03	-1.5000e-02	 4.2718e+00	 6.7375e+00
10	-5.0000e-03	-1.5000e-02	 4.2347e+00	 5.5950e+00
11	-4.0000e-03	-1.5000e-02	 4.2521e+00	 4.2337e+00
12	-3.0000e-03	-1.5000e-02	 4.3921e+00	 3.4553e+00
13	-2.0000e-03	-1.5000e-02	 4.4233e+00	 3.1473e+00
14	-1.0000e-03	-1.5000e-02	 4.4963e+00	 3.6742e+00
15	 0.0000e+00	-1.5000e-02	 4.4556e+00	 3.5703e+00
16	 1.0000e-03	-1.5000e-02	 4.4703e+00	 3.4372e+00
17	 2.0000e-03	-1.5000e-02	 4.6843e+00	 3.0750e+00
18	 3.0000e-03	-1.5000e-02	 4.7744e+00	 2.9408e+00
19	 4.0000e-03	-1.5000e-02	 4.7741e+00	 2.7472e+00
20	 5.0000e-03	-1.5000e-02	 4.4720e+00	 3.1312e+00
21	 6.0000e-03	-1.5000e-02	 4.3395e+00	 3.0763e+00
22	 7.0000e-03	-1.5000e-02	 4.2951e+00	 3.6098e+00
23	 8.0000e-03	-1.5000e-02	 4.2370e+00	 3.8962e+00
24	 9.0000e-03	-1.5000e-02	 4.3737e+00	 2.2634e+00
25	 1.0000e-02	-1.5000e-02	 4.4506e+00	 2.2108e+00
26	 1.1000e-02	-1.5000e-02	 4.5861e+00	 2.5510e+00
27	 1.2000e-02	-1.5000e-02	 4.7455e+00	 3.0217e+00
28	 1.3000e-02	-1.5000e-02	 4.8084e+00	 3.3387e+00
29	 1.4000e-02	-1.5000e-02	 4.8901e+00	 3.6229e+00
30	 1.5000e-02	-1.5000e-02	 4.8720e+00	 4.1291e+00
31	-1.5000e-02	-1.4000e-02	 5.1442e+00	 6.0650e+00
32	-1.4000e-02	-1.4000e-02	 4.8283e+00	 5.4470e+00
33	-1.3000e-02	-1.4000e-02	 4.8242e+00	 4.8609e+00
34	-1.2000e-02	-1.4000e-02	 4.6939e+00	 4.0456e+00
35	-1.1000e-02	-1.4000e-02	 4.7382e+00	 3.2544e+00
36	-1.0000e-02	-1.4000e-02	 4.8280e+00	 2.6808e+00
37	-9.0000e-03	-1.4000e-02	 4.5783e+00	 2.0320e+00
38	-8.0000e-03	-1.4000e-02	 4.3783e+00	 2.6772e+00
39	-7.0000e-03	-1.4000e-02	 4.2139e+00	 6.7493e+00
40	-6.0000e-03	-1.4000e-02	 4.4155e+00	 6.0442e+00
41	-5.0000e-03	-1.4000e-02	 4.5594e+00	 4.2876e+00
42	-4.0000e-03	-1.4000e-02	 4.7655e+00	 3.8366e+00
43	-3.0000e-03	-1.4000e-02	 4.9555e+00	 4.1065e+00
44	-2.0000e-03	-1.4000e-02	 5.0328e+00	 4.2652e+00
45	-1.0000e-03	-1.4000e-02	 5.0760e+00	 4.4953e+00
46	 0.0000e+00	-1.4000e-02	 5.1130e+00	 4.8816e+00
47	 1.0000e-03	-1.4000e-02	 5.0272e+00	 4.6883e+00
48	 2.0000e-03	-1.4000e-02	 4.9749e+00	 4.5453e+00
49	 3.0000e-03	-1.4000e-02	 5.1025e+00	 4.4842e+00
50	 4.0000e-03	-1.4000e-02	 5.0417e+00	 4.2021e+00
51	 5.0000e-03	-1.4000e-02	 5.0216e+00	 3.8201e+00
52	 6.0000e-03	-1.4000e-02	 4.7415e+00	 3.5506e+00
53	 7.0000e-03	-1.4000e-02	 4.4536e+00	 3.2676e+00
54	 8.0000e-03	-1.4000e-02	 4.2425e+00	 3.6154e+00
55	 9.0000e-03	-1.4000e-02	 4.2514e+00	 5.1682e+00
56	 1.0000e-02	-1.4000e-02	 4.2988e+00	 2.6585e+00
57	 1.1000e-02	-1.4000e-02	 4.5548e+00	 3.2804e+00
58	 1.2000e-02	-1.4000e-02	 4.8099e+00	 3.4415e+00
59	 1.3000e-02	-1.4000e-02	 4.8477e+00	 3.5900e+00
60	 1.4000e-02	-1.4000e-02	 4.9536e+00	 3.7738e+00
61	 1.5000e-02	-1.4000e-02	 5.0752e+00	 4.0282e+00
62	-1.5000e-02	-1.3000e-02	 5.1422e+00	 6.1872e+00
63	-1.4000e-02	-1.3000e-02	 5.0213e+00	 5.4529e+00
64	-1.3000e-02	-1.3000e-02	 4.8687e+00	 5.1472e+00
65	-1.2000e-02	-1.3000e-02	 4.7708e+00	 4.2623e+00
66	-1.1000e-02	-1.3000e-02	 4.7583e+00	 3.0911e+00
67	-1.0000e-02	-1.3000e-02	 4.7272e+00	 2.6726e+00
68	-9.0000e-03	-1.3000e-02	 4.4477e+00	 2.6996e+00
69	-8.0000e-03	-1.3000e-02	 4.2909e+00	 4.4072e+00
70	-7.0000e-03	-1.3000e-02	 4.2353e+00	 6.1590e+00
71	-6.0000e-03	-1.3000e-02	 4.5706e+00	 4.6166e+00
72	-5.0000e-03	-1.3000e-02	 4.9266e+00	 4.6031e+00
73	-4.0000e-03	-1.3000e-02	 5.2405e+00	 4.8674e+00
74	-3.0000e-03	-1.3000e-02	 5.4000e+00	 5.2044e+00
75	-2.0000e-03	-1.3000e-02	 5.4433e+00	 5.6274e+00
76	-1.0000e-03	-1.3000e-02	 5.4716e+00	 5.9131e+00
77	 0.0000e+00	-1.3000e-02	 5.5811e+00	 5.9252e+00
78	 1.0000e-03	-1.3000e-02	 5.6235e+00	 5.9667e+00
79	 2.0000e-03	-1.3000e-02	 5.6080e+00	 5.9101e+00
80	 3.0000e-03	-1.3000e-02	 5.5886e+00	 5.8184e+00
81	 4.0000e-03	-1.3000e-02	 5.4627e+00	 5.5426e+00
82	 5.0000e-03	-1.3000e-02	 5.4187e+00	 5.2346e+00
83	 6.0000e-03	-1.3000e-02	 5.2589e+00	 4.9838e+00
84	 7.0000e-03	-1.3000e-02	 4.9092e+00	 4.6942e+00
85	 8.0000e-03	-1.3000e-02	 4.4394e+00	 4.2475e+00
86	 9.0000e-03	-1.3000e-02	 4.3070e+00	 5.2128e+00
87	 1.0000e-02	-1.3000e-02	 4.2166e+00	 5.6545e+00
88	 1.1000e-02	-1.3000e-02	 4.4868e+00	 3.3248e+00
89	 1.2000e-02	-1.3000e-02	 4.7639e+00	 3.8438e+00
90	 1.3000e-02	-1.3000e-02	 5.0768e+00	 3.8244e+00
91	 1.4000e-02	-1.3000e-02	 5.1860e+00	 3.8724e+00
92	 1.5000e-02	-1.3000e-02	 5.2067e+00	 4.1637e+00
93	-1.5000e-02	-1.2000e-02	 5.1636e+00	 6.1649e+00
94	-1.4000e-02	-1.2000e-02	 5.1516e+00	 5.7431e+00
95	-1.3000e-02	-1.2000e-02	 5.0035e+00	 5.0744e+00
96	-1.2000e-02	-1.2000e-02	 4.8370e+00	 4.4191e+00
97	-1.1000e-02	-1.2000e-02	 4.7310e+00	 4.0266e+00
98	-1.0000e-02	-1.2000e-02	 4.4289e+00	 3.5631e+00
99	-9.0000e-03	-1.2000e-02	 4.2587e+00	 3.4780e+00
100	-8.0000e-03	-1.2000e-02	 4.1993e+00	 3.7889e+00
101	-7.0000e-03	-1.2000e-02	 4.3093e+00	 3.9250e+00
102	-6.0000e-03	-1.2000e-02	 4.8566e+00	 5.1081e+00
103	-5.0000e-03	-1.2000e-02	 5.1962e+00	 5.6018e+00
104	-4.0000e-03	-1.2000e-02	 5.4927e+00	 5.9637e+00
105	-3.0000e-03	-1.2000e-02	 5.6018e+00	 6.3371e+00
106	-2.0000e-03	-1.2000e-02	 5.6672e+00	 6.7720e+00
107	-1.0000e-03	-1.2000e-02	 5.6623e+00	 6.9752e+00
108	 0.0000e+00	-1.2000e-02	 5.6994e+00	 7.0505e+00
109	 1.0000e-03	-1.2000e-02	 5.7809e+00	 7.0869e+00
110	 2.0000e-03	-1.2000e-02	 5.8276e+00	 7.1155e+00
111	 3.0000e-03	-1.2000e-02	 5.7520e+00	 6.8397e+00
112	 4.0000e-03	-1.2000e-02	 5.7862e+00	 6.6080e+00
113	 5.0000e-03	-1.2000e-02	 5.7405e+00	 6.3831e+00
114	 6.0000e-03	-1.2000e-02	 5.6409e+00	 6.1905e+00
115	 7.0000e-03	-1.2000e-02	 5.2800e+00	 6.0304e+00
116	 8.0000e-03	-1.2000e-02	 4.9319e+00	 5.7001e+00
117	 9.0000e-03	-1.2000e-02	 4.2725e+00	 5.3630e+00
118	 1.0000e-02	-1.2000e-02	 4.1932e+00	 5.1784e+00
119	 1.1000e-02	-1.2000e-02	 4.1732e+00	 5.0571e+00
120	 1.2000e-02	-1.2000e-02	 4.5946e+00	 4.2412e+00
121	 1.3000e-02	-1.2000e-02	 4.9950e+00	 4.0996e+00
122	 1.4000e-02	-1.2000e-02	 5.2849e+00	 4.0601e+00
123	 1.5000e-02	-1.2000e-02	 5.2944e+00	 4.1804e+00
124	-1.5000e-02	-1.1000e-02	 5.3112e+00	 6.2819e+00
125	-1.4000e-02	-1.1000e-02	 5.1915e+00	 5.9003e+00
126	-1.3000e-02	-1.1000e-02	 5.0334e+00	 5.3444e+00
127	-1.2000e-02	-1.1000e-02	 4.9753e+00	 4.6409e+00
128	-1.1000e-02	-1.1000e-02	 4.7642e+00	 4.9259e+00
129	-1.0000e-02	-1.1000e-02	 4.6005e+00	 4.3471e+00
130	-9.0000e-03	-1.1000e-02	 4.5121e+00	 3.6022e+00
131	-8.0000e-03	-1.1000e-02	 4.4457e+00	 4.2925e+00
132	-7.0000e-03	-1.1000e-02	 4.9013e+00	 5.3490e+00
133	-6.0000e-03	-1.1000e-02	 5.2895e+00	 6.0557e+00
134	-5.0000e-03	-1.1000e-02	 5.5015e+00	 6.6422e+00
135	-4.0000e-03	-1.1000e-02	 5.5725e+00	 7.0357e+00
136	-3.0000e-03	-1.1000e-02	 5.6596e+00	 7.7342e+00
137	-2.0000e-03	-1.1000e-02	 5.7734e+00	 8.2496e+00
138	-1.0000e-03	-1.1000e-02	 5.8181e+00	 8.5310e+00
139	 0.0000e+00	-1.1000e-02	 5.8917e+00	 8.7220e+00
140	 1.0000e-03	-1.1000e-02	 5.9627e+00	 8.8555e+00
141	 2.0000e-03	-1.1000e-02	 5.9259e+00	 8.8229e+00
142	 3.0000e-03	-1.1000e-02	 5.8378e+00	 8.4446e+00
143	 4.0000e-03	-1.1000e-02	 5.8112e+00	 7.9581e+00
144	 5.0000e-03	-1.1000e-02	 5.7977e+00	 7.3540e+00
145	 6.0000e-03	-1.1000e-02	 5.7592e+00	 7.0518e+00
146	 7.0000e-03	-1.1000e-02	 5.6350e+00	 6.6826e+00
147	 8.0000e-03	-1.1000e-02	 5.3737e+00	 6.4210e+00
148	 9.0000e-03	-1.1000e-02	 4.6702e+00	 5.8260e+00
149	 1.0000e-02	-1.1000e-02	 4.4243e+00	 4.4845e+00
150	 1.1000e-02	-1.1000e-02	 4.3369e+00	 4.0795e+00
151	 1.2000e-02	-1.1000e-02	 4.4943e+00	 4.4579e+00
152	 1.3000e-02	-1.1000e-02	 4.9933e+00	 4.2429e+00
153	 1.4000e-02	-1.1000e-02	 5.2698e+00	 4.2764e+00
154	 1.5000e-02	-1.1000e-02	 5.3184e+00	 4.2232e+00
155	-1.5000e-02	-1.0000e-02	 5.3783e+00	 6.3483e+00
156	-1.4000e-02	-1.0000e-02	 5.2136e+00	 6.0061e+00
157	-1.3000e-02	-1.0000e-02	 5.0637e+00	 5.4029e+00
158	-1.2000e-02	-1.0000e-02	 4.9914e+00	 5.4537e+00
159	-1.1000e-02	-1.0000e-02	 4.8135e+00	 5.0091e+00
160	-1.0000e-02	-1.0000e-02	 4.9559e+00	 4.4388e+00
161	-9.0000e-03	-1.0000e-02	 5.0219e+00	 4.0754e+00
162	-8.0000e-03	-1.0000e-02	 5.0134e+00	 5.0666e+00
163	-7.0000e-03	-1.0000e-02	 5.2464e+00	 6.2076e+00
164	-6.0000e-03	-1.0000e-02	 5.4976e+00	 6.8986e+00
165	-5.0000e-03	-1.0000e-02	 5.5709e+00	 7.6221e+00
166	-4.0000e-03	-1.0000e-02	 5.7089e+00	 8.5195e+00
167	-3.0000e-03	-1.0000e-02	 5.9177e+00	 9.2309e+00
168	-2.0000e-03	-1.0000e-02	 6.0166e+00	 9.5971e+00
169	-1.0000e-03	-1.0000e-02	 6.0988e+00	 9.7976e+00
170	 0.0000e+00	-1.0000e-02	 6.1573e+00	 3.0096e-01
171	 1.0000e-03	-1.0000e-02	 6.1941e+00	 1.9281e-01
172	 2.0000e-03	-1.0000e-02	 6.1603e+00	 2.2667e-01
173	 3.0000e-03	-1.0000e-02	 6.0462e+00	 9.7881e+00
174	 4.0000e-03	-1.0000e-02	 5.9653e+00	 9.4176e+00
175	 5.0000e-03	-1.0000e-02	 5.8339e+00	 8.8804e+00
176	 6.0000e-03	-1.0000e-02	 5.7185e+00	 8.0705e+00
177	 7.0000e-03	-1.0000e-02	 5.6636e+00	 7.2566e+00
178	 8.0000e-03	-1.0000e-02	 5.5761e+00	 6.8815e+00
179	 9.0000e-03	-1.0000e-02	 5.2918e+00	 6.5199e+00
180	 1.0000e-02	-1.0000e-02	 4.6765e+00	 5.3493e+00
181	 1.1000e-02	-1.0000e-02	 4.5972e+00	 4.4450e+00
182	 1.2000e-02	-1.0000e-02	 4.6919e+00	 4.4454e+00
183	 1.3000e-02	-1.0000e-02	 4.9021e+00	 4.5581e+00
184	 1.4000e-02	-1.0000e-02	 5.1291e+00	 4.5525e+00
185	 1.5000e-02	-1.0000e-02	 5.3480e+00	 4.4247e+00
186	-1.5000e-02	-9.0000e-03	 5.3960e+00	 6.5048e+00
187	-1.4000e-02	-9.0000e-03	 5.1922e+00	 6.0571e+00
188	-1.3000e-02	-9.0000e-03	 5.1646e+00	 5.7744e+00
189	-1.2000e-02	-9.0000e-03	 5.0232e+00	 5.5311e+00
190	-1.1000e-02	-9.0000e-03	 5.0870e+00	 4.8503e+00
191	-1.0000e-02	-9.0000e-03	 5.2182e+00	 4.3823e+00
192	-9.0000e-03	-9.0000e-03	 5.2783e+00	 4.5599e+00
193	-8.0000e-03	-9.0000e-03	 5.3145e+00	 5.7993e+00
194	-7.0000e-03	-9.0000e-03	 5.3687e+00	 6.8424e+00
195	-6.0000e-03	-9.0000e-03	 5.6304e+00	 7.7707e+00
196	-5.0000e-03	-9.0000e-03	 5.7073e+00	 8.6720e+00
197	-4.0000e-03	-9.0000e-03	 5.8542e+00	 9.6142e+00
198	-3.0000e-03	-9.0000e-03	 6.0406e+00	 3.7163e-01
199	-2.0000e-03	-9.0000e-03	 6.1774e+00	 7.8383e-01
200	-1.0000e-03	-9.0000e-03	 6.2254e+00	 1.0905e+00
201	 0.0000e+00	-9.0000e-03	 6.2668e+00	 1.3749e+00
202	 1.0000e-03	-9.0000e-03	 6.3312e+00	 1.5224e+00
203	 2.0000e-03	-9.0000e-03	 6.2987e+00	 1.4626e+00
204	 3.0000e-03	-9.0000e-03	 6.1790e+00	 1.1737e+00
205	 4.0000e-03	-9.0000e-03	 6.0732e+00	 6.6517e-01
206	 5.0000e-03	-9.0000e-03	 5.9630e+00	 3.4632e-01
207	 6.0000e-03	-9.0000e-03	 5.6948e+00	 9.3124e+00
208	 7.0000e-03	-9.0000e-03	 5.6590e+00	 8.2529e+00
209	 8.0000e-03	-9.0000e-03	 5.6882e+00	 7.4318e+00
210	 9.0000e-03	-9.0000e-03	 5.6116e+00	 6.9952e+00
211	 1.0000e-02	-9.0000e-03	 5.1676e+00	 6.2375e+00
212	 1.1000e-02	-9.0000e-03	 4.7616e+00	 5.0140e+00
213	 1.2000e-02	-9.0000e-03	 5.0466e+00	 4.2120e+00
214	 1.3000e-02	-9.0000e-03	 5.0042e+00	 4.9144e+00
215	 1.4000e-02	-9.0000e-03	 5.1554e+00	 4.8641e+00
216	 1.5000e-02	-9.0000e-03	 5.3161e+00	 4.5782e+00
217	-1.5000e-02	-8.0000e-03	 5.3260e+00	 6.5498e+00
218	-1.4000e-02	-8.0000e-03	 5.2718e+00	 6.2102e+00
219	-1.3000e-02	-8.0000e-03	 5.2323e+00	 5.9229e+00
220	-1.2000e-02	-8.0000e-03	 5.1445e+00	 5.4683e+00
221	-1.1000e-02	-8.0000e-03	 5.2790e+00	 4.5617e+00
222	-1.0000e-02	-8.0000e-03	 5.3845e+00	 4.4657e+00
223	-9.0000e-03	-8.0000e-03	 5.3957e+00	 5.0469e+00
224	-8.0000e-03	-8.0000e-03	 5.3181e+00	 6.2960e+00
225	-7.0000e-03	-8.0000e-03	 5.4233e+00	 7.6224e+00
226	-6.0000e-03	-8.0000e-03	 5.7017e+00	 8.8364e+00
227	-5.0000e-03	-8.0000e-03	 5.8825e+00	 9.6487e+00
228	-4.0000e-03	-8.0000e-03	 6.0390e+00	 6.8259e-01
229	-3.0000e-03	-8.0000e-03	 6.2112e+00	 1.4620e+00
230	-2.0000e-03	-8.0000e-03	 6.3197e+00	 1.9527e+00
231	-1.0000e-03	-8.0000e-03	 6.3953e+00	 2.4557e+00
232	 0.0000e+00	-8.0000e-03	 6.4998e+00	 2.8590e+00
233	 1.0000e-03	-8.0000e-03	 6.5577e+00	 2.9842e+00
234	 2.0000e-03	-8.0000e-03	 6.4745e+00	 2.8978e+00
235	 3.0000e-03	-8.0000e-03	 6.2829e+00	 2.4902e+00
236	 4.0000e-03	-8.0000e-03	 6.1935e+00	 1.8009e+00
237	 5.0000e-03	-8.0000e-03	 6.0945e+00	 1.2733e+00
238	 6.0000e-03	-8.0000e-03	 5.8707e+00	 5.0213e-01
239	 7.0000e-03	-8.0000e-03	 5.6859e+00	 9.3420e+00
240	 8.0000e-03	-8.0000e-03	 5.7136e+00	 8.2740e+00
241	 9.0000e-03	-8.0000e-03	 5.7655e+00	 7.5471e+00
242	 1.0000e-02	-8.0000e-03	 5.4818e+00	 6.9505e+00
243	 1.1000e-02	-8.0000e-03	 5.0827e+00	 5.9982e+00
244	 1.2000e-02	-8.0000e-03	 5.0025e+00	 4.5049e+00
245	 1.3000e-02	-8.0000e-03	 5.1347e+00	 4.4159e+00
246	 1.4000e-02	-8.0000e-03	 5.0877e+00	 4.9851e+00
247	 1.5000e-02	-8.0000e-03	 5.4108e+00	 4.7899e+00
248	-1.5000e-02	-7.0000e-03	 5.4138e+00	 6.7158e+00
249	-1.4000e-02	-7.0000e-03	 5.3434e+00	 6.3920e+00
250	-1.3000e-02	-7.0000e-03	 5.2928e+00	 6.1922e+00
251	-1.2000e-02	-7.0000e-03	 5.3437e+00	 5.4304e+00
252	-1.1000e-02	-7.0000e-03	 5.4006e+00	 4.7402e+00
253	-1.0000e-02	-7.0000e-03	 5.4680e+00	 4.7149e+00
254	-9.0000e-03	-7.0000e-03	 5.3727e+00	 5.5969e+00
255	-8.0000e-03	-7.0000e-03	 5.2865e+00	 7.0176e+00
256	-7.0000e-03	-7.0000e-03	 5.5219e+00	 8.5524e+00
257	-6.0000e-03	-7.0000e-03	 5.8822e+00	 9.6944e+00
258	-5.0000e-03	-7.0000e-03	 6.0206e+00	 7.1217e-01
259	-4.0000e-03	-7.0000e-03	 6.2056e+00	 1.6638e+00
260	-3.0000e-03	-7.0000e-03	 6.3825e+00	 2.5023e+00
261	-2.0000e-03	-7.0000e-03	 6.5636e+00	 3.0980e+00
262	-1.0000e-03	-7.0000e-03	 6.6958e+00	 3.6009e+00
263	 0.0000e+00	-7.0000e-03	 6.7927e+00	 3.9569e+00
264	 1.0000e-03	-7.0000e-03	 6.8365e+00	 4.0785e+00
265	 2.0000e-03	-7.0000e-03	 6.7467e+00	 3.9829e+00
266	 3.0000e-03	-7.0000e-03	 6.5324e+00	 3.6019e+00
267	 4.0000e-03	-7.0000e-03	 6.3993e+00	 2.8675e+00
268	 5.0000e-03	-7.0000e-03	 6.2579e+00	 2.3028e+00
269	 6.0000e-03	-7.0000e-03	 6.0032e+00	 1.5386e+00
270	 7.0000e-03	-7.0000e-03	 5.7915e+00	 4.8536e-01
271	 8.0000e-03	-7.0000e-03	 5.6771e+00	 9.0073e+00
272	 9.0000e-03	-7.0000e-03	 5.7464e+00	 8.1004e+00
273	 1.0000e-02	-7.0000e-03	 5.6823e+00	 7.3332e+00
274	 1.1000e-02	-7.0000e-03	 5.3247e+00	 6.5919e+00
275	 1.2000e-02	-7.0000e-03	 5.1445e+00	 5.1537e+00
276	 1.3000e-02	-7.0000e-03	 5.2021e+00	 4.3484e+00
277	 1.4000e-02	-7.0000e-03	 5.1886e+00	 4.6774e+00
278	 1.5000e-02	-7.0000e-03	 5.4049e+00	 4.9292e+00
279	-1.5000e-02	-6.0000e-03	 5.4742e+00	 6.8588e+00
280	-1.4000e-02	-6.0000e-03	 5.4397e+00	 6.4791e+00
281	-1.3000e-02	-6.0000e-03	 5.4292e+00	 6.2359e+00
282	-1.2000e-02	-6.0000e-03	 5.4374e+00	 5.3033e+00
283	-1.1000e-02	-6.0000e-03	 5.4782e+00	 4.7343e+00
284	-1.0000e-02	-6.0000e-03	 5.3789e+00	 5.0696e+00
285	-9.0000e-03	-6.0000e-03	 5.1541e+00	 6.0692e+00
286	-8.0000e-03	-6.0000e-03	 5.2096e+00	 7.9557e+00
287	-7.0000e-03	-6.0000e-03	 5.6333e+00	 9.3541e+00
288	-6.0000e-03	-6.0000e-03	 5.9690e+00	 5.5012e-01
289	-5.0000e-03	-6.0000e-03	 6.1366e+00	 1.5898e+00
290	-4.0000e-03	-6.0000e-03	 6.3092e+00	 2.5556e+00
291	-3.0000e-03	-6.0000e-03	 6.5630e+00	 3.4438e+00
292	-2.0000e-03	-6.0000e-03	 6.8151e+00	 4.0059e+00
293	-1.0000e-03	-6.0000e-03	 6.9508e+00	 4.3908e+00
294	 0.0000e+00	-6.0000e-03	 7.0084e+00	 4.6143e+00
295	 1.0000e-03	-6.0000e-03	 7.0505e+00	 4.6886e+00
296	 2.0000e-03	-6.0000e-03	 6.9781e+00	 4.6485e+00
297	 3.0000e-03	-6.0000e-03	 6.8289e+00	 4.3599e+00
298	 4.0000e-03	-6.0000e-03	 6.7050e+00	 3.8284e+00
299	 5.0000e-03	-6.0000e-03	 6.4591e+00	 3.3379e+00
300	 6.0000e-03	-6.0000e-03	 6.1849e+00	 2.4389e+00
301	 7.0000e-03	-6.0000e-03	 5.9305e+00	 1.5731e+00
302	 8.0000e-03	-6.0000e-03	 5.4953e+00	 4.8208e-01
303	 9.0000e-03	-6.0000e-03	 5.6360e+00	 8.6513e+00
304	 1.0000e-02	-6.0000e-03	 5.6777e+00	 7.7786e+00
305	 1.1000e-02	-6.0000e-03	 5.3868e+00	 7.0590e+00
306	 1.2000e-02	-6.0000e-03	 5.1786e+00	 5.4956e+00
307	 1.3000e-02	-6.0000e-03	 5.3612e+00	 4.4266e+00
308	 1.4000e-02	-6.0000e-03	 5.3030e+00	 4.4736e+00
309	 1.5000e-02	-6.0000e-03	 5.4223e+00	 5.0147e+00
310	-1.5000e-02	-5.0000e-03	 5.4772e+00	 6.9594e+00
311	-1.4000e-02	-5.0000e-03	 5.4818e+00	 6.6326e+00
312	-1.3000e-02	-5.0000e-03	 5.4276e+00	 6.0765e+00
313	-1.2000e-02	-5.0000e-03	 5.5354e+00	 5.1567e+00
314	-1.1000e-02	-5.0000e-03	 5.5489e+00	 5.0085e+00
315	-1.0000e-02	-5.0000e-03	 5.3595e+00	 5.3592e+00
316	-9.0000e-03	-5.0000e-03	 4.9670e+00	 6.7608e+00
317	-8.0000e-03	-5.0000e-03	 5.3868e+00	 9.2057e+00
318	-7.0000e-03	-5.0000e-03	 5.8631e+00	 2.2305e-01
319	-6.0000e-03	-5.0000e-03	 6.1277e+00	 1.2194e+00
320	-5.0000e-03	-5.0000e-03	 6.2596e+00	 2.3469e+00
321	-4.0000e-03	-5.0000e-03	 6.4535e+00	 3.3198e+00
322	-3.0000e-03	-5.0000e-03	 6.7339e+00	 4.1183e+00
323	-2.0000e-03	-5.0000e-03	 6.9775e+00	 4.6788e+00
324	-1.0000e-03	-5.0000e-03	 7.1139e+00	 4.9411e+00
325	 0.0000e+00	-5.0000e-03	 7.1787e+00	 5.0472e+00
326	 1.0000e-03	-5.0000e-03	 7.2112e+00	 5.0880e+00
327	 2.0000e-03	-5.0000e-03	 7.1428e+00	 5.0726e+00
328	 3.0000e-03	-5.0000e-03	 7.0347e+00	 4.9522e+00
329	 4.0000e-03	-5.0000e-03	 6.9301e+00	 4.6567e+00
330	 5.0000e-03	-5.0000e-03	 6.6139e+00	 4.1222e+00
331	 6.0000e-03	-5.0000e-03	 6.3499e+00	 3.1052e+00
332	 7.0000e-03	-5.0000e-03	 6.1373e+00	 2.3176e+00
333	 8.0000e-03	-5.0000e-03	 5.7362e+00	 1.2306e+00
334	 9.0000e-03	-5.0000e-03	 5.6047e+00	 9.3824e+00
335	 1.0000e-02	-5.0000e-03	 5.6488e+00	 8.2786e+00
336	 1.1000e-02	-5.0000e-03	 5.3853e+00	 7.6451e+00
337	 1.2000e-02	-5.0000e-03	 5.0683e+00	 5.9509e+00
338	 1.3000e-02	-5.0000e-03	 5.3368e+00	 4.7695e+00
339	 1.4000e-02	-5.0000e-03	 5.4673e+00	 4.5775e+00
340	 1.5000e-02	-5.0000e-03	 5.4631e+00	 4.8581e+00
341	-1.5000e-02	-4.0000e-03	 5.5045e+00	 6.9265e+00
342	-1.4000e-02	-4.0000e-03	 5.5074e+00	 6.5682e+00
343	-1.3000e-02	-4.0000e-03	 5.4095e+00	 6.0038e+00
344	-1.2000e-02	-4.0000e-03	 5.6038e+00	 5.2635e+00
345	-1.1000e-02	-4.0000e-03	 5.5459e+00	 5.3668e+00
346	-1.0000e-02	-4.0000e-03	 5.3109e+00	 5.8013e+00
347	-9.0000e-03	-4.0000e-03	 4.9578e+00	 8.1589e+00
348	-8.0000e-03	-4.0000e-03	 5.7947e+00	 9.7555e+00
349	-7.0000e-03	-4.0000e-03	 6.1231e+00	 6.6221e-01
350	-6.0000e-03	-4.0000e-03	 6.2457e+00	 1.6641e+00
351	-5.0000e-03	-4.0000e-03	 6.3552e+00	 2.8961e+00
352	-4.0000e-03	-4.0000e-03	 6.5804e+00	 3.8224e+00
353	-3.0000e-03	-4.0000e-03	 6.8683e+00	 4.6038e+00
354	-2.0000e-03	-4.0000e-03	 7.0643e+00	 5.0772e+00
355	-1.0000e-03	-4.0000e-03	 7.1652e+00	 5.3533e+00
356	 0.0000e+00	-4.0000e-03	 7.2631e+00	 5.4604e+00
357	 1.0000e-03	-4.0000e-03	 7.3147e+00	 5.5140e+00
358	 2.0000e-03	-4.0000e-03	 7.2345e+00	 5.5160e+00
359	 3.0000e-03	-4.0000e-03	 7.1027e+00	 5.4121e+00
360	 4.0000e-03	-4.0000e-03	 7.0110e+00	 5.1498e+00
361	 5.0000e-03	-4.0000e-03	 6.7369e+00	 4.6534e+00
362	 6.0000e-03	-4.0000e-03	 6.4946e+00	 3.6025e+00
363	 7.0000e-03	-4.0000e-03	 6.2858e+00	 2.8836e+00
364	 8.0000e-03	-4.0000e-03	 5.9762e+00	 1.7690e+00
365	 9.0000e-03	-4.0000e-03	 5.7395e+00	 4.6433e-01
366	 1.0000e-02	-4.0000e-03	 5.5479e+00	 8.9623e+00
367	 1.1000e-02	-4.0000e-03	 5.4575e+00	 8.0547e+00
368	 1.2000e-02	-4.0000e-03	 5.1748e+00	 6.4788e+00
369	 1.3000e-02	-4.0000e-03	 5.3398e+00	 4.9631e+00
370	 1.4000e-02	-4.0000e-03	 5.5354e+00	 4.5259e+00
371	 1.5000e-02	-4.0000e-03	 5.5025e+00	 4.6771e+00
372	-1.5000e-02	-3.0000e-03	 5.6038e+00	 6.9709e+00
373	-1.4000e-02	-3.0000e-03	 5.4907e+00	 6.5902e+00
374	-1.3000e-02	-3.0000e-03	 5.5048e+00	 5.8388e+00
375	-1.2000e-02	-3.0000e-03	 5.7076e+00	 5.3428e+00
376	-1.1000e-02	-3.0000e-03	 5.6011e+00	 5.5630e+00
377	-1.0000e-02	-3.0000e-03	 5.3260e+00	 6.2260e+00
378	-9.0000e-03	-3.0000e-03	 5.1919e+00	 8.9538e+00
379	-8.0000e-03	-3.0000e-03	 6.0423e+00	 3.2430e-01
380	-7.0000e-03	-3.0000e-03	 6.3010e+00	 9.0118e-01
381	-6.0000e-03	-3.0000e-03	 6.3144e+00	 1.8337e+00
382	-5.0000e-03	-3.0000e-03	 6.3855e+00	 3.2094e+00
383	-4.0000e-03	-3.0000e-03	 6.6619e+00	 4.2070e+00
384	-3.0000e-03	-3.0000e-03	 6.9633e+00	 4.9082e+00
385	-2.0000e-03	-3.0000e-03	 7.1060e+00	 5.3921e+00
386	-1.0000e-03	-3.0000e-03	 7.1925e+00	 5.6767e+00
387	 0.0000e+00	-3.0000e-03	 7.3111e+00	 5.8023e+00
388	 1.0000e-03	-3.0000e-03	 7.3594e+00	 5.8786e+00
389	 2.0000e-03	-3.0000e-03	 7.2720e+00	 5.9154e+00
390	 3.0000e-03	-3.0000e-03	 7.1362e+00	 5.7837e+00
391	 4.0000e-03	-3.0000e-03	 7.0153e+00	 5.4364e+00
392	 5.0000e-03	-3.0000e-03	 6.8674e+00	 4.9223e+00
393	 6.0000e-03	-3.0000e-03	 6.5271e+00	 4.0805e+00
394	 7.0000e-03	-3.0000e-03	 6.3401e+00	 3.1953e+00
395	 8.0000e-03	-3.0000e-03	 6.1662e+00	 1.9688e+00
396	 9.0000e-03	-3.0000e-03	 5.9604e+00	 6.9541e-01
397	 1.0000e-02	-3.0000e-03	 5.6603e+00	 9.5813e+00
398	 1.1000e-02	-3.0000e-03	 5.4555e+00	 8.4248e+00
399	 1.2000e-02	-3.0000e-03	 5.1958e+00	 6.7927e+00
400	 1.3000e-02	-3.0000e-03	 5.3441e+00	 5.2326e+00
401	 1.4000e-02	-3.0000e-03	 5.5219e+00	 4.6262e+00
402	 1.5000e-02	-3.0000e-03	 5.5653e+00	 4.5647e+00
403	-1.5000e-02	-2.0000e-03	 5.6314e+00	 6.8466e+00
404	-1.4000e-02	-2.0000e-03	 5.5387e+00	 6.5623e+00
405	-1.3000e-02	-2.0000e-03	 5.5900e+00	 5.7967e+00
406	-1.2000e-02	-2.0000e-03	 5.7438e+00	 5.3385e+00
407	-1.1000e-02	-2.0000e-03	 5.6859e+00	 5.5275e+00
408	-1.0000e-02	-2.0000e-03	 5.3027e+00	 6.1087e+00
409	-9.0000e-03	-2.0000e-03	 5.3030e+00	 9.2999e+00
410	-8.0000e-03	-2.0000e-03	 6.1570e+00	 2.4146e-01
411	-7.0000e-03	-2.0000e-03	 6.3753e+00	 1.0376e+00
412	-6.0000e-03	-2.0000e-03	 6.3434e+00	 2.0428e+00
413	-5.0000e-03	-2.0000e-03	 6.4210e+00	 3.4895e+00
414	-4.0000e-03	-2.0000e-03	 6.7503e+00	 4.5348e+00
415	-3.0000e-03	-2.0000e-03	 7.0567e+00	 5.1534e+00
416	-2.0000e-03	-2.0000e-03	 7.1806e+00	 5.6011e+00
417	-1.0000e-03	-2.0000e-03	 7.2510e+00	 5.8782e+00
418	 0.0000e+00	-2.0000e-03	 7.3834e+00	 6.0255e+00
419	 1.0000e-03	-2.0000e-03	 7.4180e+00	 6.1070e+00
420	 2.0000e-03	-2.0000e-03	 7.3259e+00	 6.1438e+00
421	 3.0000e-03	-2.0000e-03	 7.1704e+00	 6.0110e+00
422	 4.0000e-03	-2.0000e-03	 7.1126e+00	 5.6636e+00
423	 5.0000e-03	-2.0000e-03	 6.9670e+00	 5.2395e+00
424	 6.0000e-03	-2.0000e-03	 6.5524e+00	 4.5581e+00
425	 7.0000e-03	-2.0000e-03	 6.3243e+00	 3.3080e+00
426	 8.0000e-03	-2.0000e-03	 6.2267e+00	 2.0589e+00
427	 9.0000e-03	-2.0000e-03	 6.1077e+00	 9.9651e-01
428	 1.0000e-02	-2.0000e-03	 5.7938e+00	 9.7240e+00
429	 1.1000e-02	-2.0000e-03	 5.4802e+00	 8.8969e+00
430	 1.2000e-02	-2.0000e-03	 5.1386e+00	 7.0274e+00
431	 1.3000e-02	-2.0000e-03	 5.3336e+00	 5.2441e+00
432	 1.4000e-02	-2.0000e-03	 5.5689e+00	 4.5686e+00
433	 1.5000e-02	-2.0000e-03	 5.5305e+00	 4.4842e+00
434	-1.5000e-02	-1.0000e-03	 5.6856e+00	 6.8884e+00
435	-1.4000e-02	-1.0000e-03	 5.6103e+00	 6.5991e+00
436	-1.3000e-02	-1.0000e-03	 5.5834e+00	 5.7980e+00
437	-1.2000e-02	-1.0000e-03	 5.7530e+00	 5.3056e+00
438	-1.1000e-02	-1.0000e-03	 5.6524e+00	 5.4516e+00
439	-1.0000e-02	-1.0000e-03	 5.2948e+00	 6.2063e+00
440	-9.0000e-03	-1.0000e-03	 5.3845e+00	 9.4587e+00
441	-8.0000e-03	-1.0000e-03	 6.1655e+00	 3.5355e-01
442	-7.0000e-03	-1.0000e-03	 6.4016e+00	 1.1786e+00
443	-6.0000e-03	-1.0000e-03	 6.3299e+00	 2.1782e+00
444	-5.0000e-03	-1.0000e-03	 6.4108e+00	 3.5953e+00
445	-4.0000e-03	-1.0000e-03	 6.7747e+00	 4.6827e+00
446	-3.0000e-03	-1.0000e-03	 7.0685e+00	 5.2701e+00
447	-2.0000e-03	-1.0000e-03	 7.2053e+00	 5.6932e+00
448	-1.0000e-03	-1.0000e-03	 7.2963e+00	 5.9999e+00
449	 0.0000e+00	-1.0000e-03	 7.3992e+00	 6.1948e+00
450	 1.0000e-03	-1.0000e-03	 7.4479e+00	 6.2740e+00
451	 2.0000e-03	-1.0000e-03	 7.3427e+00	 6.2914e+00
452	 3.0000e-03	-1.0000e-03	 7.2092e+00	 6.1143e+00
453	 4.0000e-03	-1.0000e-03	 7.1770e+00	 5.8138e+00
454	 5.0000e-03	-1.0000e-03	 6.9962e+00	 5.4138e+00
455	 6.0000e-03	-1.0000e-03	 6.5518e+00	 4.7353e+00
456	 7.0000e-03	-1.0000e-03	 6.3352e+00	 3.4316e+00
457	 8.0000e-03	-1.0000e-03	 6.2264e+00	 2.2003e+00
458	 9.0000e-03	-1.0000e-03	 6.1133e+00	 1.1247e+00
459	 1.0000e-02	-1.0000e-03	 5.8480e+00	 3.7441e+00
460	 1.1000e-02	-1.0000e-03	 5.4920e+00	 8.9896e+00
461	 1.2000e-02	-1.0000e-03	 4.9887e+00	 6.9913e+00
462	 1.3000e-02	-1.0000e-03	 5.2629e+00	 5.1324e+00
463	 1.4000e-02	-1.0000e-03	 5.5377e+00	 4.5302e+00
464	 1.5000e-02	-1.0000e-03	 5.5137e+00	 4.4999e+00
465	-1.5000e-02	 0.0000e+00	 5.7231e+00	 6.8407e+00
466	-1.4000e-02	 0.0000e+00	 5.6419e+00	 6.5321e+00
467	-1.3000e-02	 0.0000e+00	 5.6564e+00	 5.7977e+00
468	-1.2000e-02	 0.0000e+00	 5.7113e+00	 5.3529e+00
469	-1.1000e-02	 0.0000e+00	 5.5518e+00	 5.4976e+00
470	-1.0000e-02	 0.0000e+00	 5.1968e+00	 6.2665e+00
471	-9.0000e-03	 0.0000e+00	 5.2714e+00	 9.4061e+00
472	-8.0000e-03	 0.0000e+00	 6.1402e+00	 3.7097e-01
473	-7.0000e-03	 0.0000e+00	 6.3687e+00	 1.2204e+00
474	-6.0000e-03	 0.0000e+00	 6.3269e+00	 2.2006e+00
475	-5.0000e-03	 0.0000e+00	 6.4022e+00	 3.5345e+00
476	-4.0000e-03	 0.0000e+00	 6.7355e+00	 4.6857e+00
477	-3.0000e-03	 0.0000e+00	 7.0084e+00	 5.3125e+00
478	-2.0000e-03	 0.0000e+00	 7.1645e+00	 5.7635e+00
479	-1.0000e-03	 0.0000e+00	 7.2654e+00	 6.0656e+00
480	 0.0000e+00	 0.0000e+00	 7.3693e+00	 6.2615e+00
481	 1.0000e-03	 0.0000e+00	 7.3913e+00	 6.3302e+00
482	 2.0000e-03	 0.0000e+00	 7.3036e+00	 6.3266e+00
483	 3.0000e-03	 0.0000e+00	 7.1800e+00	 6.1902e+00
484	 4.0000e-03	 0.0000e+00	 7.1441e+00	 5.8753e+00
485	 5.0000e-03	 0.0000e+00	 6.9462e+00	 5.3986e+00
486	 6.0000e-03	 0.0000e+00	 6.5656e+00	 4.6298e+00
487	 7.0000e-03	 0.0000e+00	 6.3772e+00	 3.4310e+00
488	 8.0000e-03	 0.0000e+00	 6.2224e+00	 2.3005e+00
489	 9.0000e-03	 0.0000e+00	 6.0502e+00	 1.1300e+00
490	 1.0000e-02	 0.0000e+00	 5.8072e+00	 9.4215e+00
491	 1.1000e-02	 0.0000e+00	 5.3947e+00	 9.0238e+00
492	 1.2000e-02	 0.0000e+00	 4.6814e+00	 6.9224e+00
493	 1.3000e-02	 0.0000e+00	 5.1731e+00	 5.0798e+00
494	 1.4000e-02	 0.0000e+00	 5.4384e+00	 4.5344e+00
495	 1.5000e-02	 0.0000e+00	 5.4900e+00	 4.3357e+00
496	-1.5000e-02	 1.0000e-03	 5.7103e+00	 6.8660e+00
497	-1.4000e-02	 1.0000e-03	 5.5926e+00	 6.5725e+00
498	-1.3000e-02	 1.0000e-03	 5.5696e+00	 5.8441e+00
499	-1.2000e-02	 1.0000e-03	 5.6504e+00	 5.3641e+00
500	-1.1000e-02	 1.0000e-03	 5.4696e+00	 5.4378e+00
501	-1.0000e-02	 1.0000e-03	 5.1521e+00	 6.0344e+00
502	-9.0000e-03	 1.0000e-03	 5.0561e+00	 9.1089e+00
503	-8.0000e-03	 1.0000e-03	 6.0153e+00	 3.5569e-01
504	-7.0000e-03	 1.0000e-03	 6.2934e+00	 1.2207e+00
505	-6.0000e-03	 1.0000e-03	 6.3306e+00	 2.2233e+00
506	-5.0000e-03	 1.0000e-03	 6.3901e+00	 3.5174e+00
507	-4.0000e-03	 1.0000e-03	 6.7007e+00	 4.5433e+00
508	-3.0000e-03	 1.0000e-03	 6.9699e+00	 5.2451e+00
509	-2.0000e-03	 1.0000e-03	 7.1349e+00	 5.7126e+00
510	-1.0000e-03	 1.0000e-03	 7.2283e+00	 6.0009e+00
511	 0.0000e+00	 1.0000e-03	 7.3092e+00	 6.1787e+00
512	 1.0000e-03	 1.0000e-03	 7.3118e+00	 6.2457e+00
513	 2.0000e-03	 1.0000e-03	 7.2615e+00	 6.1938e+00
514	 3.0000e-03	 1.0000e-03	 7.1609e+00	 6.0646e+00
515	 4.0000e-03	 1.0000e-03	 7.0968e+00	 5.7997e+00
516	 5.0000e-03	 1.0000e-03	 6.9295e+00	 5.3313e+00
517	 6.0000e-03	 1.0000e-03	 6.5669e+00	 4.4717e+00
518	 7.0000e-03	 1.0000e-03	 6.3151e+00	 3.4612e+00
519	 8.0000e-03	 1.0000e-03	 6.1649e+00	 2.3094e+00
520	 9.0000e-03	 1.0000e-03	 5.9233e+00	 1.0320e+00
521	 1.0000e-02	 1.0000e-03	 5.7366e+00	 9.5054e+00
522	 1.1000e-02	 1.0000e-03	 5.2520e+00	 8.9002e+00
523	 1.2000e-02	 1.0000e-03	 4.5745e+00	 6.6188e+00
524	 1.3000e-02	 1.0000e-03	 5.1915e+00	 4.8530e+00
525	 1.4000e-02	 1.0000e-03	 5.4332e+00	 4.3303e+00
526	 1.5000e-02	 1.0000e-03	 5.4272e+00	 4.2471e+00
527	-1.5000e-02	 2.0000e-03	 5.6320e+00	 6.8161e+00
528	-1.4000e-02	 2.0000e-03	 5.4963e+00	 6.5130e+00
529	-1.3000e-02	 2.0000e-03	 5.3668e+00	 5.8401e+00
530	-1.2000e-02	 2.0000e-03	 5.5367e+00	 5.3194e+00
531	-1.1000e-02	 2.0000e-03	 5.4690e+00	 5.1436e+00
532	-1.0000e-02	 2.0000e-03	 5.1679e+00	 5.6452e+00
533	-9.0000e-03	 2.0000e-03	 4.8405e+00	 8.5054e+00
534	-8.0000e-03	 2.0000e-03	 5.8470e+00	 2.3554e-01
535	-7.0000e-03	 2.0000e-03	 6.2211e+00	 1.1342e+00
536	-6.0000e-03	 2.0000e-03	 6.3720e+00	 2.1099e+00
537	-5.0000e-03	 2.0000e-03	 6.4302e+00	 3.2847e+00
538	-4.0000e-03	 2.0000e-03	 6.6675e+00	 4.2567e+00
539	-3.0000e-03	 2.0000e-03	 6.9163e+00	 5.0348e+00
540	-2.0000e-03	 2.0000e-03	 7.0892e+00	 5.5005e+00
541	-1.0000e-03	 2.0000e-03	 7.1872e+00	 5.7675e+00
542	 0.0000e+00	 2.0000e-03	 7.2487e+00	 5.9128e+00
543	 1.0000e-03	 2.0000e-03	 7.2579e+00	 5.9650e+00
544	 2.0000e-03	 2.0000e-03	 7.2158e+00	 5.8983e+00
545	 3.0000e-03	 2.0000e-03	 7.1376e+00	 5.7773e+00
546	 4.0000e-03	 2.0000e-03	 7.0393e+00	 5.5160e+00
547	 5.0000e-03	 2.0000e-03	 6.8644e+00	 5.0670e+00
548	 6.0000e-03	 2.0000e-03	 6.5830e+00	 4.1900e+00
549	 7.0000e-03	 2.0000e-03	 6.2878e+00	 3.3083e+00
550	 8.0000e-03	 2.0000e-03	 6.0896e+00	 2.1335e+00
551	 9.0000e-03	 2.0000e-03	 5.8434e+00	 6.9442e-01
552	 1.0000e-02	 2.0000e-03	 5.6472e+00	 9.5103e+00
553	 1.1000e-02	 2.0000e-03	 5.2346e+00	 8.4949e+00
554	 1.2000e-02	 2.0000e-03	 4.8007e+00	 6.1616e+00
555	 1.3000e-02	 2.0000e-03	 5.2859e+00	 4.7057e+00
556	 1.4000e-02	 2.0000e-03	 5.4059e+00	 4.2596e+00
557	 1.5000e-02	 2.0000e-03	 5.3520e+00	 4.1535e+00
558	-1.5000e-02	 3.0000e-03	 5.5584e+00	 6.7556e+00
559	-1.4000e-02	 3.0000e-03	 5.4184e+00	 6.6961e+00
560	-1.3000e-02	 3.0000e-03	 5.1925e+00	 5.9499e+00
561	-1.2000e-02	 3.0000e-03	 5.4026e+00	 5.2770e+00
562	-1.1000e-02	 3.0000e-03	 5.4946e+00	 5.1378e+00
563	-1.0000e-02	 3.0000e-03	 5.3027e+00	 5.6143e+00
564	-9.0000e-03	 3.0000e-03	 4.9190e+00	 7.6152e+00
565	-8.0000e-03	 3.0000e-03	 5.5932e+00	 9.0399e+00
566	-7.0000e-03	 3.0000e-03	 6.1386e+00	 8.7686e-01
567	-6.0000e-03	 3.0000e-03	 6.3352e+00	 1.8157e+00
568	-5.0000e-03	 3.0000e-03	 6.4131e+00	 2.8735e+00
569	-4.0000e-03	 3.0000e-03	 6.5899e+00	 3.8750e+00
570	-3.0000e-03	 3.0000e-03	 6.8223e+00	 4.6416e+00
571	-2.0000e-03	 3.0000e-03	 6.9998e+00	 5.1179e+00
572	-1.0000e-03	 3.0000e-03	 7.1221e+00	 5.3733e+00
573	 0.0000e+00	 3.0000e-03	 7.1925e+00	 5.5222e+00
574	 1.0000e-03	 3.0000e-03	 7.1951e+00	 5.5890e+00
575	 2.0000e-03	 3.0000e-03	 7.1435e+00	 5.5084e+00
576	 3.0000e-03	 3.0000e-03	 7.0702e+00	 5.3651e+00
577	 4.0000e-03	 3.0000e-03	 6.9716e+00	 5.1087e+00
578	 5.0000e-03	 3.0000e-03	 6.7579e+00	 4.6140e+00
579	 6.0000e-03	 3.0000e-03	 6.4749e+00	 3.8231e+00
580	 7.0000e-03	 3.0000e-03	 6.2129e+00	 2.8130e+00
581	 8.0000e-03	 3.0000e-03	 5.9907e+00	 1.6365e+00
582	 9.0000e-03	 3.0000e-03	 5.8322e+00	 3.9891e-01
583	 1.0000e-02	 3.0000e-03	 5.5623e+00	 9.3177e+00
584	 1.1000e-02	 3.0000e-03	 5.2139e+00	 8.1811e+00
585	 1.2000e-02	 3.0000e-03	 4.7290e+00	 6.4233e+00
586	 1.3000e-02	 3.0000e-03	 5.2149e+00	 4.5200e+00
587	 1.4000e-02	 3.0000e-03	 5.4016e+00	 4.1702e+00
588	 1.5000e-02	 3.0000e-03	 5.2918e+00	 4.2790e+00
589	-1.5000e-02	 4.0000e-03	 5.5242e+00	 6.8713e+00
590	-1.4000e-02	 4.0000e-03	 5.4138e+00	 6.7546e+00
591	-1.3000e-02	 4.0000e-03	 5.0334e+00	 6.1813e+00
592	-1.2000e-02	 4.0000e-03	 5.3076e+00	 5.3299e+00
593	-1.1000e-02	 4.0000e-03	 5.4325e+00	 5.1297e+00
594	-1.0000e-02	 4.0000e-03	 5.3079e+00	 5.5193e+00
595	-9.0000e-03	 4.0000e-03	 5.1587e+00	 6.9867e+00
596	-8.0000e-03	 4.0000e-03	 5.4092e+00	 9.1658e+00
597	-7.0000e-03	 4.0000e-03	 5.9693e+00	 4.2751e-01
598	-6.0000e-03	 4.0000e-03	 6.2066e+00	 1.3837e+00
599	-5.0000e-03	 4.0000e-03	 6.2885e+00	 2.3787e+00
600	-4.0000e-03	 4.0000e-03	 6.4831e+00	 3.3991e+00
601	-3.0000e-03	 4.0000e-03	 6.6902e+00	 4.1213e+00
602	-2.0000e-03	 4.0000e-03	 6.8654e+00	 4.6097e+00
603	-1.0000e-03	 4.0000e-03	 6.9979e+00	 4.9506e+00
604	 0.0000e+00	 4.0000e-03	 7.0958e+00	 5.1827e+00
605	 1.0000e-03	 4.0000e-03	 7.1139e+00	 5.2363e+00
606	 2.0000e-03	 4.0000e-03	 7.0406e+00	 5.1551e+00
607	 3.0000e-03	 4.0000e-03	 6.9574e+00	 4.9131e+00
608	 4.0000e-03	 4.0000e-03	 6.8427e+00	 4.5519e+00
609	 5.0000e-03	 4.0000e-03	 6.6106e+00	 4.1535e+00
610	 6.0000e-03	 4.0000e-03	 6.2596e+00	 3.3764e+00
611	 7.0000e-03	 4.0000e-03	 6.0811e+00	 2.2285e+00
612	 8.0000e-03	 4.0000e-03	 5.9676e+00	 1.0120e+00
613	 9.0000e-03	 4.0000e-03	 5.8233e+00	 9.0836e+00
614	 1.0000e-02	 4.0000e-03	 5.4417e+00	 9.0603e+00
615	 1.1000e-02	 4.0000e-03	 5.0361e+00	 7.8578e+00
616	 1.2000e-02	 4.0000e-03	 4.7757e+00	 5.9558e+00
617	 1.3000e-02	 4.0000e-03	 5.1294e+00	 4.5137e+00
618	 1.4000e-02	 4.0000e-03	 5.2665e+00	 4.1206e+00
619	 1.5000e-02	 4.0000e-03	 5.1955e+00	 4.3758e+00
620	-1.5000e-02	 5.0000e-03	 5.4187e+00	 6.9719e+00
621	-1.4000e-02	 5.0000e-03	 5.3595e+00	 6.7704e+00
622	-1.3000e-02	 5.0000e-03	 5.0058e+00	 6.5107e+00
623	-1.2000e-02	 5.0000e-03	 4.9868e+00	 5.5482e+00
624	-1.1000e-02	 5.0000e-03	 5.3585e+00	 5.1567e+00
625	-1.0000e-02	 5.0000e-03	 5.3467e+00	 5.2297e+00
626	-9.0000e-03	 5.0000e-03	 5.0594e+00	 6.4380e+00
627	-8.0000e-03	 5.0000e-03	 5.3013e+00	 8.5770e+00
628	-7.0000e-03	 5.0000e-03	 5.8187e+00	 9.7125e+00
629	-6.0000e-03	 5.0000e-03	 6.0758e+00	 8.0191e-01
630	-5.0000e-03	 5.0000e-03	 6.1422e+00	 1.7598e+00
631	-4.0000e-03	 5.0000e-03	 6.2987e+00	 2.7387e+00
632	-3.0000e-03	 5.0000e-03	 6.4828e+00	 3.5302e+00
633	-2.0000e-03	 5.0000e-03	 6.6438e+00	 4.0884e+00
634	-1.0000e-03	 5.0000e-03	 6.7937e+00	 4.4874e+00
635	 0.0000e+00	 5.0000e-03	 6.9213e+00	 4.7501e+00
636	 1.0000e-03	 5.0000e-03	 6.9538e+00	 4.8641e+00
637	 2.0000e-03	 5.0000e-03	 6.8746e+00	 4.7751e+00
638	 3.0000e-03	 5.0000e-03	 6.7204e+00	 4.4434e+00
639	 4.0000e-03	 5.0000e-03	 6.5498e+00	 3.9635e+00
640	 5.0000e-03	 5.0000e-03	 6.3197e+00	 3.5125e+00
641	 6.0000e-03	 5.0000e-03	 6.0327e+00	 2.6121e+00
642	 7.0000e-03	 5.0000e-03	 5.9331e+00	 1.3844e+00
643	 8.0000e-03	 5.0000e-03	 5.9325e+00	 3.7820e-01
644	 9.0000e-03	 5.0000e-03	 5.7254e+00	 9.5215e+00
645	 1.0000e-02	 5.0000e-03	 5.3717e+00	 8.6753e+00
646	 1.1000e-02	 5.0000e-03	 4.9614e+00	 7.5087e+00
647	 1.2000e-02	 5.0000e-03	 4.6827e+00	 5.4378e+00
648	 1.3000e-02	 5.0000e-03	 4.9891e+00	 4.2159e+00
649	 1.4000e-02	 5.0000e-03	 5.1370e+00	 4.0910e+00
650	 1.5000e-02	 5.0000e-03	 5.1777e+00	 4.4812e+00
651	-1.5000e-02	 6.0000e-03	 5.3901e+00	 6.8943e+00
652	-1.4000e-02	 6.0000e-03	 5.3566e+00	 6.7418e+00
653	-1.3000e-02	 6.0000e-03	 5.1117e+00	 6.4604e+00
654	-1.2000e-02	 6.0000e-03	 4.7501e+00	 5.5660e+00
655	-1.1000e-02	 6.0000e-03	 5.1113e+00	 4.8826e+00
656	-1.0000e-02	 6.0000e-03	 5.2961e+00	 5.0249e+00
657	-9.0000e-03	 6.0000e-03	 5.0065e+00	 5.6994e+00
658	-8.0000e-03	 6.0000e-03	 5.0469e+00	 7.9341e+00
659	-7.0000e-03	 6.0000e-03	 5.6028e+00	 9.2545e+00
660	-6.0000e-03	 6.0000e-03	 5.9430e+00	 2.6513e-01
661	-5.0000e-03	 6.0000e-03	 6.0380e+00	 8.9527e-01
662	-4.0000e-03	 6.0000e-03	 6.0995e+00	 1.9080e+00
663	-3.0000e-03	 6.0000e-03	 6.2576e+00	 2.6969e+00
664	-2.0000e-03	 6.0000e-03	 6.3792e+00	 3.2909e+00
665	-1.0000e-03	 6.0000e-03	 6.5058e+00	 3.7784e+00
666	 0.0000e+00	 6.0000e-03	 6.6248e+00	 3.9819e+00
667	 1.0000e-03	 6.0000e-03	 6.6392e+00	 4.0427e+00
668	 2.0000e-03	 6.0000e-03	 6.5708e+00	 4.0088e+00
669	 3.0000e-03	 6.0000e-03	 6.3772e+00	 3.7567e+00
670	 4.0000e-03	 6.0000e-03	 6.1764e+00	 3.1986e+00
671	 5.0000e-03	 6.0000e-03	 6.0314e+00	 2.5934e+00
672	 6.0000e-03	 6.0000e-03	 5.8427e+00	 1.5645e+00
673	 7.0000e-03	 6.0000e-03	 5.8753e+00	 4.7419e-01
674	 8.0000e-03	 6.0000e-03	 5.7684e+00	 9.7134e+00
675	 9.0000e-03	 6.0000e-03	 5.6149e+00	 8.9465e+00
676	 1.0000e-02	 6.0000e-03	 5.1985e+00	 8.3315e+00
677	 1.1000e-02	 6.0000e-03	 4.5407e+00	 7.1119e+00
678	 1.2000e-02	 6.0000e-03	 4.4723e+00	 4.7442e+00
679	 1.3000e-02	 6.0000e-03	 4.9164e+00	 3.8323e+00
680	 1.4000e-02	 6.0000e-03	 5.0269e+00	 4.3362e+00
681	 1.5000e-02	 6.0000e-03	 5.2524e+00	 4.7754e+00
682	-1.5000e-02	 7.0000e-03	 5.3914e+00	 6.9485e+00
683	-1.4000e-02	 7.0000e-03	 5.3539e+00	 6.6366e+00
684	-1.3000e-02	 7.0000e-03	 5.1754e+00	 6.4062e+00
685	-1.2000e-02	 7.0000e-03	 4.7077e+00	 6.0337e+00
686	-1.1000e-02	 7.0000e-03	 4.8033e+00	 4.6452e+00
687	-1.0000e-02	 7.0000e-03	 5.0877e+00	 4.7971e+00
688	-9.0000e-03	 7.0000e-03	 5.1360e+00	 5.1682e+00
689	-8.0000e-03	 7.0000e-03	 4.9503e+00	 6.9015e+00
690	-7.0000e-03	 7.0000e-03	 5.3562e+00	 8.5376e+00
691	-6.0000e-03	 7.0000e-03	 5.7188e+00	 9.4616e+00
692	-5.0000e-03	 7.0000e-03	 5.8937e+00	 3.3613e-01
693	-4.0000e-03	 7.0000e-03	 6.0160e+00	 1.0721e+00
694	-3.0000e-03	 7.0000e-03	 6.1133e+00	 1.7157e+00
695	-2.0000e-03	 7.0000e-03	 6.1955e+00	 2.2897e+00
696	-1.0000e-03	 7.0000e-03	 6.2487e+00	 2.7160e+00
697	 0.0000e+00	 7.0000e-03	 6.2720e+00	 2.9224e+00
698	 1.0000e-03	 7.0000e-03	 6.2615e+00	 2.9441e+00
699	 2.0000e-03	 7.0000e-03	 6.2093e+00	 2.8843e+00
700	 3.0000e-03	 7.0000e-03	 6.1422e+00	 2.5812e+00
701	 4.0000e-03	 7.0000e-03	 6.0271e+00	 2.0875e+00
702	 5.0000e-03	 7.0000e-03	 5.9440e+00	 1.4791e+00
703	 6.0000e-03	 7.0000e-03	 5.8201e+00	 6.9968e-01
704	 7.0000e-03	 7.0000e-03	 5.7555e+00	 9.6209e+00
705	 8.0000e-03	 7.0000e-03	 5.6633e+00	 9.0517e+00
706	 9.0000e-03	 7.0000e-03	 5.4627e+00	 8.2243e+00
707	 1.0000e-02	 7.0000e-03	 4.9529e+00	 8.0037e+00
708	 1.1000e-02	 7.0000e-03	 4.2902e+00	 6.9436e+00
709	 1.2000e-02	 7.0000e-03	 4.3783e+00	 4.0290e+00
710	 1.3000e-02	 7.0000e-03	 4.7123e+00	 3.5276e+00
711	 1.4000e-02	 7.0000e-03	 4.9552e+00	 4.3596e+00
712	 1.5000e-02	 7.0000e-03	 5.3076e+00	 4.5699e+00
713	-1.5000e-02	 8.0000e-03	 5.3536e+00	 6.7313e+00
714	-1.4000e-02	 8.0000e-03	 5.1873e+00	 6.3684e+00
715	-1.3000e-02	 8.0000e-03	 5.1896e+00	 6.0055e+00
716	-1.2000e-02	 8.0000e-03	 4.8707e+00	 5.7915e+00
717	-1.1000e-02	 8.0000e-03	 4.5584e+00	 4.7044e+00
718	-1.0000e-02	 8.0000e-03	 4.9585e+00	 4.4016e+00
719	-9.0000e-03	 8.0000e-03	 5.0085e+00	 4.8589e+00
720	-8.0000e-03	 8.0000e-03	 4.8379e+00	 6.0130e+00
721	-7.0000e-03	 8.0000e-03	 5.1074e+00	 7.5097e+00
722	-6.0000e-03	 8.0000e-03	 5.4595e+00	 8.6017e+00
723	-5.0000e-03	 8.0000e-03	 5.7205e+00	 9.2973e+00
724	-4.0000e-03	 8.0000e-03	 5.8122e+00	 3.6045e-01
725	-3.0000e-03	 8.0000e-03	 5.9598e+00	 8.9001e-01
726	-2.0000e-03	 8.0000e-03	 6.0705e+00	 1.3466e+00
727	-1.0000e-03	 8.0000e-03	 6.1116e+00	 1.7200e+00
728	 0.0000e+00	 8.0000e-03	 6.1327e+00	 1.8821e+00
729	 1.0000e-03	 8.0000e-03	 6.0801e+00	 1.9139e+00
730	 2.0000e-03	 8.0000e-03	 6.0317e+00	 1.7108e+00
731	 3.0000e-03	 8.0000e-03	 6.0078e+00	 1.4127e+00
732	 4.0000e-03	 8.0000e-03	 5.9824e+00	 9.9717e-01
733	 5.0000e-03	 8.0000e-03	 5.9137e+00	 5.3697e-01
734	 6.0000e-03	 8.0000e-03	 5.7395e+00	 9.6980e+00
735	 7.0000e-03	 8.0000e-03	 5.6508e+00	 9.1050e+00
736	 8.0000e-03	 8.0000e-03	 5.4581e+00	 8.3354e+00
737	 9.0000e-03	 8.0000e-03	 5.2432e+00	 7.8410e+00
738	 1.0000e-02	 8.0000e-03	 4.5962e+00	 7.6267e+00
739	 1.1000e-02	 8.0000e-03	 4.2685e+00	 5.4654e+00
740	 1.2000e-02	 8.0000e-03	 4.5042e+00	 2.3275e+00
741	 1.3000e-02	 8.0000e-03	 4.6705e+00	 3.3166e+00
742	 1.4000e-02	 8.0000e-03	 4.9467e+00	 4.5653e+00
743	 1.5000e-02	 8.0000e-03	 5.2944e+00	 4.5637e+00
744	-1.5000e-02	 9.0000e-03	 5.2443e+00	 6.4591e+00
745	-1.4000e-02	 9.0000e-03	 5.1097e+00	 6.2162e+00
746	-1.3000e-02	 9.0000e-03	 4.9792e+00	 5.9772e+00
747	-1.2000e-02	 9.0000e-03	 4.9148e+00	 5.5038e+00
748	-1.1000e-02	 9.0000e-03	 4.6630e+00	 4.9240e+00
749	-1.0000e-02	 9.0000e-03	 4.6199e+00	 4.0143e+00
750	-9.0000e-03	 9.0000e-03	 4.6612e+00	 4.4792e+00
751	-8.0000e-03	 9.0000e-03	 4.8093e+00	 5.0758e+00
752	-7.0000e-03	 9.0000e-03	 4.8503e+00	 6.3404e+00
753	-6.0000e-03	 9.0000e-03	 5.1179e+00	 7.8147e+00
754	-5.0000e-03	 9.0000e-03	 5.4325e+00	 8.4413e+00
755	-4.0000e-03	 9.0000e-03	 5.5331e+00	 9.1411e+00
756	-3.0000e-03	 9.0000e-03	 5.5308e+00	 9.6069e+00
757	-2.0000e-03	 9.0000e-03	 5.6711e+00	 4.6137e-01
758	-1.0000e-03	 9.0000e-03	 5.8437e+00	 7.5096e-01
759	 0.0000e+00	 9.0000e-03	 5.9078e+00	 9.3866e-01
760	 1.0000e-03	 9.0000e-03	 5.8996e+00	 9.2419e-01
761	 2.0000e-03	 9.0000e-03	 5.8690e+00	 8.0421e-01
762	 3.0000e-03	 9.0000e-03	 5.7908e+00	 5.4190e-01
763	 4.0000e-03	 9.0000e-03	 5.6708e+00	 3.7459e-01
764	 5.0000e-03	 9.0000e-03	 5.5834e+00	 9.4840e+00
765	 6.0000e-03	 9.0000e-03	 5.4545e+00	 8.6763e+00
766	 7.0000e-03	 9.0000e-03	 5.4312e+00	 8.0337e+00
767	 8.0000e-03	 9.0000e-03	 5.1837e+00	 7.5734e+00
768	 9.0000e-03	 9.0000e-03	 4.7521e+00	 7.1169e+00
769	 1.0000e-02	 9.0000e-03	 4.1367e+00	 7.0593e+00
770	 1.1000e-02	 9.0000e-03	 4.2665e+00	 2.0178e+00
771	 1.2000e-02	 9.0000e-03	 4.5535e+00	 2.4251e+00
772	 1.3000e-02	 9.0000e-03	 4.3786e+00	 3.2617e+00
773	 1.4000e-02	 9.0000e-03	 4.9766e+00	 4.1923e+00
774	 1.5000e-02	 9.0000e-03	 5.3161e+00	 4.3474e+00
775	-1.5000e-02	 1.0000e-02	 5.1731e+00	 6.2474e+00
776	-1.4000e-02	 1.0000e-02	 5.0581e+00	 6.1491e+00
777	-1.3000e-02	 1.0000e-02	 5.0052e+00	 5.6398e+00
778	-1.2000e-02	 1.0000e-02	 4.8083e+00	 5.5965e+00
779	-1.1000e-02	 1.0000e-02	 4.6863e+00	 5.2014e+00
780	-1.0000e-02	 1.0000e-02	 4.4723e+00	 4.0433e+00
781	-9.0000e-03	 1.0000e-02	 4.4786e+00	 3.6966e+00
782	-8.0000e-03	 1.0000e-02	 4.6110e+00	 3.9888e+00
783	-7.0000e-03	 1.0000e-02	 4.6889e+00	 5.2561e+00
784	-6.0000e-03	 1.0000e-02	 4.9075e+00	 6.7161e+00
785	-5.0000e-03	 1.0000e-02	 5.1508e+00	 7.1957e+00
786	-4.0000e-03	 1.0000e-02	 5.1988e+00	 7.5593e+00
787	-3.0000e-03	 1.0000e-02	 5.3033e+00	 7.8746e+00
788	-2.0000e-03	 1.0000e-02	 5.2185e+00	 8.4406e+00
789	-1.0000e-03	 1.0000e-02	 5.2284e+00	 8.8387e+00
790	 0.0000e+00	 1.0000e-02	 5.3615e+00	 9.0701e+00
791	 1.0000e-03	 1.0000e-02	 5.4049e+00	 9.1909e+00
792	 2.0000e-03	 1.0000e-02	 5.3391e+00	 9.1421e+00
793	 3.0000e-03	 1.0000e-02	 5.2741e+00	 8.9179e+00
794	 4.0000e-03	 1.0000e-02	 5.2146e+00	 8.4137e+00
795	 5.0000e-03	 1.0000e-02	 5.2941e+00	 7.8157e+00
796	 6.0000e-03	 1.0000e-02	 5.2195e+00	 7.1231e+00
797	 7.0000e-03	 1.0000e-02	 5.1781e+00	 6.9338e+00
798	 8.0000e-03	 1.0000e-02	 4.8099e+00	 6.6231e+00
799	 9.0000e-03	 1.0000e-02	 4.3339e+00	 5.6261e+00
800	 1.0000e-02	 1.0000e-02	 4.4016e+00	 2.5523e+00
801	 1.1000e-02	 1.0000e-02	 4.5262e+00	 1.6684e+00
802	 1.2000e-02	 1.0000e-02	 4.4227e+00	 2.1036e+00
803	 1.3000e-02	 1.0000e-02	 4.3655e+00	 3.9949e+00
804	 1.4000e-02	 1.0000e-02	 4.9672e+00	 4.3014e+00
805	 1.5000e-02	 1.0000e-02	 5.2609e+00	 4.1370e+00
806	-1.5000e-02	 1.1000e-02	 5.1347e+00	 6.4009e+00
807	-1.4000e-02	 1.1000e-02	 5.0308e+00	 6.1302e+00
808	-1.3000e-02	 1.1000e-02	 4.8983e+00	 5.9716e+00
809	-1.2000e-02	 1.1000e-02	 4.7718e+00	 5.3668e+00
810	-1.1000e-02	 1.1000e-02	 4.7004e+00	 4.9585e+00
811	-1.0000e-02	 1.1000e-02	 4.5903e+00	 4.6498e+00
812	-9.0000e-03	 1.1000e-02	 4.4812e+00	 3.6920e+00
813	-8.0000e-03	 1.1000e-02	 4.4595e+00	 3.6578e+00
814	-7.0000e-03	 1.1000e-02	 4.4827e+00	 3.9838e+00
815	-6.0000e-03	 1.1000e-02	 4.6347e+00	 5.4502e+00
816	-5.0000e-03	 1.1000e-02	 5.1140e+00	 6.0084e+00
817	-4.0000e-03	 1.1000e-02	 5.2783e+00	 6.1632e+00
818	-3.0000e-03	 1.1000e-02	 5.3576e+00	 6.3509e+00
819	-2.0000e-03	 1.1000e-02	 5.3174e+00	 6.5518e+00
820	-1.0000e-03	 1.1000e-02	 5.2606e+00	 6.6760e+00
821	 0.0000e+00	 1.1000e-02	 5.2326e+00	 6.8447e+00
822	 1.0000e-03	 1.1000e-02	 5.2448e+00	 6.7408e+00
823	 2.0000e-03	 1.1000e-02	 5.2425e+00	 6.8138e+00
824	 3.0000e-03	 1.1000e-02	 5.1962e+00	 6.6586e+00
825	 4.0000e-03	 1.1000e-02	 5.2556e+00	 6.4104e+00
826	 5.0000e-03	 1.1000e-02	 5.2635e+00	 5.9933e+00
827	 6.0000e-03	 1.1000e-02	 5.2504e+00	 5.7195e+00
828	 7.0000e-03	 1.1000e-02	 5.1097e+00	 5.6873e+00
829	 8.0000e-03	 1.1000e-02	 4.5709e+00	 5.3654e+00
830	 9.0000e-03	 1.1000e-02	 4.2564e+00	 4.8040e+00
831	 1.0000e-02	 1.1000e-02	 4.5706e+00	 1.4751e+00
832	 1.1000e-02	 1.1000e-02	 4.5124e+00	 2.1378e+00
833	 1.2000e-02	 1.1000e-02	 4.4181e+00	 3.5874e+00
834	 1.3000e-02	 1.1000e-02	 4.3842e+00	 3.7478e+00
835	 1.4000e-02	 1.1000e-02	 4.8964e+00	 4.0376e+00
836	 1.5000e-02	 1.1000e-02	 5.2008e+00	 4.0466e+00
837	-1.5000e-02	 1.2000e-02	 4.8806e+00	 6.7165e+00
838	-1.4000e-02	 1.2000e-02	 4.9266e+00	 6.3966e+00
839	-1.3000e-02	 1.2000e-02	 4.7754e+00	 5.8937e+00
840	-1.2000e-02	 1.2000e-02	 4.6926e+00	 5.7448e+00
841	-1.1000e-02	 1.2000e-02	 4.5930e+00	 4.7064e+00
842	-1.0000e-02	 1.2000e-02	 4.5966e+00	 4.2021e+00
843	-9.0000e-03	 1.2000e-02	 4.4523e+00	 3.7140e+00
844	-8.0000e-03	 1.2000e-02	 4.3550e+00	 2.9247e+00
845	-7.0000e-03	 1.2000e-02	 4.3395e+00	 2.3294e+00
846	-6.0000e-03	 1.2000e-02	 4.4092e+00	 4.0874e+00
847	-5.0000e-03	 1.2000e-02	 4.5943e+00	 4.8783e+00
848	-4.0000e-03	 1.2000e-02	 5.0768e+00	 5.1962e+00
849	-3.0000e-03	 1.2000e-02	 5.3207e+00	 5.4032e+00
850	-2.0000e-03	 1.2000e-02	 5.4085e+00	 5.4841e+00
851	-1.0000e-03	 1.2000e-02	 5.4621e+00	 5.5492e+00
852	 0.0000e+00	 1.2000e-02	 5.4996e+00	 5.5415e+00
853	 1.0000e-03	 1.2000e-02	 5.4710e+00	 5.5443e+00
854	 2.0000e-03	 1.2000e-02	 5.4673e+00	 5.5022e+00
855	 3.0000e-03	 1.2000e-02	 5.4233e+00	 5.2155e+00
856	 4.0000e-03	 1.2000e-02	 5.3119e+00	 5.1360e+00
857	 5.0000e-03	 1.2000e-02	 5.2428e+00	 4.7373e+00
858	 6.0000e-03	 1.2000e-02	 5.0535e+00	 4.7361e+00
859	 7.0000e-03	 1.2000e-02	 4.6932e+00	 4.4907e+00
860	 8.0000e-03	 1.2000e-02	 4.3297e+00	 4.3020e+00
861	 9.0000e-03	 1.2000e-02	 4.1975e+00	 5.5725e+00
862	 1.0000e-02	 1.2000e-02	 4.3408e+00	 4.2123e+00
863	 1.1000e-02	 1.2000e-02	 4.4884e+00	 3.2216e+00
864	 1.2000e-02	 1.2000e-02	 4.3744e+00	 3.1289e+00
865	 1.3000e-02	 1.2000e-02	 4.4641e+00	 3.3213e+00
866	 1.4000e-02	 1.2000e-02	 4.8661e+00	 3.9316e+00
867	 1.5000e-02	 1.2000e-02	 5.1820e+00	 3.9947e+00
868	-1.5000e-02	 1.3000e-02	 4.7787e+00	 7.0511e+00
869	-1.4000e-02	 1.3000e-02	 4.6735e+00	 6.6271e+00
870	-1.3000e-02	 1.3000e-02	 4.7629e+00	 6.2484e+00
871	-1.2000e-02	 1.3000e-02	 4.5821e+00	 5.4545e+00
872	-1.1000e-02	 1.3000e-02	 4.4467e+00	 4.9286e+00
873	-1.0000e-02	 1.3000e-02	 4.6314e+00	 3.7429e+00
874	-9.0000e-03	 1.3000e-02	 4.4828e+00	 3.6367e+00
875	-8.0000e-03	 1.3000e-02	 4.4677e+00	 2.8248e+00
876	-7.0000e-03	 1.3000e-02	 4.4434e+00	 2.5138e+00
877	-6.0000e-03	 1.3000e-02	 4.3776e+00	 2.1536e+00
878	-5.0000e-03	 1.3000e-02	 4.4358e+00	 2.7773e+00
879	-4.0000e-03	 1.3000e-02	 4.5154e+00	 3.6081e+00
880	-3.0000e-03	 1.3000e-02	 4.8379e+00	 3.9914e+00
881	-2.0000e-03	 1.3000e-02	 5.1232e+00	 4.3002e+00
882	-1.0000e-03	 1.3000e-02	 5.1994e+00	 4.5200e+00
883	 0.0000e+00	 1.3000e-02	 5.2721e+00	 4.5387e+00
884	 1.0000e-03	 1.3000e-02	 5.2487e+00	 4.5749e+00
885	 2.0000e-03	 1.3000e-02	 5.1866e+00	 4.4161e+00
886	 3.0000e-03	 1.3000e-02	 5.1731e+00	 4.1351e+00
887	 4.0000e-03	 1.3000e-02	 5.0998e+00	 3.8721e+00
888	 5.0000e-03	 1.3000e-02	 4.8941e+00	 3.6818e+00
889	 6.0000e-03	 1.3000e-02	 4.6607e+00	 3.5766e+00
890	 7.0000e-03	 1.3000e-02	 4.3017e+00	 3.7636e+00
891	 8.0000e-03	 1.3000e-02	 4.3066e+00	 4.9555e+00
892	 9.0000e-03	 1.3000e-02	 4.5417e+00	 7.5005e+00
893	 1.0000e-02	 1.3000e-02	 4.4321e+00	 8.2592e+00
894	 1.1000e-02	 1.3000e-02	 4.4059e+00	 2.9625e+00
895	 1.2000e-02	 1.3000e-02	 4.3254e+00	 3.0851e+00
896	 1.3000e-02	 1.3000e-02	 4.5101e+00	 3.0927e+00
897	 1.4000e-02	 1.3000e-02	 4.9335e+00	 3.6295e+00
898	 1.5000e-02	 1.3000e-02	 5.0795e+00	 3.9569e+00
899	-1.5000e-02	 1.4000e-02	 4.8398e+00	 7.5593e+00
900	-1.4000e-02	 1.4000e-02	 4.6538e+00	 7.0547e+00
901	-1.3000e-02	 1.4000e-02	 4.3688e+00	 6.4113e+00
902	-1.2000e-02	 1.4000e-02	 4.4309e+00	 5.6407e+00
903	-1.1000e-02	 1.4000e-02	 4.4611e+00	 4.6156e+00
904	-1.0000e-02	 1.4000e-02	 4.6104e+00	 3.7373e+00
905	-9.0000e-03	 1.4000e-02	 4.6120e+00	 3.5309e+00
906	-8.0000e-03	 1.4000e-02	 4.4713e+00	 3.3833e+00
907	-7.0000e-03	 1.4000e-02	 4.2761e+00	 2.8424e+00
908	-6.0000e-03	 1.4000e-02	 4.3704e+00	 2.2591e+00
909	-5.0000e-03	 1.4000e-02	 4.4470e+00	 2.0786e+00
910	-4.0000e-03	 1.4000e-02	 4.4690e+00	 1.6365e+00
911	-3.0000e-03	 1.4000e-02	 4.3872e+00	 2.3381e+00
912	-2.0000e-03	 1.4000e-02	 4.6679e+00	 3.0865e+00
913	-1.0000e-03	 1.4000e-02	 4.7922e+00	 2.9747e+00
914	 0.0000e+00	 1.4000e-02	 4.9177e+00	 2.9681e+00
915	 1.0000e-03	 1.4000e-02	 4.7931e+00	 2.9642e+00
916	 2.0000e-03	 1.4000e-02	 4.8452e+00	 2.7627e+00
917	 3.0000e-03	 1.4000e-02	 4.7185e+00	 2.8616e+00
918	 4.0000e-03	 1.4000e-02	 4.6166e+00	 2.6557e+00
919	 5.0000e-03	 1.4000e-02	 4.4585e+00	 2.2653e+00
920	 6.0000e-03	 1.4000e-02	 4.1870e+00	 3.6540e+00
921	 7.0000e-03	 1.4000e-02	 4.2807e+00	 7.3499e+00
922	 8.0000e-03	 1.4000e-02	 4.4099e+00	 7.6875e+00
923	 9.0000e-03	 1.4000e-02	 4.4519e+00	 7.1514e+00
924	 1.0000e-02	 1.4000e-02	 4.3898e+00	 7.4091e+00
925	 1.1000e-02	 1.4000e-02	 4.4427e+00	 2.1097e+00
926	 1.2000e-02	 1.4000e-02	 4.3790e+00	 2.1526e+00
927	 1.3000e-02	 1.4000e-02	 4.5854e+00	 3.1907e+00
928	 1.4000e-02	 1.4000e-02	 4.6807e+00	 3.4438e+00
929	 1.5000e-02	 1.4000e-02	 4.9785e+00	 3.5914e+00
930	-1.5000e-02	 1.5000e-02	 4.8106e+00	 7.5646e+00
931	-1.4000e-02	 1.5000e-02	 4.6748e+00	 6.9453e+00
932	-1.3000e-02	 1.5000e-02	 4.5289e+00	 6.4722e+00
933	-1.2000e-02	 1.5000e-02	 4.2938e+00	 6.3407e+00
934	-1.1000e-02	 1.5000e-02	 4.3514e+00	 4.8536e+00
935	-1.0000e-02	 1.5000e-02	 4.5147e+00	 3.4714e+00
936	-9.0000e-03	 1.5000e-02	 4.5760e+00	 3.4119e+00
937	-8.0000e-03	 1.5000e-02	 4.5318e+00	 3.1177e+00
938	-7.0000e-03	 1.5000e-02	 4.4069e+00	 3.1427e+00
939	-6.0000e-03	 1.5000e-02	 4.1745e+00	 3.1815e+00
940	-5.0000e-03	 1.5000e-02	 4.3464e+00	 5.1634e+00
941	-4.0000e-03	 1.5000e-02	 4.4772e+00	 7.6537e+00
942	-3.0000e-03	 1.5000e-02	 4.3993e+00	 2.9523e+00
943	-2.0000e-03	 1.5000e-02	 4.3885e+00	 1.7795e+00
944	-1.0000e-03	 1.5000e-02	 4.5995e+00	 1.6845e+00
945	 0.0000e+00	 1.5000e-02	 4.7198e+00	 1.8863e+00
946	 1.0000e-03	 1.5000e-02	 4.6278e+00	 1.8134e+00
947	 2.0000e-03	 1.5000e-02	 4.5729e+00	 1.6250e+00
948	 3.0000e-03	 1.5000e-02	 4.5706e+00	 1.6631e+00
949	 4.0000e-03	 1.5000e-02	 4.4427e+00	 1.8998e+00
950	 5.0000e-03	 1.5000e-02	 4.2797e+00	 4.9738e+00
951	 6.0000e-03	 1.5000e-02	 4.3191e+00	 6.1346e+00
952	 7.0000e-03	 1.5000e-02	 4.2997e+00	 6.6435e+00
953	 8.0000e-03	 1.5000e-02	 4.3839e+00	 6.8430e+00
954	 9.0000e-03	 1.5000e-02	 4.3290e+00	 7.4295e+00
955	 1.0000e-02	 1.5000e-02	 4.2879e+00	 3.7350e+00
956	 1.1000e-02	 1.5000e-02	 4.4986e+00	 2.5372e+00
957	 1.2000e-02	 1.5000e-02	 4.3842e+00	 2.2116e+00
958	 1.3000e-02	 1.5000e-02	 4.3471e+00	 2.3919e+00
959	 1.4000e-02	 1.5000e-02	 4.5913e+00	 2.9116e+00
960	 1.5000e-02	 1.5000e-02	 4.7951e+00	 3.5450e+00
