	x (m)	y (m)	Mesure ch1 (V)	Mesure ch2 (V)
0	-1.5000e-02	-1.5000e-02	 4.8066e+00	 5.4138e+00
1	-1.4000e-02	-1.5000e-02	 4.6294e+00	 6.9004e+00
2	-1.3000e-02	-1.5000e-02	 4.9164e+00	 8.4791e+00
3	-1.2000e-02	-1.5000e-02	 5.1860e+00	 9.3282e+00
4	-1.1000e-02	-1.5000e-02	 5.4167e+00	 5.0903e-01
5	-1.0000e-02	-1.5000e-02	 5.5919e+00	 1.1017e+00
6	-9.0000e-03	-1.5000e-02	 5.6330e+00	 1.6881e+00
7	-8.0000e-03	-1.5000e-02	 5.6938e+00	 2.3048e+00
8	-7.0000e-03	-1.5000e-02	 5.7083e+00	 2.9326e+00
9	-6.0000e-03	-1.5000e-02	 5.7500e+00	 3.6048e+00
10	-5.0000e-03	-1.5000e-02	 5.8033e+00	 4.1742e+00
11	-4.0000e-03	-1.5000e-02	 5.8523e+00	 4.7070e+00
12	-3.0000e-03	-1.5000e-02	 5.9197e+00	 4.9522e+00
13	-2.0000e-03	-1.5000e-02	 5.9575e+00	 5.0992e+00
14	-1.0000e-03	-1.5000e-02	 5.9828e+00	 5.1791e+00
15	 0.0000e+00	-1.5000e-02	 5.9568e+00	 5.3244e+00
16	 1.0000e-03	-1.5000e-02	 5.9621e+00	 5.3884e+00
17	 2.0000e-03	-1.5000e-02	 5.9709e+00	 5.3467e+00
18	 3.0000e-03	-1.5000e-02	 5.9331e+00	 5.2280e+00
19	 4.0000e-03	-1.5000e-02	 5.9193e+00	 5.0117e+00
20	 5.0000e-03	-1.5000e-02	 5.8828e+00	 4.7410e+00
21	 6.0000e-03	-1.5000e-02	 5.8013e+00	 4.3182e+00
22	 7.0000e-03	-1.5000e-02	 5.7658e+00	 3.8014e+00
23	 8.0000e-03	-1.5000e-02	 5.7481e+00	 3.2807e+00
24	 9.0000e-03	-1.5000e-02	 5.7205e+00	 2.7052e+00
25	 1.0000e-02	-1.5000e-02	 5.6320e+00	 2.1240e+00
26	 1.1000e-02	-1.5000e-02	 5.6107e+00	 1.5560e+00
27	 1.2000e-02	-1.5000e-02	 5.4703e+00	 8.8409e-01
28	 1.3000e-02	-1.5000e-02	 5.3760e+00	 7.0100e-01
29	 1.4000e-02	-1.5000e-02	 4.9861e+00	 9.0882e+00
30	 1.5000e-02	-1.5000e-02	 4.8809e+00	 8.0435e+00
31	-1.5000e-02	-1.4000e-02	 4.8309e+00	 6.4555e+00
32	-1.4000e-02	-1.4000e-02	 4.8329e+00	 8.3009e+00
33	-1.3000e-02	-1.4000e-02	 5.1215e+00	 9.2322e+00
34	-1.2000e-02	-1.4000e-02	 5.4502e+00	 5.6984e-01
35	-1.1000e-02	-1.4000e-02	 5.5689e+00	 1.2365e+00
36	-1.0000e-02	-1.4000e-02	 5.7066e+00	 1.9261e+00
37	-9.0000e-03	-1.4000e-02	 5.7290e+00	 2.4290e+00
38	-8.0000e-03	-1.4000e-02	 5.7290e+00	 3.0930e+00
39	-7.0000e-03	-1.4000e-02	 5.7494e+00	 3.8645e+00
40	-6.0000e-03	-1.4000e-02	 5.8493e+00	 4.5706e+00
41	-5.0000e-03	-1.4000e-02	 5.9239e+00	 5.2126e+00
42	-4.0000e-03	-1.4000e-02	 6.0005e+00	 5.6149e+00
43	-3.0000e-03	-1.4000e-02	 6.0354e+00	 5.9450e+00
44	-2.0000e-03	-1.4000e-02	 6.0650e+00	 6.2198e+00
45	-1.0000e-03	-1.4000e-02	 6.0682e+00	 6.3306e+00
46	 0.0000e+00	-1.4000e-02	 6.0367e+00	 6.4735e+00
47	 1.0000e-03	-1.4000e-02	 6.0199e+00	 6.5051e+00
48	 2.0000e-03	-1.4000e-02	 6.0156e+00	 6.4640e+00
49	 3.0000e-03	-1.4000e-02	 5.9953e+00	 6.3006e+00
50	 4.0000e-03	-1.4000e-02	 6.0199e+00	 6.1172e+00
51	 5.0000e-03	-1.4000e-02	 5.9890e+00	 5.7777e+00
52	 6.0000e-03	-1.4000e-02	 5.9147e+00	 5.3921e+00
53	 7.0000e-03	-1.4000e-02	 5.8339e+00	 4.8033e+00
54	 8.0000e-03	-1.4000e-02	 5.8109e+00	 4.2054e+00
55	 9.0000e-03	-1.4000e-02	 5.7540e+00	 3.5621e+00
56	 1.0000e-02	-1.4000e-02	 5.7047e+00	 2.9500e+00
57	 1.1000e-02	-1.4000e-02	 5.6656e+00	 2.4185e+00
58	 1.2000e-02	-1.4000e-02	 5.6070e+00	 1.7052e+00
59	 1.3000e-02	-1.4000e-02	 5.4950e+00	 9.9930e-01
60	 1.4000e-02	-1.4000e-02	 5.2031e+00	 8.4333e-01
61	 1.5000e-02	-1.4000e-02	 4.9286e+00	 9.0497e+00
62	-1.5000e-02	-1.3000e-02	 4.7064e+00	 7.6425e+00
63	-1.4000e-02	-1.3000e-02	 4.9608e+00	 9.1237e+00
64	-1.3000e-02	-1.3000e-02	 5.3204e+00	 6.5662e-01
65	-1.2000e-02	-1.3000e-02	 5.5531e+00	 1.2368e+00
66	-1.1000e-02	-1.3000e-02	 5.7310e+00	 1.9149e+00
67	-1.0000e-02	-1.3000e-02	 5.7619e+00	 2.5319e+00
68	-9.0000e-03	-1.3000e-02	 5.8095e+00	 3.2727e+00
69	-8.0000e-03	-1.3000e-02	 5.7974e+00	 3.9766e+00
70	-7.0000e-03	-1.3000e-02	 5.8858e+00	 4.7741e+00
71	-6.0000e-03	-1.3000e-02	 5.9414e+00	 5.4716e+00
72	-5.0000e-03	-1.3000e-02	 6.0206e+00	 6.1310e+00
73	-4.0000e-03	-1.3000e-02	 6.0843e+00	 6.5817e+00
74	-3.0000e-03	-1.3000e-02	 6.1567e+00	 6.9315e+00
75	-2.0000e-03	-1.3000e-02	 6.1534e+00	 7.2073e+00
76	-1.0000e-03	-1.3000e-02	 6.1238e+00	 7.4597e+00
77	 0.0000e+00	-1.3000e-02	 6.1067e+00	 7.5892e+00
78	 1.0000e-03	-1.3000e-02	 6.0719e+00	 7.6070e+00
79	 2.0000e-03	-1.3000e-02	 6.0860e+00	 7.5149e+00
80	 3.0000e-03	-1.3000e-02	 6.0837e+00	 7.3733e+00
81	 4.0000e-03	-1.3000e-02	 6.1116e+00	 7.0508e+00
82	 5.0000e-03	-1.3000e-02	 6.0769e+00	 6.7832e+00
83	 6.0000e-03	-1.3000e-02	 5.9811e+00	 6.3667e+00
84	 7.0000e-03	-1.3000e-02	 5.9289e+00	 5.7829e+00
85	 8.0000e-03	-1.3000e-02	 5.8437e+00	 5.1297e+00
86	 9.0000e-03	-1.3000e-02	 5.7780e+00	 4.4470e+00
87	 1.0000e-02	-1.3000e-02	 5.7191e+00	 3.7314e+00
88	 1.1000e-02	-1.3000e-02	 5.6886e+00	 3.1673e+00
89	 1.2000e-02	-1.3000e-02	 5.6744e+00	 2.4698e+00
90	 1.3000e-02	-1.3000e-02	 5.5965e+00	 1.8436e+00
91	 1.4000e-02	-1.3000e-02	 5.4355e+00	 9.7317e-01
92	 1.5000e-02	-1.3000e-02	 5.1679e+00	 9.0484e+00
93	-1.5000e-02	-1.2000e-02	 4.8517e+00	 8.7371e+00
94	-1.4000e-02	-1.2000e-02	 5.2090e+00	 7.1283e-01
95	-1.3000e-02	-1.2000e-02	 5.4098e+00	 1.0051e+00
96	-1.2000e-02	-1.2000e-02	 5.6659e+00	 1.9264e+00
97	-1.1000e-02	-1.2000e-02	 5.7842e+00	 2.5786e+00
98	-1.0000e-02	-1.2000e-02	 5.8306e+00	 3.3008e+00
99	-9.0000e-03	-1.2000e-02	 5.8457e+00	 4.0545e+00
100	-8.0000e-03	-1.2000e-02	 5.8533e+00	 4.8638e+00
101	-7.0000e-03	-1.2000e-02	 5.9496e+00	 5.6475e+00
102	-6.0000e-03	-1.2000e-02	 6.0173e+00	 6.4048e+00
103	-5.0000e-03	-1.2000e-02	 6.0988e+00	 6.9946e+00
104	-4.0000e-03	-1.2000e-02	 6.1859e+00	 7.4420e+00
105	-3.0000e-03	-1.2000e-02	 6.2408e+00	 7.8183e+00
106	-2.0000e-03	-1.2000e-02	 6.2434e+00	 8.1658e+00
107	-1.0000e-03	-1.2000e-02	 6.2553e+00	 8.3831e+00
108	 0.0000e+00	-1.2000e-02	 6.2487e+00	 8.5603e+00
109	 1.0000e-03	-1.2000e-02	 6.2178e+00	 8.6849e+00
110	 2.0000e-03	-1.2000e-02	 6.2280e+00	 8.5143e+00
111	 3.0000e-03	-1.2000e-02	 6.2119e+00	 8.3637e+00
112	 4.0000e-03	-1.2000e-02	 6.2270e+00	 8.0797e+00
113	 5.0000e-03	-1.2000e-02	 6.1550e+00	 7.7467e+00
114	 6.0000e-03	-1.2000e-02	 6.0656e+00	 7.2773e+00
115	 7.0000e-03	-1.2000e-02	 5.9328e+00	 6.7227e+00
116	 8.0000e-03	-1.2000e-02	 5.8720e+00	 6.0058e+00
117	 9.0000e-03	-1.2000e-02	 5.8266e+00	 5.3227e+00
118	 1.0000e-02	-1.2000e-02	 5.8046e+00	 4.5384e+00
119	 1.1000e-02	-1.2000e-02	 5.7882e+00	 3.7896e+00
120	 1.2000e-02	-1.2000e-02	 5.7280e+00	 3.1506e+00
121	 1.3000e-02	-1.2000e-02	 5.6534e+00	 2.4734e+00
122	 1.4000e-02	-1.2000e-02	 5.6209e+00	 1.6881e+00
123	 1.5000e-02	-1.2000e-02	 5.3566e+00	 8.8573e-01
124	-1.5000e-02	-1.1000e-02	 5.0075e+00	 9.2319e+00
125	-1.4000e-02	-1.1000e-02	 5.3092e+00	 9.3373e-01
126	-1.3000e-02	-1.1000e-02	 5.5604e+00	 1.6391e+00
127	-1.2000e-02	-1.1000e-02	 5.7717e+00	 2.5037e+00
128	-1.1000e-02	-1.1000e-02	 5.8513e+00	 3.2742e+00
129	-1.0000e-02	-1.1000e-02	 5.8858e+00	 4.0516e+00
130	-9.0000e-03	-1.1000e-02	 5.8651e+00	 4.8569e+00
131	-8.0000e-03	-1.1000e-02	 5.8993e+00	 5.7786e+00
132	-7.0000e-03	-1.1000e-02	 5.9782e+00	 6.5847e+00
133	-6.0000e-03	-1.1000e-02	 6.0935e+00	 7.2556e+00
134	-5.0000e-03	-1.1000e-02	 6.1908e+00	 7.8009e+00
135	-4.0000e-03	-1.1000e-02	 6.2826e+00	 8.3078e+00
136	-3.0000e-03	-1.1000e-02	 6.3371e+00	 8.7329e+00
137	-2.0000e-03	-1.1000e-02	 6.3569e+00	 9.0310e+00
138	-1.0000e-03	-1.1000e-02	 6.3759e+00	 9.2624e+00
139	 0.0000e+00	-1.1000e-02	 6.3618e+00	 9.4163e+00
140	 1.0000e-03	-1.1000e-02	 6.3352e+00	 9.5336e+00
141	 2.0000e-03	-1.1000e-02	 6.3532e+00	 9.4196e+00
142	 3.0000e-03	-1.1000e-02	 6.3450e+00	 9.2522e+00
143	 4.0000e-03	-1.1000e-02	 6.3062e+00	 8.9074e+00
144	 5.0000e-03	-1.1000e-02	 6.2569e+00	 8.6352e+00
145	 6.0000e-03	-1.1000e-02	 6.1435e+00	 8.2299e+00
146	 7.0000e-03	-1.1000e-02	 6.0018e+00	 7.6316e+00
147	 8.0000e-03	-1.1000e-02	 5.8717e+00	 6.9045e+00
148	 9.0000e-03	-1.1000e-02	 5.8099e+00	 6.1613e+00
149	 1.0000e-02	-1.1000e-02	 5.8325e+00	 5.3313e+00
150	 1.1000e-02	-1.1000e-02	 5.8210e+00	 4.5476e+00
151	 1.2000e-02	-1.1000e-02	 5.7816e+00	 3.7695e+00
152	 1.3000e-02	-1.1000e-02	 5.7668e+00	 3.0943e+00
153	 1.4000e-02	-1.1000e-02	 5.6629e+00	 2.3768e+00
154	 1.5000e-02	-1.1000e-02	 5.4897e+00	 1.4955e+00
155	-1.5000e-02	-1.0000e-02	 5.2330e+00	 6.9114e-01
156	-1.4000e-02	-1.0000e-02	 5.4414e+00	 1.4551e+00
157	-1.3000e-02	-1.0000e-02	 5.7080e+00	 2.2831e+00
158	-1.2000e-02	-1.0000e-02	 5.8727e+00	 3.0441e+00
159	-1.1000e-02	-1.0000e-02	 5.9124e+00	 3.9414e+00
160	-1.0000e-02	-1.0000e-02	 5.9407e+00	 4.7264e+00
161	-9.0000e-03	-1.0000e-02	 5.9090e+00	 5.5850e+00
162	-8.0000e-03	-1.0000e-02	 5.9272e+00	 6.5176e+00
163	-7.0000e-03	-1.0000e-02	 6.0278e+00	 7.3802e+00
164	-6.0000e-03	-1.0000e-02	 6.1583e+00	 8.0797e+00
165	-5.0000e-03	-1.0000e-02	 6.3006e+00	 8.5945e+00
166	-4.0000e-03	-1.0000e-02	 6.3779e+00	 9.0849e+00
167	-3.0000e-03	-1.0000e-02	 6.4453e+00	 9.5034e+00
168	-2.0000e-03	-1.0000e-02	 6.4364e+00	 9.7943e+00
169	-1.0000e-03	-1.0000e-02	 6.4729e+00	 9.7904e+00
170	 0.0000e+00	-1.0000e-02	 6.4837e+00	 1.4482e-01
171	 1.0000e-03	-1.0000e-02	 6.4489e+00	 1.7638e-01
172	 2.0000e-03	-1.0000e-02	 6.4256e+00	 1.6093e-01
173	 3.0000e-03	-1.0000e-02	 6.4374e+00	 9.8933e+00
174	 4.0000e-03	-1.0000e-02	 6.4200e+00	 9.7223e+00
175	 5.0000e-03	-1.0000e-02	 6.3394e+00	 9.3827e+00
176	 6.0000e-03	-1.0000e-02	 6.2398e+00	 8.9745e+00
177	 7.0000e-03	-1.0000e-02	 6.1060e+00	 8.4847e+00
178	 8.0000e-03	-1.0000e-02	 5.9696e+00	 7.8414e+00
179	 9.0000e-03	-1.0000e-02	 5.8276e+00	 7.0015e+00
180	 1.0000e-02	-1.0000e-02	 5.8572e+00	 6.0035e+00
181	 1.1000e-02	-1.0000e-02	 5.8789e+00	 5.2073e+00
182	 1.2000e-02	-1.0000e-02	 5.8536e+00	 4.4023e+00
183	 1.3000e-02	-1.0000e-02	 5.8233e+00	 3.6341e+00
184	 1.4000e-02	-1.0000e-02	 5.6859e+00	 2.9307e+00
185	 1.5000e-02	-1.0000e-02	 5.5518e+00	 2.0043e+00
186	-1.5000e-02	-9.0000e-03	 5.3832e+00	 1.0333e+00
187	-1.4000e-02	-9.0000e-03	 5.6657e+00	 2.0076e+00
188	-1.3000e-02	-9.0000e-03	 5.7865e+00	 2.8005e+00
189	-1.2000e-02	-9.0000e-03	 5.9496e+00	 3.6226e+00
190	-1.1000e-02	-9.0000e-03	 5.9989e+00	 4.4937e+00
191	-1.0000e-02	-9.0000e-03	 5.9627e+00	 5.3806e+00
192	-9.0000e-03	-9.0000e-03	 5.9312e+00	 6.3388e+00
193	-8.0000e-03	-9.0000e-03	 5.9824e+00	 7.1800e+00
194	-7.0000e-03	-9.0000e-03	 6.0774e+00	 8.1073e+00
195	-6.0000e-03	-9.0000e-03	 6.2651e+00	 8.7687e+00
196	-5.0000e-03	-9.0000e-03	 6.4071e+00	 9.2417e+00
197	-4.0000e-03	-9.0000e-03	 6.4837e+00	 9.6908e+00
198	-3.0000e-03	-9.0000e-03	 6.4841e+00	 1.5600e-01
199	-2.0000e-03	-9.0000e-03	 6.5248e+00	 3.6999e-01
200	-1.0000e-03	-9.0000e-03	 6.5643e+00	 5.7313e-01
201	 0.0000e+00	-9.0000e-03	 6.5784e+00	 6.9738e-01
202	 1.0000e-03	-9.0000e-03	 6.5584e+00	 7.0889e-01
203	 2.0000e-03	-9.0000e-03	 6.5662e+00	 6.3854e-01
204	 3.0000e-03	-9.0000e-03	 6.5406e+00	 5.2810e-01
205	 4.0000e-03	-9.0000e-03	 6.4752e+00	 3.2561e-01
206	 5.0000e-03	-9.0000e-03	 6.4400e+00	 7.4911e+00
207	 6.0000e-03	-9.0000e-03	 6.3631e+00	 9.6382e+00
208	 7.0000e-03	-9.0000e-03	 6.2379e+00	 9.1671e+00
209	 8.0000e-03	-9.0000e-03	 6.0715e+00	 8.5761e+00
210	 9.0000e-03	-9.0000e-03	 5.9216e+00	 7.7644e+00
211	 1.0000e-02	-9.0000e-03	 5.8750e+00	 6.7940e+00
212	 1.1000e-02	-9.0000e-03	 5.8750e+00	 5.8881e+00
213	 1.2000e-02	-9.0000e-03	 5.9177e+00	 4.9914e+00
214	 1.3000e-02	-9.0000e-03	 5.8735e+00	 4.1755e+00
215	 1.4000e-02	-9.0000e-03	 5.7813e+00	 3.4688e+00
216	 1.5000e-02	-9.0000e-03	 5.6445e+00	 2.5807e+00
217	-1.5000e-02	-8.0000e-03	 5.4858e+00	 1.5267e+00
218	-1.4000e-02	-8.0000e-03	 5.7162e+00	 2.4479e+00
219	-1.3000e-02	-8.0000e-03	 5.8986e+00	 3.2702e+00
220	-1.2000e-02	-8.0000e-03	 6.0081e+00	 4.2238e+00
221	-1.1000e-02	-8.0000e-03	 6.0373e+00	 5.0765e+00
222	-1.0000e-02	-8.0000e-03	 5.9696e+00	 5.9105e+00
223	-9.0000e-03	-8.0000e-03	 5.9298e+00	 7.0126e+00
224	-8.0000e-03	-8.0000e-03	 6.0229e+00	 7.9041e+00
225	-7.0000e-03	-8.0000e-03	 6.2178e+00	 8.7079e+00
226	-6.0000e-03	-8.0000e-03	 6.3697e+00	 9.3127e+00
227	-5.0000e-03	-8.0000e-03	 6.5173e+00	 9.8019e+00
228	-4.0000e-03	-8.0000e-03	 6.5600e+00	 2.3916e-01
229	-3.0000e-03	-8.0000e-03	 6.5452e+00	 6.2474e-01
230	-2.0000e-03	-8.0000e-03	 6.5916e+00	 8.7028e-01
231	-1.0000e-03	-8.0000e-03	 6.6797e+00	 1.1063e+00
232	 0.0000e+00	-8.0000e-03	 6.6977e+00	 1.2552e+00
233	 1.0000e-03	-8.0000e-03	 6.6964e+00	 1.2628e+00
234	 2.0000e-03	-8.0000e-03	 6.7037e+00	 1.2098e+00
235	 3.0000e-03	-8.0000e-03	 6.6392e+00	 1.1267e+00
236	 4.0000e-03	-8.0000e-03	 6.5446e+00	 8.3183e-01
237	 5.0000e-03	-8.0000e-03	 6.4929e+00	 4.9095e-01
238	 6.0000e-03	-8.0000e-03	 6.4387e+00	 1.6882e-01
239	 7.0000e-03	-8.0000e-03	 6.3473e+00	 9.7144e+00
240	 8.0000e-03	-8.0000e-03	 6.1780e+00	 9.2463e+00
241	 9.0000e-03	-8.0000e-03	 6.0084e+00	 8.5106e+00
242	 1.0000e-02	-8.0000e-03	 5.8736e+00	 7.5761e+00
243	 1.1000e-02	-8.0000e-03	 5.8569e+00	 6.5163e+00
244	 1.2000e-02	-8.0000e-03	 5.9282e+00	 5.5239e+00
245	 1.3000e-02	-8.0000e-03	 5.9394e+00	 4.7057e+00
246	 1.4000e-02	-8.0000e-03	 5.8753e+00	 3.8898e+00
247	 1.5000e-02	-8.0000e-03	 5.7043e+00	 3.1032e+00
248	-1.5000e-02	-7.0000e-03	 5.5747e+00	 1.9991e+00
249	-1.4000e-02	-7.0000e-03	 5.7675e+00	 2.8347e+00
250	-1.3000e-02	-7.0000e-03	 5.9660e+00	 3.6939e+00
251	-1.2000e-02	-7.0000e-03	 6.0449e+00	 4.6617e+00
252	-1.1000e-02	-7.0000e-03	 6.0469e+00	 5.5692e+00
253	-1.0000e-02	-7.0000e-03	 5.9775e+00	 6.4426e+00
254	-9.0000e-03	-7.0000e-03	 5.9926e+00	 7.5373e+00
255	-8.0000e-03	-7.0000e-03	 6.1267e+00	 8.4100e+00
256	-7.0000e-03	-7.0000e-03	 6.3302e+00	 9.1921e+00
257	-6.0000e-03	-7.0000e-03	 6.4712e+00	 9.8022e+00
258	-5.0000e-03	-7.0000e-03	 6.5580e+00	 2.6085e-01
259	-4.0000e-03	-7.0000e-03	 6.5912e+00	 7.3781e-01
260	-3.0000e-03	-7.0000e-03	 6.6129e+00	 1.0672e+00
261	-2.0000e-03	-7.0000e-03	 6.6915e+00	 1.2877e+00
262	-1.0000e-03	-7.0000e-03	 6.7855e+00	 1.5658e+00
263	 0.0000e+00	-7.0000e-03	 6.8457e+00	 1.7378e+00
264	 1.0000e-03	-7.0000e-03	 6.8417e+00	 1.7926e+00
265	 2.0000e-03	-7.0000e-03	 6.8105e+00	 1.7493e+00
266	 3.0000e-03	-7.0000e-03	 6.7359e+00	 1.5823e+00
267	 4.0000e-03	-7.0000e-03	 6.6225e+00	 1.3163e+00
268	 5.0000e-03	-7.0000e-03	 6.5347e+00	 9.9585e-01
269	 6.0000e-03	-7.0000e-03	 6.4890e+00	 6.3328e-01
270	 7.0000e-03	-7.0000e-03	 6.4351e+00	 1.8262e-01
271	 8.0000e-03	-7.0000e-03	 6.2740e+00	 9.7023e+00
272	 9.0000e-03	-7.0000e-03	 6.0650e+00	 9.0806e+00
273	 1.0000e-02	-7.0000e-03	 5.9121e+00	 8.2246e+00
274	 1.1000e-02	-7.0000e-03	 5.8472e+00	 7.1007e+00
275	 1.2000e-02	-7.0000e-03	 5.9045e+00	 6.0452e+00
276	 1.3000e-02	-7.0000e-03	 5.9483e+00	 5.1567e+00
277	 1.4000e-02	-7.0000e-03	 5.8828e+00	 4.3073e+00
278	 1.5000e-02	-7.0000e-03	 5.7885e+00	 3.4559e+00
279	-1.5000e-02	-6.0000e-03	 5.6396e+00	 2.2791e+00
280	-1.4000e-02	-6.0000e-03	 5.8181e+00	 3.1670e+00
281	-1.3000e-02	-6.0000e-03	 5.9907e+00	 4.0657e+00
282	-1.2000e-02	-6.0000e-03	 6.0640e+00	 4.9877e+00
283	-1.1000e-02	-6.0000e-03	 6.0331e+00	 5.9870e+00
284	-1.0000e-02	-6.0000e-03	 6.0097e+00	 6.9650e+00
285	-9.0000e-03	-6.0000e-03	 6.0337e+00	 8.0106e+00
286	-8.0000e-03	-6.0000e-03	 6.2425e+00	 8.8334e+00
287	-7.0000e-03	-6.0000e-03	 6.4374e+00	 9.5626e+00
288	-6.0000e-03	-6.0000e-03	 6.5393e+00	 2.0169e-01
289	-5.0000e-03	-6.0000e-03	 6.6198e+00	 7.4143e-01
290	-4.0000e-03	-6.0000e-03	 6.6425e+00	 1.1858e+00
291	-3.0000e-03	-6.0000e-03	 6.6774e+00	 1.4462e+00
292	-2.0000e-03	-6.0000e-03	 6.7704e+00	 1.6796e+00
293	-1.0000e-03	-6.0000e-03	 6.8877e+00	 1.9820e+00
294	 0.0000e+00	-6.0000e-03	 6.9216e+00	 2.1743e+00
295	 1.0000e-03	-6.0000e-03	 6.9259e+00	 2.2361e+00
296	 2.0000e-03	-6.0000e-03	 6.8927e+00	 2.1970e+00
297	 3.0000e-03	-6.0000e-03	 6.8095e+00	 2.0359e+00
298	 4.0000e-03	-6.0000e-03	 6.6997e+00	 1.7453e+00
299	 5.0000e-03	-6.0000e-03	 6.5955e+00	 1.4087e+00
300	 6.0000e-03	-6.0000e-03	 6.5524e+00	 1.1035e+00
301	 7.0000e-03	-6.0000e-03	 6.5084e+00	 5.9811e-01
302	 8.0000e-03	-6.0000e-03	 6.3526e+00	 1.9971e-01
303	 9.0000e-03	-6.0000e-03	 6.1902e+00	 9.4278e+00
304	 1.0000e-02	-6.0000e-03	 5.9463e+00	 8.7444e+00
305	 1.1000e-02	-6.0000e-03	 5.7878e+00	 7.6849e+00
306	 1.2000e-02	-6.0000e-03	 5.8398e+00	 6.4732e+00
307	 1.3000e-02	-6.0000e-03	 5.9341e+00	 5.5449e+00
308	 1.4000e-02	-6.0000e-03	 5.9410e+00	 4.5358e+00
309	 1.5000e-02	-6.0000e-03	 5.8953e+00	 3.7715e+00
310	-1.5000e-02	-5.0000e-03	 5.7464e+00	 2.5937e+00
311	-1.4000e-02	-5.0000e-03	 5.9233e+00	 3.4135e+00
312	-1.3000e-02	-5.0000e-03	 6.0265e+00	 4.3652e+00
313	-1.2000e-02	-5.0000e-03	 6.1008e+00	 5.3326e+00
314	-1.1000e-02	-5.0000e-03	 6.0640e+00	 6.2500e+00
315	-1.0000e-02	-5.0000e-03	 5.9985e+00	 7.3516e+00
316	-9.0000e-03	-5.0000e-03	 6.0699e+00	 8.4091e+00
317	-8.0000e-03	-5.0000e-03	 6.3059e+00	 9.1444e+00
318	-7.0000e-03	-5.0000e-03	 6.5189e+00	 9.8462e+00
319	-6.0000e-03	-5.0000e-03	 6.5981e+00	 6.0271e-01
320	-5.0000e-03	-5.0000e-03	 6.6425e+00	 1.1152e+00
321	-4.0000e-03	-5.0000e-03	 6.6800e+00	 1.5402e+00
322	-3.0000e-03	-5.0000e-03	 6.7296e+00	 1.8314e+00
323	-2.0000e-03	-5.0000e-03	 6.8503e+00	 2.0477e+00
324	-1.0000e-03	-5.0000e-03	 6.9390e+00	 2.2824e+00
325	 0.0000e+00	-5.0000e-03	 6.9739e+00	 2.4810e+00
326	 1.0000e-03	-5.0000e-03	 6.9765e+00	 2.5556e+00
327	 2.0000e-03	-5.0000e-03	 6.9449e+00	 2.5125e+00
328	 3.0000e-03	-5.0000e-03	 6.8634e+00	 2.3814e+00
329	 4.0000e-03	-5.0000e-03	 6.7539e+00	 2.0895e+00
330	 5.0000e-03	-5.0000e-03	 6.6372e+00	 1.8344e+00
331	 6.0000e-03	-5.0000e-03	 6.5876e+00	 1.4952e+00
332	 7.0000e-03	-5.0000e-03	 6.5656e+00	 1.0527e+00
333	 8.0000e-03	-5.0000e-03	 6.4578e+00	 4.2850e-01
334	 9.0000e-03	-5.0000e-03	 6.2622e+00	 9.7706e+00
335	 1.0000e-02	-5.0000e-03	 5.9815e+00	 9.1336e+00
336	 1.1000e-02	-5.0000e-03	 5.7734e+00	 8.1712e+00
337	 1.2000e-02	-5.0000e-03	 5.7523e+00	 6.9903e+00
338	 1.3000e-02	-5.0000e-03	 5.8667e+00	 5.8210e+00
339	 1.4000e-02	-5.0000e-03	 5.9512e+00	 4.8467e+00
340	 1.5000e-02	-5.0000e-03	 5.9515e+00	 3.9921e+00
341	-1.5000e-02	-4.0000e-03	 5.8204e+00	 2.8100e+00
342	-1.4000e-02	-4.0000e-03	 5.9663e+00	 3.5421e+00
343	-1.3000e-02	-4.0000e-03	 6.0761e+00	 4.5229e+00
344	-1.2000e-02	-4.0000e-03	 6.1093e+00	 5.4527e+00
345	-1.1000e-02	-4.0000e-03	 6.0216e+00	 6.4824e+00
346	-1.0000e-02	-4.0000e-03	 5.9900e+00	 7.6405e+00
347	-9.0000e-03	-4.0000e-03	 6.1583e+00	 8.6944e+00
348	-8.0000e-03	-4.0000e-03	 6.3828e+00	 9.4123e+00
349	-7.0000e-03	-4.0000e-03	 6.5672e+00	 1.6849e-01
350	-6.0000e-03	-4.0000e-03	 6.6323e+00	 8.8212e-01
351	-5.0000e-03	-4.0000e-03	 6.6514e+00	 1.4311e+00
352	-4.0000e-03	-4.0000e-03	 6.6859e+00	 1.8696e+00
353	-3.0000e-03	-4.0000e-03	 6.7615e+00	 2.1210e+00
354	-2.0000e-03	-4.0000e-03	 6.8848e+00	 2.3347e+00
355	-1.0000e-03	-4.0000e-03	 6.9778e+00	 2.5539e+00
356	 0.0000e+00	-4.0000e-03	 7.0107e+00	 2.6913e+00
357	 1.0000e-03	-4.0000e-03	 7.0028e+00	 2.7403e+00
358	 2.0000e-03	-4.0000e-03	 6.9765e+00	 2.7272e+00
359	 3.0000e-03	-4.0000e-03	 6.9029e+00	 2.6095e+00
360	 4.0000e-03	-4.0000e-03	 6.7839e+00	 2.4346e+00
361	 5.0000e-03	-4.0000e-03	 6.6402e+00	 2.2052e+00
362	 6.0000e-03	-4.0000e-03	 6.5761e+00	 1.8209e+00
363	 7.0000e-03	-4.0000e-03	 6.5653e+00	 1.3597e+00
364	 8.0000e-03	-4.0000e-03	 6.5015e+00	 7.3814e-01
365	 9.0000e-03	-4.0000e-03	 6.3513e+00	 9.7864e+00
366	 1.0000e-02	-4.0000e-03	 6.0814e+00	 9.3587e+00
367	 1.1000e-02	-4.0000e-03	 5.8181e+00	 8.5336e+00
368	 1.2000e-02	-4.0000e-03	 5.7533e+00	 7.2794e+00
369	 1.3000e-02	-4.0000e-03	 5.8473e+00	 6.1064e+00
370	 1.4000e-02	-4.0000e-03	 5.9821e+00	 5.0535e+00
371	 1.5000e-02	-4.0000e-03	 5.9693e+00	 4.1962e+00
372	-1.5000e-02	-3.0000e-03	 5.8362e+00	 2.9629e+00
373	-1.4000e-02	-3.0000e-03	 6.0038e+00	 3.8077e+00
374	-1.3000e-02	-3.0000e-03	 6.0958e+00	 4.7287e+00
375	-1.2000e-02	-3.0000e-03	 6.1106e+00	 5.6511e+00
376	-1.1000e-02	-3.0000e-03	 6.0410e+00	 6.5870e+00
377	-1.0000e-02	-3.0000e-03	 6.0124e+00	 7.7996e+00
378	-9.0000e-03	-3.0000e-03	 6.1984e+00	 8.8735e+00
379	-8.0000e-03	-3.0000e-03	 6.4361e+00	 9.6336e+00
380	-7.0000e-03	-3.0000e-03	 6.6152e+00	 3.5519e-01
381	-6.0000e-03	-3.0000e-03	 6.6573e+00	 1.0813e+00
382	-5.0000e-03	-3.0000e-03	 6.6550e+00	 1.6211e+00
383	-4.0000e-03	-3.0000e-03	 6.6751e+00	 2.0224e+00
384	-3.0000e-03	-3.0000e-03	 6.7641e+00	 2.3041e+00
385	-2.0000e-03	-3.0000e-03	 6.8890e+00	 2.5309e+00
386	-1.0000e-03	-3.0000e-03	 6.9844e+00	 2.6782e+00
387	 0.0000e+00	-3.0000e-03	 7.0297e+00	 2.7926e+00
388	 1.0000e-03	-3.0000e-03	 7.0189e+00	 2.8439e+00
389	 2.0000e-03	-3.0000e-03	 6.9890e+00	 2.8465e+00
390	 3.0000e-03	-3.0000e-03	 6.9107e+00	 2.7890e+00
391	 4.0000e-03	-3.0000e-03	 6.7756e+00	 2.6305e+00
392	 5.0000e-03	-3.0000e-03	 6.6405e+00	 2.4172e+00
393	 6.0000e-03	-3.0000e-03	 6.5422e+00	 2.0586e+00
394	 7.0000e-03	-3.0000e-03	 6.5787e+00	 1.5698e+00
395	 8.0000e-03	-3.0000e-03	 6.5380e+00	 9.0529e-01
396	 9.0000e-03	-3.0000e-03	 6.4183e+00	 1.6783e-01
397	 1.0000e-02	-3.0000e-03	 6.1895e+00	 9.4570e+00
398	 1.1000e-02	-3.0000e-03	 5.8523e+00	 8.7881e+00
399	 1.2000e-02	-3.0000e-03	 5.7099e+00	 7.6757e+00
400	 1.3000e-02	-3.0000e-03	 5.8178e+00	 6.3200e+00
401	 1.4000e-02	-3.0000e-03	 5.9821e+00	 5.2386e+00
402	 1.5000e-02	-3.0000e-03	 5.9795e+00	 4.2817e+00
403	-1.5000e-02	-2.0000e-03	 5.8733e+00	 3.0891e+00
404	-1.4000e-02	-2.0000e-03	 6.0321e+00	 3.8382e+00
405	-1.3000e-02	-2.0000e-03	 6.1100e+00	 4.8037e+00
406	-1.2000e-02	-2.0000e-03	 6.1123e+00	 5.7458e+00
407	-1.1000e-02	-2.0000e-03	 6.0383e+00	 6.7247e+00
408	-1.0000e-02	-2.0000e-03	 6.0492e+00	 7.8999e+00
409	-9.0000e-03	-2.0000e-03	 6.1968e+00	 9.0218e+00
410	-8.0000e-03	-2.0000e-03	 6.4594e+00	 9.7628e+00
411	-7.0000e-03	-2.0000e-03	 6.6228e+00	 4.8109e-01
412	-6.0000e-03	-2.0000e-03	 6.6728e+00	 1.2259e+00
413	-5.0000e-03	-2.0000e-03	 6.6593e+00	 1.7601e+00
414	-4.0000e-03	-2.0000e-03	 6.6826e+00	 2.1417e+00
415	-3.0000e-03	-2.0000e-03	 6.7753e+00	 2.4287e+00
416	-2.0000e-03	-2.0000e-03	 6.8950e+00	 2.6466e+00
417	-1.0000e-03	-2.0000e-03	 6.9857e+00	 2.7785e+00
418	 0.0000e+00	-2.0000e-03	 7.0238e+00	 2.8777e+00
419	 1.0000e-03	-2.0000e-03	 7.0281e+00	 2.9201e+00
420	 2.0000e-03	-2.0000e-03	 6.9844e+00	 2.9099e+00
421	 3.0000e-03	-2.0000e-03	 6.9094e+00	 2.8524e+00
422	 4.0000e-03	-2.0000e-03	 6.7661e+00	 2.7232e+00
423	 5.0000e-03	-2.0000e-03	 6.6142e+00	 2.5336e+00
424	 6.0000e-03	-2.0000e-03	 6.5452e+00	 2.2019e+00
425	 7.0000e-03	-2.0000e-03	 6.5893e+00	 1.6480e+00
426	 8.0000e-03	-2.0000e-03	 6.5814e+00	 1.0143e+00
427	 9.0000e-03	-2.0000e-03	 6.4611e+00	 1.8985e-01
428	 1.0000e-02	-2.0000e-03	 6.2352e+00	 9.5527e+00
429	 1.1000e-02	-2.0000e-03	 5.9114e+00	 8.8765e+00
430	 1.2000e-02	-2.0000e-03	 5.7188e+00	 7.7856e+00
431	 1.3000e-02	-2.0000e-03	 5.8181e+00	 6.5087e+00
432	 1.4000e-02	-2.0000e-03	 5.9252e+00	 5.3908e+00
433	 1.5000e-02	-2.0000e-03	 6.0107e+00	 4.4118e+00
434	-1.5000e-02	-1.0000e-03	 5.9088e+00	 3.2022e+00
435	-1.4000e-02	-1.0000e-03	 6.0571e+00	 3.9986e+00
436	-1.3000e-02	-1.0000e-03	 6.0995e+00	 4.8500e+00
437	-1.2000e-02	-1.0000e-03	 6.1267e+00	 5.8148e+00
438	-1.1000e-02	-1.0000e-03	 6.0436e+00	 6.7987e+00
439	-1.0000e-02	-1.0000e-03	 6.0331e+00	 8.0698e+00
440	-9.0000e-03	-1.0000e-03	 6.2198e+00	 9.1510e+00
441	-8.0000e-03	-1.0000e-03	 6.4604e+00	 9.8410e+00
442	-7.0000e-03	-1.0000e-03	 6.6353e+00	 5.5374e-01
443	-6.0000e-03	-1.0000e-03	 6.6833e+00	 1.2736e+00
444	-5.0000e-03	-1.0000e-03	 6.6912e+00	 1.7979e+00
445	-4.0000e-03	-1.0000e-03	 6.7000e+00	 2.2081e+00
446	-3.0000e-03	-1.0000e-03	 6.7996e+00	 2.4948e+00
447	-2.0000e-03	-1.0000e-03	 6.9065e+00	 2.7196e+00
448	-1.0000e-03	-1.0000e-03	 6.9831e+00	 2.8557e+00
449	 0.0000e+00	-1.0000e-03	 7.0199e+00	 2.9389e+00
450	 1.0000e-03	-1.0000e-03	 7.0212e+00	 2.9566e+00
451	 2.0000e-03	-1.0000e-03	 6.9939e+00	 2.9553e+00
452	 3.0000e-03	-1.0000e-03	 6.9226e+00	 2.9142e+00
453	 4.0000e-03	-1.0000e-03	 6.8023e+00	 2.7791e+00
454	 5.0000e-03	-1.0000e-03	 6.6428e+00	 2.5960e+00
455	 6.0000e-03	-1.0000e-03	 6.5755e+00	 2.2427e+00
456	 7.0000e-03	-1.0000e-03	 6.5939e+00	 1.7213e+00
457	 8.0000e-03	-1.0000e-03	 6.5833e+00	 1.0172e+00
458	 9.0000e-03	-1.0000e-03	 6.4788e+00	 2.2634e-01
459	 1.0000e-02	-1.0000e-03	 6.2494e+00	 9.6398e+00
460	 1.1000e-02	-1.0000e-03	 5.9407e+00	 9.0389e+00
461	 1.2000e-02	-1.0000e-03	 5.7283e+00	 7.9360e+00
462	 1.3000e-02	-1.0000e-03	 5.7645e+00	 6.5518e+00
463	 1.4000e-02	-1.0000e-03	 5.9026e+00	 5.4217e+00
464	 1.5000e-02	-1.0000e-03	 5.9995e+00	 4.4496e+00
465	-1.5000e-02	 0.0000e+00	 5.9417e+00	 3.2485e+00
466	-1.4000e-02	 0.0000e+00	 6.0321e+00	 3.9378e+00
467	-1.3000e-02	 0.0000e+00	 6.0705e+00	 4.8063e+00
468	-1.2000e-02	 0.0000e+00	 6.0797e+00	 5.7320e+00
469	-1.1000e-02	 0.0000e+00	 6.0114e+00	 6.7079e+00
470	-1.0000e-02	 0.0000e+00	 6.0252e+00	 8.0067e+00
471	-9.0000e-03	 0.0000e+00	 6.2474e+00	 9.1155e+00
472	-8.0000e-03	 0.0000e+00	 6.4673e+00	 9.8528e+00
473	-7.0000e-03	 0.0000e+00	 6.6254e+00	 5.6557e-01
474	-6.0000e-03	 0.0000e+00	 6.6685e+00	 1.1954e+00
475	-5.0000e-03	 0.0000e+00	 6.7007e+00	 1.7805e+00
476	-4.0000e-03	 0.0000e+00	 6.7352e+00	 2.1601e+00
477	-3.0000e-03	 0.0000e+00	 6.8162e+00	 2.4984e+00
478	-2.0000e-03	 0.0000e+00	 6.9275e+00	 2.7275e+00
479	-1.0000e-03	 0.0000e+00	 6.9880e+00	 2.9011e+00
480	 0.0000e+00	 0.0000e+00	 7.0176e+00	 2.9862e+00
481	 1.0000e-03	 0.0000e+00	 7.0110e+00	 3.0033e+00
482	 2.0000e-03	 0.0000e+00	 6.9877e+00	 2.9757e+00
483	 3.0000e-03	 0.0000e+00	 6.9377e+00	 2.9136e+00
484	 4.0000e-03	 0.0000e+00	 6.8207e+00	 2.7988e+00
485	 5.0000e-03	 0.0000e+00	 6.6760e+00	 2.5894e+00
486	 6.0000e-03	 0.0000e+00	 6.5801e+00	 2.2131e+00
487	 7.0000e-03	 0.0000e+00	 6.5758e+00	 1.6562e+00
488	 8.0000e-03	 0.0000e+00	 6.5715e+00	 9.4523e-01
489	 9.0000e-03	 0.0000e+00	 6.4611e+00	 2.0300e-01
490	 1.0000e-02	 0.0000e+00	 6.2494e+00	 9.5994e+00
491	 1.1000e-02	 0.0000e+00	 5.9446e+00	 8.9399e+00
492	 1.2000e-02	 0.0000e+00	 5.7408e+00	 7.9202e+00
493	 1.3000e-02	 0.0000e+00	 5.7323e+00	 6.5879e+00
494	 1.4000e-02	 0.0000e+00	 5.8717e+00	 5.4029e+00
495	 1.5000e-02	 0.0000e+00	 5.9660e+00	 4.3990e+00
496	-1.5000e-02	 1.0000e-03	 5.9203e+00	 3.2347e+00
497	-1.4000e-02	 1.0000e-03	 6.0502e+00	 3.9276e+00
498	-1.3000e-02	 1.0000e-03	 6.0765e+00	 4.7123e+00
499	-1.2000e-02	 1.0000e-03	 6.0633e+00	 5.6189e+00
500	-1.1000e-02	 1.0000e-03	 5.9923e+00	 6.6626e+00
501	-1.0000e-02	 1.0000e-03	 6.0147e+00	 7.9179e+00
502	-9.0000e-03	 1.0000e-03	 6.2402e+00	 9.0468e+00
503	-8.0000e-03	 1.0000e-03	 6.4673e+00	 9.8288e+00
504	-7.0000e-03	 1.0000e-03	 6.6159e+00	 4.4888e-01
505	-6.0000e-03	 1.0000e-03	 6.6665e+00	 1.0386e+00
506	-5.0000e-03	 1.0000e-03	 6.6931e+00	 1.5987e+00
507	-4.0000e-03	 1.0000e-03	 6.7369e+00	 2.0034e+00
508	-3.0000e-03	 1.0000e-03	 6.8223e+00	 2.3429e+00
509	-2.0000e-03	 1.0000e-03	 6.9107e+00	 2.6526e+00
510	-1.0000e-03	 1.0000e-03	 6.9827e+00	 2.8879e+00
511	 0.0000e+00	 1.0000e-03	 7.0061e+00	 3.0118e+00
512	 1.0000e-03	 1.0000e-03	 7.0166e+00	 3.0230e+00
513	 2.0000e-03	 1.0000e-03	 6.9867e+00	 2.9790e+00
514	 3.0000e-03	 1.0000e-03	 6.9331e+00	 2.8905e+00
515	 4.0000e-03	 1.0000e-03	 6.8253e+00	 2.6789e+00
516	 5.0000e-03	 1.0000e-03	 6.6764e+00	 2.4123e+00
517	 6.0000e-03	 1.0000e-03	 6.6054e+00	 2.0218e+00
518	 7.0000e-03	 1.0000e-03	 6.5597e+00	 1.4514e+00
519	 8.0000e-03	 1.0000e-03	 6.5538e+00	 8.1539e-01
520	 9.0000e-03	 1.0000e-03	 6.4601e+00	 1.8459e-01
521	 1.0000e-02	 1.0000e-03	 6.2408e+00	 9.6082e+00
522	 1.1000e-02	 1.0000e-03	 5.9407e+00	 8.9028e+00
523	 1.2000e-02	 1.0000e-03	 5.7671e+00	 7.7878e+00
524	 1.3000e-02	 1.0000e-03	 5.7471e+00	 6.5485e+00
525	 1.4000e-02	 1.0000e-03	 5.8302e+00	 5.3773e+00
526	 1.5000e-02	 1.0000e-03	 5.8782e+00	 4.3362e+00
527	-1.5000e-02	 2.0000e-03	 5.8684e+00	 3.0835e+00
528	-1.4000e-02	 2.0000e-03	 6.0271e+00	 3.8294e+00
529	-1.3000e-02	 2.0000e-03	 6.0456e+00	 4.6564e+00
530	-1.2000e-02	 2.0000e-03	 6.0505e+00	 5.5443e+00
531	-1.1000e-02	 2.0000e-03	 5.9985e+00	 6.5169e+00
532	-1.0000e-02	 2.0000e-03	 6.0327e+00	 7.7010e+00
533	-9.0000e-03	 2.0000e-03	 6.2083e+00	 8.8114e+00
534	-8.0000e-03	 2.0000e-03	 6.4144e+00	 9.6740e+00
535	-7.0000e-03	 2.0000e-03	 6.5965e+00	 3.0885e-01
536	-6.0000e-03	 2.0000e-03	 6.6458e+00	 8.3183e-01
537	-5.0000e-03	 2.0000e-03	 6.6652e+00	 1.3502e+00
538	-4.0000e-03	 2.0000e-03	 6.6997e+00	 1.7930e+00
539	-3.0000e-03	 2.0000e-03	 6.7704e+00	 2.1325e+00
540	-2.0000e-03	 2.0000e-03	 6.8637e+00	 2.4698e+00
541	-1.0000e-03	 2.0000e-03	 6.9601e+00	 2.7150e+00
542	 0.0000e+00	 2.0000e-03	 7.0087e+00	 2.9014e+00
543	 1.0000e-03	 2.0000e-03	 7.0094e+00	 2.9602e+00
544	 2.0000e-03	 2.0000e-03	 6.9834e+00	 2.8975e+00
545	 3.0000e-03	 2.0000e-03	 6.9153e+00	 2.7502e+00
546	 4.0000e-03	 2.0000e-03	 6.7822e+00	 2.4964e+00
547	 5.0000e-03	 2.0000e-03	 6.6353e+00	 2.1447e+00
548	 6.0000e-03	 2.0000e-03	 6.5672e+00	 1.7374e+00
549	 7.0000e-03	 2.0000e-03	 6.5179e+00	 1.2230e+00
550	 8.0000e-03	 2.0000e-03	 6.4975e+00	 6.4610e-01
551	 9.0000e-03	 2.0000e-03	 6.3802e+00	 6.9030e+00
552	 1.0000e-02	 2.0000e-03	 6.1639e+00	 9.4593e+00
553	 1.1000e-02	 2.0000e-03	 5.9338e+00	 8.6875e+00
554	 1.2000e-02	 2.0000e-03	 5.7767e+00	 7.6320e+00
555	 1.3000e-02	 2.0000e-03	 5.7757e+00	 6.3529e+00
556	 1.4000e-02	 2.0000e-03	 5.8348e+00	 5.1837e+00
557	 1.5000e-02	 2.0000e-03	 5.8378e+00	 4.1360e+00
558	-1.5000e-02	 3.0000e-03	 5.8335e+00	 2.7905e+00
559	-1.4000e-02	 3.0000e-03	 5.9483e+00	 3.7058e+00
560	-1.3000e-02	 3.0000e-03	 6.0262e+00	 4.5147e+00
561	-1.2000e-02	 3.0000e-03	 6.0446e+00	 5.3533e+00
562	-1.1000e-02	 3.0000e-03	 6.0150e+00	 6.2855e+00
563	-1.0000e-02	 3.0000e-03	 6.0199e+00	 7.4406e+00
564	-9.0000e-03	 3.0000e-03	 6.1593e+00	 8.5498e+00
565	-8.0000e-03	 3.0000e-03	 6.3427e+00	 9.4616e+00
566	-7.0000e-03	 3.0000e-03	 6.5202e+00	 1.3266e-01
567	-6.0000e-03	 3.0000e-03	 6.5988e+00	 6.1586e-01
568	-5.0000e-03	 3.0000e-03	 6.6261e+00	 1.1464e+00
569	-4.0000e-03	 3.0000e-03	 6.6616e+00	 1.5359e+00
570	-3.0000e-03	 3.0000e-03	 6.6971e+00	 1.9038e+00
571	-2.0000e-03	 3.0000e-03	 6.8121e+00	 2.2279e+00
572	-1.0000e-03	 3.0000e-03	 6.9088e+00	 2.4514e+00
573	 0.0000e+00	 3.0000e-03	 6.9831e+00	 2.6489e+00
574	 1.0000e-03	 3.0000e-03	 6.9956e+00	 2.7305e+00
575	 2.0000e-03	 3.0000e-03	 6.9525e+00	 2.6627e+00
576	 3.0000e-03	 3.0000e-03	 6.8565e+00	 2.5000e+00
577	 4.0000e-03	 3.0000e-03	 6.6987e+00	 2.2016e+00
578	 5.0000e-03	 3.0000e-03	 6.5725e+00	 1.8936e+00
579	 6.0000e-03	 3.0000e-03	 6.5012e+00	 1.4656e+00
580	 7.0000e-03	 3.0000e-03	 6.4828e+00	 9.5509e-01
581	 8.0000e-03	 3.0000e-03	 6.4413e+00	 4.4066e-01
582	 9.0000e-03	 3.0000e-03	 6.3154e+00	 9.8226e+00
583	 1.0000e-02	 3.0000e-03	 6.1264e+00	 9.2605e+00
584	 1.1000e-02	 3.0000e-03	 5.9374e+00	 8.3979e+00
585	 1.2000e-02	 3.0000e-03	 5.7931e+00	 7.3110e+00
586	 1.3000e-02	 3.0000e-03	 5.7763e+00	 6.0745e+00
587	 1.4000e-02	 3.0000e-03	 5.8411e+00	 4.8947e+00
588	 1.5000e-02	 3.0000e-03	 5.8105e+00	 3.9638e+00
589	-1.5000e-02	 4.0000e-03	 5.7083e+00	 2.5655e+00
590	-1.4000e-02	 4.0000e-03	 5.9108e+00	 3.5057e+00
591	-1.3000e-02	 4.0000e-03	 5.9670e+00	 4.3191e+00
592	-1.2000e-02	 4.0000e-03	 6.0258e+00	 5.0942e+00
593	-1.1000e-02	 4.0000e-03	 6.0301e+00	 6.0393e+00
594	-1.0000e-02	 4.0000e-03	 6.0130e+00	 7.1787e+00
595	-9.0000e-03	 4.0000e-03	 6.1133e+00	 8.2404e+00
596	-8.0000e-03	 4.0000e-03	 6.2931e+00	 9.1516e+00
597	-7.0000e-03	 4.0000e-03	 6.4555e+00	 9.8331e+00
598	-6.0000e-03	 4.0000e-03	 6.5432e+00	 3.6538e-01
599	-5.0000e-03	 4.0000e-03	 6.5830e+00	 8.2788e-01
600	-4.0000e-03	 4.0000e-03	 6.6198e+00	 1.2568e+00
601	-3.0000e-03	 4.0000e-03	 6.6468e+00	 1.6109e+00
602	-2.0000e-03	 4.0000e-03	 6.7339e+00	 1.8959e+00
603	-1.0000e-03	 4.0000e-03	 6.8473e+00	 2.1187e+00
604	 0.0000e+00	 4.0000e-03	 6.9226e+00	 2.2801e+00
605	 1.0000e-03	 4.0000e-03	 6.9354e+00	 2.3123e+00
606	 2.0000e-03	 4.0000e-03	 6.8798e+00	 2.3383e+00
607	 3.0000e-03	 4.0000e-03	 6.7592e+00	 2.2065e+00
608	 4.0000e-03	 4.0000e-03	 6.6133e+00	 1.9922e+00
609	 5.0000e-03	 4.0000e-03	 6.5044e+00	 1.6043e+00
610	 6.0000e-03	 4.0000e-03	 6.4647e+00	 1.1987e+00
611	 7.0000e-03	 4.0000e-03	 6.4505e+00	 6.6451e-01
612	 8.0000e-03	 4.0000e-03	 6.3861e+00	 2.3390e-01
613	 9.0000e-03	 4.0000e-03	 6.2513e+00	 9.6306e+00
614	 1.0000e-02	 4.0000e-03	 6.0847e+00	 8.9824e+00
615	 1.1000e-02	 4.0000e-03	 5.8789e+00	 8.1030e+00
616	 1.2000e-02	 4.0000e-03	 5.7882e+00	 6.8960e+00
617	 1.3000e-02	 4.0000e-03	 5.7819e+00	 5.6968e+00
618	 1.4000e-02	 4.0000e-03	 5.8342e+00	 4.6460e+00
619	 1.5000e-02	 4.0000e-03	 5.8109e+00	 3.8284e+00
620	-1.5000e-02	 5.0000e-03	 5.6307e+00	 2.3633e+00
621	-1.4000e-02	 5.0000e-03	 5.8201e+00	 3.1897e+00
622	-1.3000e-02	 5.0000e-03	 5.8996e+00	 3.9885e+00
623	-1.2000e-02	 5.0000e-03	 5.9765e+00	 4.8530e+00
624	-1.1000e-02	 5.0000e-03	 6.0068e+00	 5.7530e+00
625	-1.0000e-02	 5.0000e-03	 5.9930e+00	 6.7868e+00
626	-9.0000e-03	 5.0000e-03	 6.0903e+00	 7.8910e+00
627	-8.0000e-03	 5.0000e-03	 6.2306e+00	 8.7894e+00
628	-7.0000e-03	 5.0000e-03	 6.3874e+00	 9.4899e+00
629	-6.0000e-03	 5.0000e-03	 6.4726e+00	 2.1434e-01
630	-5.0000e-03	 5.0000e-03	 6.5192e+00	 4.8043e-01
631	-4.0000e-03	 5.0000e-03	 6.5327e+00	 9.1137e-01
632	-3.0000e-03	 5.0000e-03	 6.5735e+00	 1.2723e+00
633	-2.0000e-03	 5.0000e-03	 6.6422e+00	 1.5622e+00
634	-1.0000e-03	 5.0000e-03	 6.7316e+00	 1.7558e+00
635	 0.0000e+00	 5.0000e-03	 6.7921e+00	 1.9005e+00
636	 1.0000e-03	 5.0000e-03	 6.7950e+00	 1.9646e+00
637	 2.0000e-03	 5.0000e-03	 6.7585e+00	 1.9741e+00
638	 3.0000e-03	 5.0000e-03	 6.6501e+00	 1.8992e+00
639	 4.0000e-03	 5.0000e-03	 6.5156e+00	 1.6582e+00
640	 5.0000e-03	 5.0000e-03	 6.4377e+00	 1.2539e+00
641	 6.0000e-03	 5.0000e-03	 6.4108e+00	 7.8055e-01
642	 7.0000e-03	 5.0000e-03	 6.3907e+00	 2.9833e-01
643	 8.0000e-03	 5.0000e-03	 6.3552e+00	 9.8121e+00
644	 9.0000e-03	 5.0000e-03	 6.2444e+00	 9.3361e+00
645	 1.0000e-02	 5.0000e-03	 6.0304e+00	 8.6780e+00
646	 1.1000e-02	 5.0000e-03	 5.8730e+00	 7.7404e+00
647	 1.2000e-02	 5.0000e-03	 5.7619e+00	 6.5015e+00
648	 1.3000e-02	 5.0000e-03	 5.8181e+00	 5.3513e+00
649	 1.4000e-02	 5.0000e-03	 5.8224e+00	 4.3290e+00
650	 1.5000e-02	 5.0000e-03	 5.7878e+00	 3.6035e+00
651	-1.5000e-02	 6.0000e-03	 5.5439e+00	 2.0829e+00
652	-1.4000e-02	 6.0000e-03	 5.7428e+00	 2.9283e+00
653	-1.3000e-02	 6.0000e-03	 5.8598e+00	 3.7265e+00
654	-1.2000e-02	 6.0000e-03	 5.9407e+00	 4.5308e+00
655	-1.1000e-02	 6.0000e-03	 5.9726e+00	 5.3799e+00
656	-1.0000e-02	 6.0000e-03	 5.9880e+00	 6.3953e+00
657	-9.0000e-03	 6.0000e-03	 6.0580e+00	 7.4706e+00
658	-8.0000e-03	 6.0000e-03	 6.1968e+00	 8.4143e+00
659	-7.0000e-03	 6.0000e-03	 6.2796e+00	 9.1050e+00
660	-6.0000e-03	 6.0000e-03	 6.3868e+00	 9.6691e+00
661	-5.0000e-03	 6.0000e-03	 6.4403e+00	 1.9380e-01
662	-4.0000e-03	 6.0000e-03	 6.4742e+00	 5.1659e-01
663	-3.0000e-03	 6.0000e-03	 6.4998e+00	 8.9790e-01
664	-2.0000e-03	 6.0000e-03	 6.5656e+00	 1.2276e+00
665	-1.0000e-03	 6.0000e-03	 6.6093e+00	 1.4455e+00
666	 0.0000e+00	 6.0000e-03	 6.6372e+00	 1.5783e+00
667	 1.0000e-03	 6.0000e-03	 6.6402e+00	 1.6598e+00
668	 2.0000e-03	 6.0000e-03	 6.6110e+00	 1.6506e+00
669	 3.0000e-03	 6.0000e-03	 6.5376e+00	 1.5806e+00
670	 4.0000e-03	 6.0000e-03	 6.4348e+00	 1.3042e+00
671	 5.0000e-03	 6.0000e-03	 6.3450e+00	 8.3511e-01
672	 6.0000e-03	 6.0000e-03	 6.3306e+00	 3.2693e-01
673	 7.0000e-03	 6.0000e-03	 6.3585e+00	 9.8025e+00
674	 8.0000e-03	 6.0000e-03	 6.2895e+00	 9.3982e+00
675	 9.0000e-03	 6.0000e-03	 6.1882e+00	 8.9298e+00
676	 1.0000e-02	 6.0000e-03	 6.0212e+00	 8.2697e+00
677	 1.1000e-02	 6.0000e-03	 5.8023e+00	 7.3147e+00
678	 1.2000e-02	 6.0000e-03	 5.6656e+00	 6.0170e+00
679	 1.3000e-02	 6.0000e-03	 5.7615e+00	 4.7879e+00
680	 1.4000e-02	 6.0000e-03	 5.8053e+00	 3.9630e+00
681	 1.5000e-02	 6.0000e-03	 5.7569e+00	 3.2373e+00
682	-1.5000e-02	 7.0000e-03	 5.3493e+00	 1.5576e+00
683	-1.4000e-02	 7.0000e-03	 5.6495e+00	 2.5526e+00
684	-1.3000e-02	 7.0000e-03	 5.7537e+00	 3.3639e+00
685	-1.2000e-02	 7.0000e-03	 5.8447e+00	 4.1186e+00
686	-1.1000e-02	 7.0000e-03	 5.9397e+00	 4.9144e+00
687	-1.0000e-02	 7.0000e-03	 5.9410e+00	 5.8727e+00
688	-9.0000e-03	 7.0000e-03	 5.9913e+00	 6.9377e+00
689	-8.0000e-03	 7.0000e-03	 6.0949e+00	 7.8111e+00
690	-7.0000e-03	 7.0000e-03	 6.1885e+00	 8.6020e+00
691	-6.0000e-03	 7.0000e-03	 6.2799e+00	 9.1474e+00
692	-5.0000e-03	 7.0000e-03	 6.3368e+00	 9.6076e+00
693	-4.0000e-03	 7.0000e-03	 6.3940e+00	 2.0793e-01
694	-3.0000e-03	 7.0000e-03	 6.4361e+00	 4.0746e-01
695	-2.0000e-03	 7.0000e-03	 6.4778e+00	 7.1579e-01
696	-1.0000e-03	 7.0000e-03	 6.5143e+00	 9.6693e-01
697	 0.0000e+00	 7.0000e-03	 6.5015e+00	 1.1237e+00
698	 1.0000e-03	 7.0000e-03	 6.4785e+00	 1.2355e+00
699	 2.0000e-03	 7.0000e-03	 6.4660e+00	 1.1872e+00
700	 3.0000e-03	 7.0000e-03	 6.4285e+00	 1.0261e+00
701	 4.0000e-03	 7.0000e-03	 6.3605e+00	 6.9344e-01
702	 5.0000e-03	 7.0000e-03	 6.3184e+00	 3.2955e-01
703	 6.0000e-03	 7.0000e-03	 6.3006e+00	 9.7933e+00
704	 7.0000e-03	 7.0000e-03	 6.3131e+00	 9.3301e+00
705	 8.0000e-03	 7.0000e-03	 6.2477e+00	 8.9429e+00
706	 9.0000e-03	 7.0000e-03	 6.1297e+00	 8.4308e+00
707	 1.0000e-02	 7.0000e-03	 5.8789e+00	 7.7569e+00
708	 1.1000e-02	 7.0000e-03	 5.6458e+00	 6.6984e+00
709	 1.2000e-02	 7.0000e-03	 5.6070e+00	 5.3474e+00
710	 1.3000e-02	 7.0000e-03	 5.7550e+00	 4.2274e+00
711	 1.4000e-02	 7.0000e-03	 5.7753e+00	 3.5739e+00
712	 1.5000e-02	 7.0000e-03	 5.7359e+00	 2.9185e+00
713	-1.5000e-02	 8.0000e-03	 5.1958e+00	 1.3239e+00
714	-1.4000e-02	 8.0000e-03	 5.4555e+00	 2.2814e+00
715	-1.3000e-02	 8.0000e-03	 5.6873e+00	 2.9826e+00
716	-1.2000e-02	 8.0000e-03	 5.8388e+00	 3.6887e+00
717	-1.1000e-02	 8.0000e-03	 5.8871e+00	 4.4667e+00
718	-1.0000e-02	 8.0000e-03	 5.9170e+00	 5.3533e+00
719	-9.0000e-03	 8.0000e-03	 5.8950e+00	 6.2201e+00
720	-8.0000e-03	 8.0000e-03	 5.9926e+00	 7.1050e+00
721	-7.0000e-03	 8.0000e-03	 6.0551e+00	 7.9462e+00
722	-6.0000e-03	 8.0000e-03	 6.1862e+00	 8.5336e+00
723	-5.0000e-03	 8.0000e-03	 6.2674e+00	 9.0363e+00
724	-4.0000e-03	 8.0000e-03	 6.3269e+00	 9.4314e+00
725	-3.0000e-03	 8.0000e-03	 6.3647e+00	 9.7897e+00
726	-2.0000e-03	 8.0000e-03	 6.3851e+00	 1.8854e-01
727	-1.0000e-03	 8.0000e-03	 6.4288e+00	 3.8609e-01
728	 0.0000e+00	 8.0000e-03	 6.4124e+00	 6.3427e-01
729	 1.0000e-03	 8.0000e-03	 6.3841e+00	 7.7594e-01
730	 2.0000e-03	 8.0000e-03	 6.3598e+00	 6.3427e-01
731	 3.0000e-03	 8.0000e-03	 6.3266e+00	 3.6045e-01
732	 4.0000e-03	 8.0000e-03	 6.3181e+00	 2.7466e-01
733	 5.0000e-03	 8.0000e-03	 6.2918e+00	 9.6763e+00
734	 6.0000e-03	 8.0000e-03	 6.2947e+00	 9.2069e+00
735	 7.0000e-03	 8.0000e-03	 6.2688e+00	 8.7960e+00
736	 8.0000e-03	 8.0000e-03	 6.1770e+00	 8.4023e+00
737	 9.0000e-03	 8.0000e-03	 5.9828e+00	 7.9331e+00
738	 1.0000e-02	 8.0000e-03	 5.6984e+00	 7.1060e+00
739	 1.1000e-02	 8.0000e-03	 5.5094e+00	 5.7543e+00
740	 1.2000e-02	 8.0000e-03	 5.5867e+00	 4.4447e+00
741	 1.3000e-02	 8.0000e-03	 5.7428e+00	 3.6982e+00
742	 1.4000e-02	 8.0000e-03	 5.7974e+00	 3.1091e+00
743	 1.5000e-02	 8.0000e-03	 5.7431e+00	 2.5720e+00
744	-1.5000e-02	 9.0000e-03	 4.9029e+00	 1.1375e+00
745	-1.4000e-02	 9.0000e-03	 5.2004e+00	 1.8291e+00
746	-1.3000e-02	 9.0000e-03	 5.4887e+00	 2.6016e+00
747	-1.2000e-02	 9.0000e-03	 5.6715e+00	 3.2156e+00
748	-1.1000e-02	 9.0000e-03	 5.8161e+00	 3.9792e+00
749	-1.0000e-02	 9.0000e-03	 5.8270e+00	 4.6653e+00
750	-9.0000e-03	 9.0000e-03	 5.8477e+00	 5.4348e+00
751	-8.0000e-03	 9.0000e-03	 5.8559e+00	 6.3499e+00
752	-7.0000e-03	 9.0000e-03	 5.9091e+00	 7.1721e+00
753	-6.0000e-03	 9.0000e-03	 6.0179e+00	 7.8640e+00
754	-5.0000e-03	 9.0000e-03	 6.1412e+00	 8.3782e+00
755	-4.0000e-03	 9.0000e-03	 6.2346e+00	 8.7611e+00
756	-3.0000e-03	 9.0000e-03	 6.2763e+00	 9.1115e+00
757	-2.0000e-03	 9.0000e-03	 6.3049e+00	 9.4837e+00
758	-1.0000e-03	 9.0000e-03	 6.3092e+00	 9.7489e+00
759	 0.0000e+00	 9.0000e-03	 6.3269e+00	 4.0204e-01
760	 1.0000e-03	 9.0000e-03	 6.2842e+00	 2.0432e-01
761	 2.0000e-03	 9.0000e-03	 6.2526e+00	 9.7950e+00
762	 3.0000e-03	 9.0000e-03	 6.1728e+00	 9.7118e+00
763	 4.0000e-03	 9.0000e-03	 6.1751e+00	 9.2805e+00
764	 5.0000e-03	 9.0000e-03	 6.2231e+00	 8.9656e+00
765	 6.0000e-03	 9.0000e-03	 6.2017e+00	 8.5613e+00
766	 7.0000e-03	 9.0000e-03	 6.1557e+00	 8.1678e+00
767	 8.0000e-03	 9.0000e-03	 6.0199e+00	 7.8101e+00
768	 9.0000e-03	 9.0000e-03	 5.7589e+00	 7.2352e+00
769	 1.0000e-02	 9.0000e-03	 5.4890e+00	 6.1373e+00
770	 1.1000e-02	 9.0000e-03	 5.4851e+00	 4.7491e+00
771	 1.2000e-02	 9.0000e-03	 5.6383e+00	 3.7560e+00
772	 1.3000e-02	 9.0000e-03	 5.7468e+00	 3.1164e+00
773	 1.4000e-02	 9.0000e-03	 5.7635e+00	 2.6486e+00
774	 1.5000e-02	 9.0000e-03	 5.6383e+00	 2.1733e+00
775	-1.5000e-02	 1.0000e-02	 4.6242e+00	 8.4761e+00
776	-1.4000e-02	 1.0000e-02	 4.9398e+00	 1.1615e+00
777	-1.3000e-02	 1.0000e-02	 5.3240e+00	 2.0132e+00
778	-1.2000e-02	 1.0000e-02	 5.5890e+00	 2.7969e+00
779	-1.1000e-02	 1.0000e-02	 5.7382e+00	 3.4293e+00
780	-1.0000e-02	 1.0000e-02	 5.8194e+00	 4.1216e+00
781	-9.0000e-03	 1.0000e-02	 5.7800e+00	 4.7714e+00
782	-8.0000e-03	 1.0000e-02	 5.7481e+00	 5.4512e+00
783	-7.0000e-03	 1.0000e-02	 5.7849e+00	 6.3200e+00
784	-6.0000e-03	 1.0000e-02	 5.8621e+00	 7.0790e+00
785	-5.0000e-03	 1.0000e-02	 6.0255e+00	 7.5945e+00
786	-4.0000e-03	 1.0000e-02	 6.1383e+00	 8.0504e+00
787	-3.0000e-03	 1.0000e-02	 6.1820e+00	 8.4432e+00
788	-2.0000e-03	 1.0000e-02	 6.2467e+00	 8.7647e+00
789	-1.0000e-03	 1.0000e-02	 6.2152e+00	 9.0248e+00
790	 0.0000e+00	 1.0000e-02	 6.2076e+00	 9.2799e+00
791	 1.0000e-03	 1.0000e-02	 6.1599e+00	 9.3042e+00
792	 2.0000e-03	 1.0000e-02	 6.0982e+00	 9.2605e+00
793	 3.0000e-03	 1.0000e-02	 6.0245e+00	 8.9676e+00
794	 4.0000e-03	 1.0000e-02	 6.0751e+00	 8.5981e+00
795	 5.0000e-03	 1.0000e-02	 6.1074e+00	 8.1790e+00
796	 6.0000e-03	 1.0000e-02	 6.0955e+00	 7.8177e+00
797	 7.0000e-03	 1.0000e-02	 6.0288e+00	 7.4498e+00
798	 8.0000e-03	 1.0000e-02	 5.8694e+00	 7.0140e+00
799	 9.0000e-03	 1.0000e-02	 5.5834e+00	 6.3266e+00
800	 1.0000e-02	 1.0000e-02	 5.4305e+00	 5.1557e+00
801	 1.1000e-02	 1.0000e-02	 5.5449e+00	 3.9224e+00
802	 1.2000e-02	 1.0000e-02	 5.6570e+00	 3.2127e+00
803	 1.3000e-02	 1.0000e-02	 5.7510e+00	 2.6463e+00
804	 1.4000e-02	 1.0000e-02	 5.6642e+00	 2.2489e+00
805	 1.5000e-02	 1.0000e-02	 5.5045e+00	 1.8643e+00
806	-1.5000e-02	 1.1000e-02	 4.6876e+00	 7.8696e+00
807	-1.4000e-02	 1.1000e-02	 4.6903e+00	 7.4696e+00
808	-1.3000e-02	 1.1000e-02	 5.0472e+00	 1.4909e+00
809	-1.2000e-02	 1.1000e-02	 5.4230e+00	 2.2775e+00
810	-1.1000e-02	 1.1000e-02	 5.6603e+00	 2.9514e+00
811	-1.0000e-02	 1.1000e-02	 5.7113e+00	 3.5565e+00
812	-9.0000e-03	 1.1000e-02	 5.7717e+00	 4.0427e+00
813	-8.0000e-03	 1.1000e-02	 5.6912e+00	 4.6373e+00
814	-7.0000e-03	 1.1000e-02	 5.7244e+00	 5.3884e+00
815	-6.0000e-03	 1.1000e-02	 5.8279e+00	 6.1764e+00
816	-5.0000e-03	 1.1000e-02	 5.8753e+00	 6.8526e+00
817	-4.0000e-03	 1.1000e-02	 6.0311e+00	 7.2651e+00
818	-3.0000e-03	 1.1000e-02	 6.0863e+00	 7.6362e+00
819	-2.0000e-03	 1.1000e-02	 6.1241e+00	 7.8561e+00
820	-1.0000e-03	 1.1000e-02	 6.1205e+00	 8.0994e+00
821	 0.0000e+00	 1.1000e-02	 6.0699e+00	 8.2421e+00
822	 1.0000e-03	 1.1000e-02	 5.9811e+00	 8.2470e+00
823	 2.0000e-03	 1.1000e-02	 5.9755e+00	 8.1458e+00
824	 3.0000e-03	 1.1000e-02	 5.9404e+00	 7.8976e+00
825	 4.0000e-03	 1.1000e-02	 5.9732e+00	 7.5567e+00
826	 5.0000e-03	 1.1000e-02	 5.9844e+00	 7.3282e+00
827	 6.0000e-03	 1.1000e-02	 5.9893e+00	 7.0077e+00
828	 7.0000e-03	 1.1000e-02	 5.8825e+00	 6.6234e+00
829	 8.0000e-03	 1.1000e-02	 5.6905e+00	 6.1261e+00
830	 9.0000e-03	 1.1000e-02	 5.4167e+00	 5.3197e+00
831	 1.0000e-02	 1.1000e-02	 5.4470e+00	 4.1134e+00
832	 1.1000e-02	 1.1000e-02	 5.5028e+00	 3.3360e+00
833	 1.2000e-02	 1.1000e-02	 5.6366e+00	 2.6039e+00
834	 1.3000e-02	 1.1000e-02	 5.6445e+00	 2.2298e+00
835	 1.4000e-02	 1.1000e-02	 5.5436e+00	 1.8475e+00
836	 1.5000e-02	 1.1000e-02	 5.2616e+00	 1.4837e+00
837	-1.5000e-02	 1.2000e-02	 4.9263e+00	 6.5704e+00
838	-1.4000e-02	 1.2000e-02	 4.5483e+00	 7.8128e+00
839	-1.3000e-02	 1.2000e-02	 4.6995e+00	 2.1712e+00
840	-1.2000e-02	 1.2000e-02	 5.0548e+00	 1.7930e+00
841	-1.1000e-02	 1.2000e-02	 5.4164e+00	 2.3403e+00
842	-1.0000e-02	 1.2000e-02	 5.5692e+00	 2.8337e+00
843	-9.0000e-03	 1.2000e-02	 5.6531e+00	 3.4349e+00
844	-8.0000e-03	 1.2000e-02	 5.6741e+00	 3.8750e+00
845	-7.0000e-03	 1.2000e-02	 5.6373e+00	 4.5068e+00
846	-6.0000e-03	 1.2000e-02	 5.6462e+00	 5.1643e+00
847	-5.0000e-03	 1.2000e-02	 5.7832e+00	 5.8750e+00
848	-4.0000e-03	 1.2000e-02	 5.8904e+00	 6.3896e+00
849	-3.0000e-03	 1.2000e-02	 5.9647e+00	 6.7625e+00
850	-2.0000e-03	 1.2000e-02	 5.9805e+00	 7.0258e+00
851	-1.0000e-03	 1.2000e-02	 5.9749e+00	 7.1376e+00
852	 0.0000e+00	 1.2000e-02	 5.9239e+00	 7.1915e+00
853	 1.0000e-03	 1.2000e-02	 5.8743e+00	 7.0705e+00
854	 2.0000e-03	 1.2000e-02	 5.8493e+00	 6.9278e+00
855	 3.0000e-03	 1.2000e-02	 5.8434e+00	 6.7582e+00
856	 4.0000e-03	 1.2000e-02	 5.9292e+00	 6.6024e+00
857	 5.0000e-03	 1.2000e-02	 5.9302e+00	 6.4144e+00
858	 6.0000e-03	 1.2000e-02	 5.9236e+00	 6.1172e+00
859	 7.0000e-03	 1.2000e-02	 5.8053e+00	 5.7527e+00
860	 8.0000e-03	 1.2000e-02	 5.6051e+00	 5.2129e+00
861	 9.0000e-03	 1.2000e-02	 5.4601e+00	 4.3435e+00
862	 1.0000e-02	 1.2000e-02	 5.4197e+00	 3.3544e+00
863	 1.1000e-02	 1.2000e-02	 5.4545e+00	 2.5917e+00
864	 1.2000e-02	 1.2000e-02	 5.4959e+00	 2.0486e+00
865	 1.3000e-02	 1.2000e-02	 5.4894e+00	 1.6227e+00
866	 1.4000e-02	 1.2000e-02	 5.3099e+00	 1.1927e+00
867	 1.5000e-02	 1.2000e-02	 4.9467e+00	 9.3833e-01
868	-1.5000e-02	 1.3000e-02	 4.9437e+00	 5.8385e+00
869	-1.4000e-02	 1.3000e-02	 4.8533e+00	 7.0790e+00
870	-1.3000e-02	 1.3000e-02	 4.6137e+00	 8.4538e+00
871	-1.2000e-02	 1.3000e-02	 4.7054e+00	 1.2421e+00
872	-1.1000e-02	 1.3000e-02	 5.1814e+00	 1.6794e+00
873	-1.0000e-02	 1.3000e-02	 5.2836e+00	 2.2170e+00
874	-9.0000e-03	 1.3000e-02	 5.5163e+00	 2.6743e+00
875	-8.0000e-03	 1.3000e-02	 5.4999e+00	 3.0943e+00
876	-7.0000e-03	 1.3000e-02	 5.5840e+00	 3.6722e+00
877	-6.0000e-03	 1.3000e-02	 5.5512e+00	 4.2580e+00
878	-5.0000e-03	 1.3000e-02	 5.6813e+00	 4.9144e+00
879	-4.0000e-03	 1.3000e-02	 5.7392e+00	 5.4019e+00
880	-3.0000e-03	 1.3000e-02	 5.8105e+00	 5.8470e+00
881	-2.0000e-03	 1.3000e-02	 5.8151e+00	 6.0396e+00
882	-1.0000e-03	 1.3000e-02	 5.8250e+00	 6.1360e+00
883	 0.0000e+00	 1.3000e-02	 5.7757e+00	 6.1517e+00
884	 1.0000e-03	 1.3000e-02	 5.7730e+00	 6.0304e+00
885	 2.0000e-03	 1.3000e-02	 5.7563e+00	 5.8717e+00
886	 3.0000e-03	 1.3000e-02	 5.8030e+00	 5.7451e+00
887	 4.0000e-03	 1.3000e-02	 5.8700e+00	 5.6097e+00
888	 5.0000e-03	 1.3000e-02	 5.8145e+00	 5.4591e+00
889	 6.0000e-03	 1.3000e-02	 5.7875e+00	 5.2588e+00
890	 7.0000e-03	 1.3000e-02	 5.7185e+00	 4.8789e+00
891	 8.0000e-03	 1.3000e-02	 5.4815e+00	 4.2261e+00
892	 9.0000e-03	 1.3000e-02	 5.3434e+00	 3.4954e+00
893	 1.0000e-02	 1.3000e-02	 5.2954e+00	 2.6056e+00
894	 1.1000e-02	 1.3000e-02	 5.3520e+00	 1.8936e+00
895	 1.2000e-02	 1.3000e-02	 5.2951e+00	 1.3814e+00
896	 1.3000e-02	 1.3000e-02	 5.2211e+00	 8.4563e-01
897	 1.4000e-02	 1.3000e-02	 4.9917e+00	 8.8343e-01
898	 1.5000e-02	 1.3000e-02	 4.5203e+00	 8.0442e+00
899	-1.5000e-02	 1.4000e-02	 5.0463e+00	 5.4982e+00
900	-1.4000e-02	 1.4000e-02	 4.9772e+00	 5.9670e+00
901	-1.3000e-02	 1.4000e-02	 4.6239e+00	 7.0465e+00
902	-1.2000e-02	 1.4000e-02	 4.5249e+00	 7.4355e+00
903	-1.1000e-02	 1.4000e-02	 4.7108e+00	 1.5507e+00
904	-1.0000e-02	 1.4000e-02	 5.0449e+00	 1.5080e+00
905	-9.0000e-03	 1.4000e-02	 5.2008e+00	 1.8581e+00
906	-8.0000e-03	 1.4000e-02	 5.3638e+00	 2.2341e+00
907	-7.0000e-03	 1.4000e-02	 5.3876e+00	 2.7282e+00
908	-6.0000e-03	 1.4000e-02	 5.4650e+00	 3.1144e+00
909	-5.0000e-03	 1.4000e-02	 5.4595e+00	 3.7630e+00
910	-4.0000e-03	 1.4000e-02	 5.5469e+00	 4.3655e+00
911	-3.0000e-03	 1.4000e-02	 5.6038e+00	 4.8053e+00
912	-2.0000e-03	 1.4000e-02	 5.6241e+00	 4.9575e+00
913	-1.0000e-03	 1.4000e-02	 5.7155e+00	 5.0239e+00
914	 0.0000e+00	 1.4000e-02	 5.7280e+00	 4.9693e+00
915	 1.0000e-03	 1.4000e-02	 5.7297e+00	 4.9062e+00
916	 2.0000e-03	 1.4000e-02	 5.6948e+00	 4.8740e+00
917	 3.0000e-03	 1.4000e-02	 5.7389e+00	 4.7816e+00
918	 4.0000e-03	 1.4000e-02	 5.7474e+00	 4.6594e+00
919	 5.0000e-03	 1.4000e-02	 5.6665e+00	 4.4907e+00
920	 6.0000e-03	 1.4000e-02	 5.5784e+00	 4.2537e+00
921	 7.0000e-03	 1.4000e-02	 5.3917e+00	 3.8721e+00
922	 8.0000e-03	 1.4000e-02	 5.2478e+00	 3.1956e+00
923	 9.0000e-03	 1.4000e-02	 5.1104e+00	 2.4090e+00
924	 1.0000e-02	 1.4000e-02	 5.1321e+00	 1.5810e+00
925	 1.1000e-02	 1.4000e-02	 5.1728e+00	 1.0014e+00
926	 1.2000e-02	 1.4000e-02	 5.1067e+00	 6.6517e-01
927	 1.3000e-02	 1.4000e-02	 4.9756e+00	 4.7728e+00
928	 1.4000e-02	 1.4000e-02	 4.7734e+00	 8.7592e+00
929	 1.5000e-02	 1.4000e-02	 4.4917e+00	 7.5251e+00
930	-1.5000e-02	 1.5000e-02	 4.9776e+00	 4.7560e+00
931	-1.4000e-02	 1.5000e-02	 4.7964e+00	 5.4138e+00
932	-1.3000e-02	 1.5000e-02	 4.7429e+00	 6.0636e+00
933	-1.2000e-02	 1.5000e-02	 4.4007e+00	 7.0837e+00
934	-1.1000e-02	 1.5000e-02	 4.3730e+00	 7.0767e+00
935	-1.0000e-02	 1.5000e-02	 4.7662e+00	 1.2105e+00
936	-9.0000e-03	 1.5000e-02	 5.1035e+00	 1.0340e+00
937	-8.0000e-03	 1.5000e-02	 5.2770e+00	 1.1776e+00
938	-7.0000e-03	 1.5000e-02	 5.3533e+00	 1.7151e+00
939	-6.0000e-03	 1.5000e-02	 5.3773e+00	 2.0405e+00
940	-5.0000e-03	 1.5000e-02	 5.2872e+00	 2.5349e+00
941	-4.0000e-03	 1.5000e-02	 5.2583e+00	 3.0697e+00
942	-3.0000e-03	 1.5000e-02	 5.3533e+00	 3.4526e+00
943	-2.0000e-03	 1.5000e-02	 5.4522e+00	 3.6772e+00
944	-1.0000e-03	 1.5000e-02	 5.5584e+00	 3.7720e+00
945	 0.0000e+00	 1.5000e-02	 5.5972e+00	 3.8484e+00
946	 1.0000e-03	 1.5000e-02	 5.6057e+00	 3.8356e+00
947	 2.0000e-03	 1.5000e-02	 5.6577e+00	 3.7156e+00
948	 3.0000e-03	 1.5000e-02	 5.5883e+00	 3.6438e+00
949	 4.0000e-03	 1.5000e-02	 5.5229e+00	 3.5519e+00
950	 5.0000e-03	 1.5000e-02	 5.3602e+00	 3.3830e+00
951	 6.0000e-03	 1.5000e-02	 5.2382e+00	 3.2314e+00
952	 7.0000e-03	 1.5000e-02	 5.0269e+00	 2.8153e+00
953	 8.0000e-03	 1.5000e-02	 4.9637e+00	 2.0711e+00
954	 9.0000e-03	 1.5000e-02	 4.8457e+00	 1.3538e+00
955	 1.0000e-02	 1.5000e-02	 5.0405e+00	 9.0611e-01
956	 1.1000e-02	 1.5000e-02	 4.9861e+00	 9.1184e+00
957	 1.2000e-02	 1.5000e-02	 4.9825e+00	 9.0297e+00
958	 1.3000e-02	 1.5000e-02	 4.7550e+00	 8.5159e+00
959	 1.4000e-02	 1.5000e-02	 4.7087e+00	 7.9949e+00
960	 1.5000e-02	 1.5000e-02	 4.4385e+00	 6.9785e+00
