	x (m)	y (m)	Mesure ch1 (V)	Mesure ch2 (V)
0	-1.5000e-02	-1.5000e-02	 4.7810e+00	 7.9668e+00
1	-1.4000e-02	-1.5000e-02	 4.7225e+00	 9.0514e+00
2	-1.3000e-02	-1.5000e-02	 5.0417e+00	 1.0715e+00
3	-1.2000e-02	-1.5000e-02	 5.2974e+00	 2.0346e+00
4	-1.1000e-02	-1.5000e-02	 5.5288e+00	 2.8110e+00
5	-1.0000e-02	-1.5000e-02	 5.6665e+00	 3.4757e+00
6	-9.0000e-03	-1.5000e-02	 5.7553e+00	 4.1765e+00
7	-8.0000e-03	-1.5000e-02	 5.7678e+00	 4.8964e+00
8	-7.0000e-03	-1.5000e-02	 5.7665e+00	 5.4890e+00
9	-6.0000e-03	-1.5000e-02	 5.7767e+00	 6.1044e+00
10	-5.0000e-03	-1.5000e-02	 5.8779e+00	 6.7516e+00
11	-4.0000e-03	-1.5000e-02	 5.9354e+00	 7.2582e+00
12	-3.0000e-03	-1.5000e-02	 5.9778e+00	 7.5955e+00
13	-2.0000e-03	-1.5000e-02	 5.9601e+00	 7.8525e+00
14	-1.0000e-03	-1.5000e-02	 5.9762e+00	 8.0041e+00
15	 0.0000e+00	-1.5000e-02	 5.9483e+00	 8.0856e+00
16	 1.0000e-03	-1.5000e-02	 5.9356e+00	 8.0304e+00
17	 2.0000e-03	-1.5000e-02	 5.9752e+00	 8.0642e+00
18	 3.0000e-03	-1.5000e-02	 5.9197e+00	 8.0103e+00
19	 4.0000e-03	-1.5000e-02	 5.9055e+00	 7.8545e+00
20	 5.0000e-03	-1.5000e-02	 5.8789e+00	 7.4712e+00
21	 6.0000e-03	-1.5000e-02	 5.8634e+00	 7.0301e+00
22	 7.0000e-03	-1.5000e-02	 5.8115e+00	 6.5117e+00
23	 8.0000e-03	-1.5000e-02	 5.7800e+00	 5.8779e+00
24	 9.0000e-03	-1.5000e-02	 5.7760e+00	 5.2300e+00
25	 1.0000e-02	-1.5000e-02	 5.7283e+00	 4.6518e+00
26	 1.1000e-02	-1.5000e-02	 5.7283e+00	 3.9447e+00
27	 1.2000e-02	-1.5000e-02	 5.5919e+00	 3.3297e+00
28	 1.3000e-02	-1.5000e-02	 5.4364e+00	 2.6713e+00
29	 1.4000e-02	-1.5000e-02	 5.1837e+00	 1.9310e+00
30	 1.5000e-02	-1.5000e-02	 4.9884e+00	 9.7744e-01
31	-1.5000e-02	-1.4000e-02	 4.8211e+00	 8.6946e+00
32	-1.4000e-02	-1.4000e-02	 4.9749e+00	 9.3471e-01
33	-1.3000e-02	-1.4000e-02	 5.2609e+00	 1.9218e+00
34	-1.2000e-02	-1.4000e-02	 5.5308e+00	 2.8804e+00
35	-1.1000e-02	-1.4000e-02	 5.6991e+00	 3.7334e+00
36	-1.0000e-02	-1.4000e-02	 5.7543e+00	 4.3191e+00
37	-9.0000e-03	-1.4000e-02	 5.7823e+00	 5.0850e+00
38	-8.0000e-03	-1.4000e-02	 5.7928e+00	 5.8099e+00
39	-7.0000e-03	-1.4000e-02	 5.7924e+00	 6.5419e+00
40	-6.0000e-03	-1.4000e-02	 5.8592e+00	 7.1418e+00
41	-5.0000e-03	-1.4000e-02	 5.9377e+00	 7.7401e+00
42	-4.0000e-03	-1.4000e-02	 5.9910e+00	 8.2927e+00
43	-3.0000e-03	-1.4000e-02	 6.0110e+00	 8.6303e+00
44	-2.0000e-03	-1.4000e-02	 6.0061e+00	 8.8364e+00
45	-1.0000e-03	-1.4000e-02	 6.0140e+00	 9.0254e+00
46	 0.0000e+00	-1.4000e-02	 5.9877e+00	 9.1033e+00
47	 1.0000e-03	-1.4000e-02	 5.9847e+00	 9.0744e+00
48	 2.0000e-03	-1.4000e-02	 6.0094e+00	 9.0573e+00
49	 3.0000e-03	-1.4000e-02	 6.0239e+00	 8.9847e+00
50	 4.0000e-03	-1.4000e-02	 6.0005e+00	 8.8808e+00
51	 5.0000e-03	-1.4000e-02	 5.9233e+00	 8.5830e+00
52	 6.0000e-03	-1.4000e-02	 5.9075e+00	 8.0692e+00
53	 7.0000e-03	-1.4000e-02	 5.8339e+00	 7.5143e+00
54	 8.0000e-03	-1.4000e-02	 5.8210e+00	 6.8305e+00
55	 9.0000e-03	-1.4000e-02	 5.7691e+00	 6.1550e+00
56	 1.0000e-02	-1.4000e-02	 5.8089e+00	 5.4959e+00
57	 1.1000e-02	-1.4000e-02	 5.7901e+00	 4.9115e+00
58	 1.2000e-02	-1.4000e-02	 5.7405e+00	 4.1367e+00
59	 1.3000e-02	-1.4000e-02	 5.5696e+00	 3.5013e+00
60	 1.4000e-02	-1.4000e-02	 5.3783e+00	 2.7814e+00
61	 1.5000e-02	-1.4000e-02	 5.1745e+00	 1.8209e+00
62	-1.5000e-02	-1.3000e-02	 4.8485e+00	 1.3910e+00
63	-1.4000e-02	-1.3000e-02	 5.1725e+00	 1.6907e+00
64	-1.3000e-02	-1.3000e-02	 5.4578e+00	 2.8804e+00
65	-1.2000e-02	-1.3000e-02	 5.6396e+00	 3.7353e+00
66	-1.1000e-02	-1.3000e-02	 5.7964e+00	 4.4224e+00
67	-1.0000e-02	-1.3000e-02	 5.7793e+00	 5.1666e+00
68	-9.0000e-03	-1.3000e-02	 5.7786e+00	 5.9660e+00
69	-8.0000e-03	-1.3000e-02	 5.8010e+00	 6.7582e+00
70	-7.0000e-03	-1.3000e-02	 5.8217e+00	 7.5393e+00
71	-6.0000e-03	-1.3000e-02	 5.8953e+00	 8.1589e+00
72	-5.0000e-03	-1.3000e-02	 6.0133e+00	 8.7664e+00
73	-4.0000e-03	-1.3000e-02	 6.0603e+00	 9.2322e+00
74	-3.0000e-03	-1.3000e-02	 6.0985e+00	 9.5543e+00
75	-2.0000e-03	-1.3000e-02	 6.0876e+00	 9.7591e+00
76	-1.0000e-03	-1.3000e-02	 6.0603e+00	 9.6631e+00
77	 0.0000e+00	-1.3000e-02	 6.0742e+00	 3.3843e-01
78	 1.0000e-03	-1.3000e-02	 6.0932e+00	 2.1582e-01
79	 2.0000e-03	-1.3000e-02	 6.0705e+00	 3.5388e-01
80	 3.0000e-03	-1.3000e-02	 6.0889e+00	 9.7608e+00
81	 4.0000e-03	-1.3000e-02	 6.0554e+00	 9.7378e+00
82	 5.0000e-03	-1.3000e-02	 5.9861e+00	 9.4567e+00
83	 6.0000e-03	-1.3000e-02	 5.9128e+00	 8.9971e+00
84	 7.0000e-03	-1.3000e-02	 5.8546e+00	 8.4981e+00
85	 8.0000e-03	-1.3000e-02	 5.7737e+00	 7.8897e+00
86	 9.0000e-03	-1.3000e-02	 5.8112e+00	 7.1040e+00
87	 1.0000e-02	-1.3000e-02	 5.8345e+00	 6.3956e+00
88	 1.1000e-02	-1.3000e-02	 5.8168e+00	 5.6287e+00
89	 1.2000e-02	-1.3000e-02	 5.7842e+00	 4.9841e+00
90	 1.3000e-02	-1.3000e-02	 5.7142e+00	 4.2965e+00
91	 1.4000e-02	-1.3000e-02	 5.4618e+00	 3.4536e+00
92	 1.5000e-02	-1.3000e-02	 5.3007e+00	 2.5720e+00
93	-1.5000e-02	-1.2000e-02	 5.0124e+00	 1.0915e+00
94	-1.4000e-02	-1.2000e-02	 5.2981e+00	 2.5954e+00
95	-1.3000e-02	-1.2000e-02	 5.6274e+00	 3.6413e+00
96	-1.2000e-02	-1.2000e-02	 5.7819e+00	 4.4588e+00
97	-1.1000e-02	-1.2000e-02	 5.8069e+00	 5.1761e+00
98	-1.0000e-02	-1.2000e-02	 5.8598e+00	 5.9022e+00
99	-9.0000e-03	-1.2000e-02	 5.8049e+00	 6.6984e+00
100	-8.0000e-03	-1.2000e-02	 5.7589e+00	 7.6037e+00
101	-7.0000e-03	-1.2000e-02	 5.8671e+00	 8.3624e+00
102	-6.0000e-03	-1.2000e-02	 5.9897e+00	 9.0514e+00
103	-5.0000e-03	-1.2000e-02	 6.1028e+00	 9.6224e+00
104	-4.0000e-03	-1.2000e-02	 6.1468e+00	 2.9800e-01
105	-3.0000e-03	-1.2000e-02	 6.1876e+00	 3.7327e-01
106	-2.0000e-03	-1.2000e-02	 6.1935e+00	 6.4808e-01
107	-1.0000e-03	-1.2000e-02	 6.1777e+00	 9.2978e-01
108	 0.0000e+00	-1.2000e-02	 6.1616e+00	 1.0406e+00
109	 1.0000e-03	-1.2000e-02	 6.1843e+00	 1.0103e+00
110	 2.0000e-03	-1.2000e-02	 6.1669e+00	 1.0310e+00
111	 3.0000e-03	-1.2000e-02	 6.1770e+00	 8.7357e-01
112	 4.0000e-03	-1.2000e-02	 6.1435e+00	 6.2276e-01
113	 5.0000e-03	-1.2000e-02	 6.0613e+00	 3.2002e-01
114	 6.0000e-03	-1.2000e-02	 5.9985e+00	 9.7542e+00
115	 7.0000e-03	-1.2000e-02	 5.9414e+00	 9.4600e+00
116	 8.0000e-03	-1.2000e-02	 5.8174e+00	 8.8203e+00
117	 9.0000e-03	-1.2000e-02	 5.7852e+00	 8.0080e+00
118	 1.0000e-02	-1.2000e-02	 5.7793e+00	 7.2234e+00
119	 1.1000e-02	-1.2000e-02	 5.8181e+00	 6.4400e+00
120	 1.2000e-02	-1.2000e-02	 5.8230e+00	 5.7034e+00
121	 1.3000e-02	-1.2000e-02	 5.7405e+00	 4.9490e+00
122	 1.4000e-02	-1.2000e-02	 5.5998e+00	 4.0277e+00
123	 1.5000e-02	-1.2000e-02	 5.4792e+00	 3.2742e+00
124	-1.5000e-02	-1.1000e-02	 5.1712e+00	 2.0154e+00
125	-1.4000e-02	-1.1000e-02	 5.5124e+00	 3.3672e+00
126	-1.3000e-02	-1.1000e-02	 5.7244e+00	 4.3142e+00
127	-1.2000e-02	-1.1000e-02	 5.8832e+00	 5.1281e+00
128	-1.1000e-02	-1.1000e-02	 5.8720e+00	 5.8947e+00
129	-1.0000e-02	-1.1000e-02	 5.8391e+00	 6.6254e+00
130	-9.0000e-03	-1.1000e-02	 5.7951e+00	 7.5166e+00
131	-8.0000e-03	-1.1000e-02	 5.8536e+00	 8.4163e+00
132	-7.0000e-03	-1.1000e-02	 5.9420e+00	 9.2075e+00
133	-6.0000e-03	-1.1000e-02	 6.1028e+00	 9.7766e+00
134	-5.0000e-03	-1.1000e-02	 6.1905e+00	 3.7262e-01
135	-4.0000e-03	-1.1000e-02	 6.2471e+00	 7.4866e-01
136	-3.0000e-03	-1.1000e-02	 6.2835e+00	 1.1063e+00
137	-2.0000e-03	-1.1000e-02	 6.2845e+00	 1.4248e+00
138	-1.0000e-03	-1.1000e-02	 6.2987e+00	 1.7726e+00
139	 0.0000e+00	-1.1000e-02	 6.2947e+00	 1.8855e+00
140	 1.0000e-03	-1.1000e-02	 6.3690e+00	 1.9116e+00
141	 2.0000e-03	-1.1000e-02	 6.3296e+00	 1.9067e+00
142	 3.0000e-03	-1.1000e-02	 6.2839e+00	 1.6894e+00
143	 4.0000e-03	-1.1000e-02	 6.2293e+00	 1.4991e+00
144	 5.0000e-03	-1.1000e-02	 6.1606e+00	 1.0596e+00
145	 6.0000e-03	-1.1000e-02	 6.1024e+00	 6.5662e-01
146	 7.0000e-03	-1.1000e-02	 6.0544e+00	 2.8649e-01
147	 8.0000e-03	-1.1000e-02	 5.9229e+00	 9.6539e+00
148	 9.0000e-03	-1.1000e-02	 5.7924e+00	 9.0110e+00
149	 1.0000e-02	-1.1000e-02	 5.6965e+00	 8.0955e+00
150	 1.1000e-02	-1.1000e-02	 5.7800e+00	 7.1911e+00
151	 1.2000e-02	-1.1000e-02	 5.8007e+00	 6.3769e+00
152	 1.3000e-02	-1.1000e-02	 5.7724e+00	 5.5890e+00
153	 1.4000e-02	-1.1000e-02	 5.6866e+00	 4.6817e+00
154	 1.5000e-02	-1.1000e-02	 5.5696e+00	 3.8438e+00
155	-1.5000e-02	-1.0000e-02	 5.3059e+00	 2.7469e+00
156	-1.4000e-02	-1.0000e-02	 5.6501e+00	 3.9293e+00
157	-1.3000e-02	-1.0000e-02	 5.8418e+00	 4.8586e+00
158	-1.2000e-02	-1.0000e-02	 5.9200e+00	 5.7573e+00
159	-1.1000e-02	-1.0000e-02	 5.9315e+00	 6.4699e+00
160	-1.0000e-02	-1.0000e-02	 5.8766e+00	 7.2431e+00
161	-9.0000e-03	-1.0000e-02	 5.8661e+00	 8.1829e+00
162	-8.0000e-03	-1.0000e-02	 5.9206e+00	 9.1395e+00
163	-7.0000e-03	-1.0000e-02	 6.0738e+00	 9.7664e+00
164	-6.0000e-03	-1.0000e-02	 6.1803e+00	 4.7419e-01
165	-5.0000e-03	-1.0000e-02	 6.2441e+00	 1.0333e+00
166	-4.0000e-03	-1.0000e-02	 6.3381e+00	 1.4363e+00
167	-3.0000e-03	-1.0000e-02	 6.3868e+00	 1.7854e+00
168	-2.0000e-03	-1.0000e-02	 6.4410e+00	 2.1289e+00
169	-1.0000e-03	-1.0000e-02	 6.4729e+00	 2.4386e+00
170	 0.0000e+00	-1.0000e-02	 6.4798e+00	 2.6335e+00
171	 1.0000e-03	-1.0000e-02	 6.5156e+00	 2.7134e+00
172	 2.0000e-03	-1.0000e-02	 6.4828e+00	 2.6328e+00
173	 3.0000e-03	-1.0000e-02	 6.4088e+00	 2.4895e+00
174	 4.0000e-03	-1.0000e-02	 6.3427e+00	 2.1335e+00
175	 5.0000e-03	-1.0000e-02	 6.2737e+00	 1.7272e+00
176	 6.0000e-03	-1.0000e-02	 6.1955e+00	 1.3634e+00
177	 7.0000e-03	-1.0000e-02	 6.1363e+00	 9.3537e-01
178	 8.0000e-03	-1.0000e-02	 6.0245e+00	 3.9398e-01
179	 9.0000e-03	-1.0000e-02	 5.8937e+00	 9.6990e+00
180	 1.0000e-02	-1.0000e-02	 5.7556e+00	 8.9353e+00
181	 1.1000e-02	-1.0000e-02	 5.7441e+00	 7.8939e+00
182	 1.2000e-02	-1.0000e-02	 5.7609e+00	 7.0455e+00
183	 1.3000e-02	-1.0000e-02	 5.8053e+00	 6.1958e+00
184	 1.4000e-02	-1.0000e-02	 5.7698e+00	 5.3046e+00
185	 1.5000e-02	-1.0000e-02	 5.6863e+00	 4.3849e+00
186	-1.5000e-02	-9.0000e-03	 5.4516e+00	 3.4499e+00
187	-1.4000e-02	-9.0000e-03	 5.7615e+00	 4.4999e+00
188	-1.3000e-02	-9.0000e-03	 5.8989e+00	 5.3942e+00
189	-1.2000e-02	-9.0000e-03	 5.9437e+00	 6.2277e+00
190	-1.1000e-02	-9.0000e-03	 5.9361e+00	 6.9755e+00
191	-1.0000e-02	-9.0000e-03	 5.9420e+00	 7.8820e+00
192	-9.0000e-03	-9.0000e-03	 5.9749e+00	 8.8998e+00
193	-8.0000e-03	-9.0000e-03	 6.0143e+00	 9.7624e+00
194	-7.0000e-03	-9.0000e-03	 6.1501e+00	 5.7543e-01
195	-6.0000e-03	-9.0000e-03	 6.2702e+00	 1.1793e+00
196	-5.0000e-03	-9.0000e-03	 6.3181e+00	 1.6776e+00
197	-4.0000e-03	-9.0000e-03	 6.4187e+00	 2.1095e+00
198	-3.0000e-03	-9.0000e-03	 6.5248e+00	 2.4731e+00
199	-2.0000e-03	-9.0000e-03	 6.5738e+00	 2.8488e+00
200	-1.0000e-03	-9.0000e-03	 6.5886e+00	 3.1361e+00
201	 0.0000e+00	-9.0000e-03	 6.6218e+00	 3.3281e+00
202	 1.0000e-03	-9.0000e-03	 6.6261e+00	 3.4313e+00
203	 2.0000e-03	-9.0000e-03	 6.5985e+00	 3.3320e+00
204	 3.0000e-03	-9.0000e-03	 6.5439e+00	 3.0993e+00
205	 4.0000e-03	-9.0000e-03	 6.4805e+00	 2.8054e+00
206	 5.0000e-03	-9.0000e-03	 6.3818e+00	 2.4547e+00
207	 6.0000e-03	-9.0000e-03	 6.2960e+00	 2.0086e+00
208	 7.0000e-03	-9.0000e-03	 6.1997e+00	 1.5678e+00
209	 8.0000e-03	-9.0000e-03	 6.1047e+00	 1.0274e+00
210	 9.0000e-03	-9.0000e-03	 5.9351e+00	 3.6736e-01
211	 1.0000e-02	-9.0000e-03	 5.7645e+00	 9.5520e+00
212	 1.1000e-02	-9.0000e-03	 5.6873e+00	 8.5544e+00
213	 1.2000e-02	-9.0000e-03	 5.7425e+00	 7.6185e+00
214	 1.3000e-02	-9.0000e-03	 5.7918e+00	 6.7132e+00
215	 1.4000e-02	-9.0000e-03	 5.8141e+00	 5.8325e+00
216	 1.5000e-02	-9.0000e-03	 5.8020e+00	 4.9204e+00
217	-1.5000e-02	-8.0000e-03	 5.6077e+00	 3.8547e+00
218	-1.4000e-02	-8.0000e-03	 5.8483e+00	 4.8914e+00
219	-1.3000e-02	-8.0000e-03	 5.9397e+00	 5.8572e+00
220	-1.2000e-02	-8.0000e-03	 5.9847e+00	 6.6231e+00
221	-1.1000e-02	-8.0000e-03	 5.9601e+00	 7.4203e+00
222	-1.0000e-02	-8.0000e-03	 5.9640e+00	 8.4587e+00
223	-9.0000e-03	-8.0000e-03	 6.0357e+00	 9.4344e+00
224	-8.0000e-03	-8.0000e-03	 6.1284e+00	 3.6900e-01
225	-7.0000e-03	-8.0000e-03	 6.2277e+00	 1.1313e+00
226	-6.0000e-03	-8.0000e-03	 6.3230e+00	 1.7207e+00
227	-5.0000e-03	-8.0000e-03	 6.4062e+00	 2.2335e+00
228	-4.0000e-03	-8.0000e-03	 6.5054e+00	 2.6417e+00
229	-3.0000e-03	-8.0000e-03	 6.6251e+00	 3.0631e+00
230	-2.0000e-03	-8.0000e-03	 6.6800e+00	 3.4546e+00
231	-1.0000e-03	-8.0000e-03	 6.7007e+00	 3.6906e+00
232	 0.0000e+00	-8.0000e-03	 6.7168e+00	 3.8461e+00
233	 1.0000e-03	-8.0000e-03	 6.6997e+00	 3.9138e+00
234	 2.0000e-03	-8.0000e-03	 6.6629e+00	 3.8478e+00
235	 3.0000e-03	-8.0000e-03	 6.6284e+00	 3.6518e+00
236	 4.0000e-03	-8.0000e-03	 6.5774e+00	 3.3701e+00
237	 5.0000e-03	-8.0000e-03	 6.4946e+00	 3.0539e+00
238	 6.0000e-03	-8.0000e-03	 6.3956e+00	 2.5927e+00
239	 7.0000e-03	-8.0000e-03	 6.2727e+00	 2.1424e+00
240	 8.0000e-03	-8.0000e-03	 6.1659e+00	 1.6454e+00
241	 9.0000e-03	-8.0000e-03	 6.0354e+00	 9.4687e-01
242	 1.0000e-02	-8.0000e-03	 5.8845e+00	 2.6710e-01
243	 1.1000e-02	-8.0000e-03	 5.7619e+00	 9.0948e+00
244	 1.2000e-02	-8.0000e-03	 5.7681e+00	 8.1701e+00
245	 1.3000e-02	-8.0000e-03	 5.8224e+00	 7.1954e+00
246	 1.4000e-02	-8.0000e-03	 5.8322e+00	 6.2665e+00
247	 1.5000e-02	-8.0000e-03	 5.8418e+00	 5.4440e+00
248	-1.5000e-02	-7.0000e-03	 5.7313e+00	 4.3185e+00
249	-1.4000e-02	-7.0000e-03	 5.9371e+00	 5.2846e+00
250	-1.3000e-02	-7.0000e-03	 5.9775e+00	 6.1553e+00
251	-1.2000e-02	-7.0000e-03	 5.9890e+00	 7.0080e+00
252	-1.1000e-02	-7.0000e-03	 5.9956e+00	 7.9465e+00
253	-1.0000e-02	-7.0000e-03	 6.0557e+00	 8.8933e+00
254	-9.0000e-03	-7.0000e-03	 6.1001e+00	 9.7677e+00
255	-8.0000e-03	-7.0000e-03	 6.1721e+00	 9.0020e-01
256	-7.0000e-03	-7.0000e-03	 6.2849e+00	 1.6263e+00
257	-6.0000e-03	-7.0000e-03	 6.3924e+00	 2.2118e+00
258	-5.0000e-03	-7.0000e-03	 6.4939e+00	 2.7009e+00
259	-4.0000e-03	-7.0000e-03	 6.5958e+00	 3.1180e+00
260	-3.0000e-03	-7.0000e-03	 6.6849e+00	 3.5444e+00
261	-2.0000e-03	-7.0000e-03	 6.7408e+00	 3.8806e+00
262	-1.0000e-03	-7.0000e-03	 6.7447e+00	 4.1413e+00
263	 0.0000e+00	-7.0000e-03	 6.7733e+00	 4.2156e+00
264	 1.0000e-03	-7.0000e-03	 6.7625e+00	 4.2863e+00
265	 2.0000e-03	-7.0000e-03	 6.7270e+00	 4.1982e+00
266	 3.0000e-03	-7.0000e-03	 6.6981e+00	 4.0940e+00
267	 4.0000e-03	-7.0000e-03	 6.6425e+00	 3.8402e+00
268	 5.0000e-03	-7.0000e-03	 6.5814e+00	 3.5052e+00
269	 6.0000e-03	-7.0000e-03	 6.4683e+00	 3.0713e+00
270	 7.0000e-03	-7.0000e-03	 6.3444e+00	 2.6302e+00
271	 8.0000e-03	-7.0000e-03	 6.2543e+00	 2.0959e+00
272	 9.0000e-03	-7.0000e-03	 6.1586e+00	 1.4580e+00
273	 1.0000e-02	-7.0000e-03	 5.9910e+00	 5.7116e-01
274	 1.1000e-02	-7.0000e-03	 5.8559e+00	 9.5800e+00
275	 1.2000e-02	-7.0000e-03	 5.8178e+00	 8.5994e+00
276	 1.3000e-02	-7.0000e-03	 5.8132e+00	 7.5774e+00
277	 1.4000e-02	-7.0000e-03	 5.8687e+00	 6.6731e+00
278	 1.5000e-02	-7.0000e-03	 5.8835e+00	 5.8776e+00
279	-1.5000e-02	-6.0000e-03	 5.8270e+00	 4.6659e+00
280	-1.4000e-02	-6.0000e-03	 5.9644e+00	 5.6912e+00
281	-1.3000e-02	-6.0000e-03	 6.0140e+00	 6.4637e+00
282	-1.2000e-02	-6.0000e-03	 6.0087e+00	 7.2852e+00
283	-1.1000e-02	-6.0000e-03	 6.0278e+00	 8.2516e+00
284	-1.0000e-02	-6.0000e-03	 6.0896e+00	 9.3328e+00
285	-9.0000e-03	-6.0000e-03	 6.1323e+00	 3.5026e-01
286	-8.0000e-03	-6.0000e-03	 6.2257e+00	 1.3663e+00
287	-7.0000e-03	-6.0000e-03	 6.3151e+00	 2.0287e+00
288	-6.0000e-03	-6.0000e-03	 6.4482e+00	 2.5809e+00
289	-5.0000e-03	-6.0000e-03	 6.5580e+00	 3.0559e+00
290	-4.0000e-03	-6.0000e-03	 6.6451e+00	 3.4681e+00
291	-3.0000e-03	-6.0000e-03	 6.7316e+00	 3.9474e+00
292	-2.0000e-03	-6.0000e-03	 6.7858e+00	 4.2932e+00
293	-1.0000e-03	-6.0000e-03	 6.7949e+00	 4.5249e+00
294	 0.0000e+00	-6.0000e-03	 6.8266e+00	 4.5966e+00
295	 1.0000e-03	-6.0000e-03	 6.8256e+00	 4.6610e+00
296	 2.0000e-03	-6.0000e-03	 6.7990e+00	 4.5999e+00
297	 3.0000e-03	-6.0000e-03	 6.7438e+00	 4.4401e+00
298	 4.0000e-03	-6.0000e-03	 6.7053e+00	 4.2248e+00
299	 5.0000e-03	-6.0000e-03	 6.6392e+00	 3.8744e+00
300	 6.0000e-03	-6.0000e-03	 6.5330e+00	 3.4658e+00
301	 7.0000e-03	-6.0000e-03	 6.3953e+00	 2.9747e+00
302	 8.0000e-03	-6.0000e-03	 6.2954e+00	 2.4780e+00
303	 9.0000e-03	-6.0000e-03	 6.1757e+00	 1.8755e+00
304	 1.0000e-02	-6.0000e-03	 6.0456e+00	 1.0514e+00
305	 1.1000e-02	-6.0000e-03	 5.9423e+00	 3.1345e-01
306	 1.2000e-02	-6.0000e-03	 5.8181e+00	 8.9899e+00
307	 1.3000e-02	-6.0000e-03	 5.7938e+00	 7.9380e+00
308	 1.4000e-02	-6.0000e-03	 5.8194e+00	 7.0800e+00
309	 1.5000e-02	-6.0000e-03	 5.9029e+00	 6.1662e+00
310	-1.5000e-02	-5.0000e-03	 5.8608e+00	 5.0124e+00
311	-1.4000e-02	-5.0000e-03	 6.0439e+00	 5.9440e+00
312	-1.3000e-02	-5.0000e-03	 6.0508e+00	 6.7369e+00
313	-1.2000e-02	-5.0000e-03	 6.0285e+00	 7.5886e+00
314	-1.1000e-02	-5.0000e-03	 6.0475e+00	 8.6691e+00
315	-1.0000e-02	-5.0000e-03	 6.1090e+00	 9.6924e+00
316	-9.0000e-03	-5.0000e-03	 6.2227e+00	 7.5688e-01
317	-8.0000e-03	-5.0000e-03	 6.2678e+00	 1.7203e+00
318	-7.0000e-03	-5.0000e-03	 6.3654e+00	 2.4188e+00
319	-6.0000e-03	-5.0000e-03	 6.4992e+00	 2.8445e+00
320	-5.0000e-03	-5.0000e-03	 6.6234e+00	 3.2778e+00
321	-4.0000e-03	-5.0000e-03	 6.7092e+00	 3.7472e+00
322	-3.0000e-03	-5.0000e-03	 6.7707e+00	 4.2209e+00
323	-2.0000e-03	-5.0000e-03	 6.8065e+00	 4.5828e+00
324	-1.0000e-03	-5.0000e-03	 6.8319e+00	 4.8211e+00
325	 0.0000e+00	-5.0000e-03	 6.8759e+00	 4.9289e+00
326	 1.0000e-03	-5.0000e-03	 6.8976e+00	 4.9848e+00
327	 2.0000e-03	-5.0000e-03	 6.8598e+00	 4.9220e+00
328	 3.0000e-03	-5.0000e-03	 6.8010e+00	 4.7701e+00
329	 4.0000e-03	-5.0000e-03	 6.7398e+00	 4.5400e+00
330	 5.0000e-03	-5.0000e-03	 6.6866e+00	 4.1461e+00
331	 6.0000e-03	-5.0000e-03	 6.5843e+00	 3.7110e+00
332	 7.0000e-03	-5.0000e-03	 6.4423e+00	 3.1854e+00
333	 8.0000e-03	-5.0000e-03	 6.3381e+00	 2.7512e+00
334	 9.0000e-03	-5.0000e-03	 6.2352e+00	 2.2341e+00
335	 1.0000e-02	-5.0000e-03	 6.1438e+00	 1.4261e+00
336	 1.1000e-02	-5.0000e-03	 6.0377e+00	 4.8175e-01
337	 1.2000e-02	-5.0000e-03	 5.8717e+00	 9.3272e+00
338	 1.3000e-02	-5.0000e-03	 5.8184e+00	 8.2016e+00
339	 1.4000e-02	-5.0000e-03	 5.8447e+00	 7.2464e+00
340	 1.5000e-02	-5.0000e-03	 5.9601e+00	 6.4637e+00
341	-1.5000e-02	-4.0000e-03	 5.9233e+00	 5.1975e+00
342	-1.4000e-02	-4.0000e-03	 6.0659e+00	 6.1491e+00
343	-1.3000e-02	-4.0000e-03	 6.0620e+00	 7.0090e+00
344	-1.2000e-02	-4.0000e-03	 6.0265e+00	 7.8821e+00
345	-1.1000e-02	-4.0000e-03	 6.0666e+00	 8.9708e+00
346	-1.0000e-02	-4.0000e-03	 6.1557e+00	 9.6766e+00
347	-9.0000e-03	-4.0000e-03	 6.2415e+00	 1.0718e+00
348	-8.0000e-03	-4.0000e-03	 6.3223e+00	 2.0273e+00
349	-7.0000e-03	-4.0000e-03	 6.4075e+00	 2.6335e+00
350	-6.0000e-03	-4.0000e-03	 6.5432e+00	 3.0575e+00
351	-5.0000e-03	-4.0000e-03	 6.6974e+00	 3.4845e+00
352	-4.0000e-03	-4.0000e-03	 6.7825e+00	 3.9871e+00
353	-3.0000e-03	-4.0000e-03	 6.8141e+00	 4.4339e+00
354	-2.0000e-03	-4.0000e-03	 6.8555e+00	 4.8010e+00
355	-1.0000e-03	-4.0000e-03	 6.8920e+00	 5.0762e+00
356	 0.0000e+00	-4.0000e-03	 6.9328e+00	 5.1932e+00
357	 1.0000e-03	-4.0000e-03	 6.9476e+00	 5.2579e+00
358	 2.0000e-03	-4.0000e-03	 6.8914e+00	 5.1751e+00
359	 3.0000e-03	-4.0000e-03	 6.8453e+00	 5.0262e+00
360	 4.0000e-03	-4.0000e-03	 6.7845e+00	 4.7517e+00
361	 5.0000e-03	-4.0000e-03	 6.7566e+00	 4.3336e+00
362	 6.0000e-03	-4.0000e-03	 6.6658e+00	 3.8652e+00
363	 7.0000e-03	-4.0000e-03	 6.5041e+00	 3.3514e+00
364	 8.0000e-03	-4.0000e-03	 6.3628e+00	 2.9034e+00
365	 9.0000e-03	-4.0000e-03	 6.2691e+00	 2.5142e+00
366	 1.0000e-02	-4.0000e-03	 6.1889e+00	 1.7953e+00
367	 1.1000e-02	-4.0000e-03	 6.0544e+00	 8.3248e-01
368	 1.2000e-02	-4.0000e-03	 5.8940e+00	 9.6595e+00
369	 1.3000e-02	-4.0000e-03	 5.7944e+00	 8.4258e+00
370	 1.4000e-02	-4.0000e-03	 5.8888e+00	 7.4811e+00
371	 1.5000e-02	-4.0000e-03	 5.9519e+00	 6.6622e+00
372	-1.5000e-02	-3.0000e-03	 5.9870e+00	 5.3927e+00
373	-1.4000e-02	-3.0000e-03	 6.0912e+00	 6.3319e+00
374	-1.3000e-02	-3.0000e-03	 6.1031e+00	 7.1497e+00
375	-1.2000e-02	-3.0000e-03	 6.0459e+00	 8.0268e+00
376	-1.1000e-02	-3.0000e-03	 6.0636e+00	 9.1194e+00
377	-1.0000e-02	-3.0000e-03	 6.1721e+00	 2.5231e-01
378	-9.0000e-03	-3.0000e-03	 6.2701e+00	 1.2848e+00
379	-8.0000e-03	-3.0000e-03	 6.3601e+00	 2.2104e+00
380	-7.0000e-03	-3.0000e-03	 6.4473e+00	 2.7923e+00
381	-6.0000e-03	-3.0000e-03	 6.5998e+00	 3.1746e+00
382	-5.0000e-03	-3.0000e-03	 6.7556e+00	 3.6588e+00
383	-4.0000e-03	-3.0000e-03	 6.8095e+00	 4.1643e+00
384	-3.0000e-03	-3.0000e-03	 6.8470e+00	 4.6281e+00
385	-2.0000e-03	-3.0000e-03	 6.8973e+00	 5.0104e+00
386	-1.0000e-03	-3.0000e-03	 6.9285e+00	 5.2386e+00
387	 0.0000e+00	-3.0000e-03	 6.9775e+00	 5.3917e+00
388	 1.0000e-03	-3.0000e-03	 6.9900e+00	 5.4286e+00
389	 2.0000e-03	-3.0000e-03	 6.9508e+00	 5.3858e+00
390	 3.0000e-03	-3.0000e-03	 6.9048e+00	 5.1869e+00
391	 4.0000e-03	-3.0000e-03	 6.8460e+00	 4.9253e+00
392	 5.0000e-03	-3.0000e-03	 6.7944e+00	 4.5312e+00
393	 6.0000e-03	-3.0000e-03	 6.7336e+00	 4.0384e+00
394	 7.0000e-03	-3.0000e-03	 6.5455e+00	 3.4757e+00
395	 8.0000e-03	-3.0000e-03	 6.4071e+00	 3.0727e+00
396	 9.0000e-03	-3.0000e-03	 6.2947e+00	 2.7462e+00
397	 1.0000e-02	-3.0000e-03	 6.2185e+00	 2.0934e+00
398	 1.1000e-02	-3.0000e-03	 6.1304e+00	 1.1494e+00
399	 1.2000e-02	-3.0000e-03	 5.8920e+00	 9.8292e+00
400	 1.3000e-02	-3.0000e-03	 5.7629e+00	 8.6546e+00
401	 1.4000e-02	-3.0000e-03	 5.8569e+00	 7.5524e+00
402	 1.5000e-02	-3.0000e-03	 5.9476e+00	 6.8039e+00
403	-1.5000e-02	-2.0000e-03	 6.0153e+00	 5.5255e+00
404	-1.4000e-02	-2.0000e-03	 6.1018e+00	 6.4088e+00
405	-1.3000e-02	-2.0000e-03	 6.1031e+00	 7.2316e+00
406	-1.2000e-02	-2.0000e-03	 6.0416e+00	 8.1392e+00
407	-1.1000e-02	-2.0000e-03	 6.0534e+00	 9.2634e+00
408	-1.0000e-02	-2.0000e-03	 6.1231e+00	 3.9398e-01
409	-9.0000e-03	-2.0000e-03	 6.2707e+00	 1.4985e+00
410	-8.0000e-03	-2.0000e-03	 6.3864e+00	 2.3383e+00
411	-7.0000e-03	-2.0000e-03	 6.4864e+00	 2.9076e+00
412	-6.0000e-03	-2.0000e-03	 6.6277e+00	 3.3008e+00
413	-5.0000e-03	-2.0000e-03	 6.7730e+00	 3.7846e+00
414	-4.0000e-03	-2.0000e-03	 6.8263e+00	 4.2994e+00
415	-3.0000e-03	-2.0000e-03	 6.8578e+00	 4.7402e+00
416	-2.0000e-03	-2.0000e-03	 6.9176e+00	 5.1554e+00
417	-1.0000e-03	-2.0000e-03	 6.9620e+00	 5.3954e+00
418	 0.0000e+00	-2.0000e-03	 7.0002e+00	 5.5337e+00
419	 1.0000e-03	-2.0000e-03	 7.0159e+00	 5.6005e+00
420	 2.0000e-03	-2.0000e-03	 6.9887e+00	 5.5436e+00
421	 3.0000e-03	-2.0000e-03	 6.9403e+00	 5.3602e+00
422	 4.0000e-03	-2.0000e-03	 6.8812e+00	 5.0791e+00
423	 5.0000e-03	-2.0000e-03	 6.8325e+00	 4.7031e+00
424	 6.0000e-03	-2.0000e-03	 6.7339e+00	 4.1965e+00
425	 7.0000e-03	-2.0000e-03	 6.5603e+00	 3.6098e+00
426	 8.0000e-03	-2.0000e-03	 6.3874e+00	 3.1325e+00
427	 9.0000e-03	-2.0000e-03	 6.2750e+00	 2.8396e+00
428	 1.0000e-02	-2.0000e-03	 6.2536e+00	 2.2657e+00
429	 1.1000e-02	-2.0000e-03	 6.1475e+00	 1.3154e+00
430	 1.2000e-02	-2.0000e-03	 5.9174e+00	 2.8485e-01
431	 1.3000e-02	-2.0000e-03	 5.7796e+00	 8.8190e+00
432	 1.4000e-02	-2.0000e-03	 5.8289e+00	 7.7385e+00
433	 1.5000e-02	-2.0000e-03	 5.9443e+00	 6.8963e+00
434	-1.5000e-02	-1.0000e-03	 6.0206e+00	 5.5798e+00
435	-1.4000e-02	-1.0000e-03	 6.0857e+00	 6.4798e+00
436	-1.3000e-02	-1.0000e-03	 6.1005e+00	 7.3470e+00
437	-1.2000e-02	-1.0000e-03	 6.0530e+00	 8.2421e+00
438	-1.1000e-02	-1.0000e-03	 6.0350e+00	 9.3765e+00
439	-1.0000e-02	-1.0000e-03	 6.1507e+00	 4.5512e-01
440	-9.0000e-03	-1.0000e-03	 6.2734e+00	 1.5484e+00
441	-8.0000e-03	-1.0000e-03	 6.3937e+00	 2.4064e+00
442	-7.0000e-03	-1.0000e-03	 6.4979e+00	 2.9139e+00
443	-6.0000e-03	-1.0000e-03	 6.6405e+00	 3.3304e+00
444	-5.0000e-03	-1.0000e-03	 6.7655e+00	 3.8349e+00
445	-4.0000e-03	-1.0000e-03	 6.8154e+00	 4.3395e+00
446	-3.0000e-03	-1.0000e-03	 6.8499e+00	 4.7918e+00
447	-2.0000e-03	-1.0000e-03	 6.9107e+00	 5.1771e+00
448	-1.0000e-03	-1.0000e-03	 6.9617e+00	 5.4253e+00
449	 0.0000e+00	-1.0000e-03	 7.0225e+00	 5.5689e+00
450	 1.0000e-03	-1.0000e-03	 7.0389e+00	 5.6389e+00
451	 2.0000e-03	-1.0000e-03	 7.0074e+00	 5.6021e+00
452	 3.0000e-03	-1.0000e-03	 6.9492e+00	 5.4322e+00
453	 4.0000e-03	-1.0000e-03	 6.8930e+00	 5.1370e+00
454	 5.0000e-03	-1.0000e-03	 6.8151e+00	 4.7353e+00
455	 6.0000e-03	-1.0000e-03	 6.7290e+00	 4.2402e+00
456	 7.0000e-03	-1.0000e-03	 6.5531e+00	 3.6512e+00
457	 8.0000e-03	-1.0000e-03	 6.4055e+00	 3.1815e+00
458	 9.0000e-03	-1.0000e-03	 6.2908e+00	 2.8508e+00
459	 1.0000e-02	-1.0000e-03	 6.2734e+00	 2.2650e+00
460	 1.1000e-02	-1.0000e-03	 6.1603e+00	 1.3555e+00
461	 1.2000e-02	-1.0000e-03	 5.9736e+00	 3.1115e-01
462	 1.3000e-02	-1.0000e-03	 5.7750e+00	 9.0014e+00
463	 1.4000e-02	-1.0000e-03	 5.7790e+00	 7.8716e+00
464	 1.5000e-02	-1.0000e-03	 5.8930e+00	 6.9956e+00
465	-1.5000e-02	 0.0000e+00	 6.0005e+00	 5.5873e+00
466	-1.4000e-02	 0.0000e+00	 6.1221e+00	 6.4890e+00
467	-1.3000e-02	 0.0000e+00	 6.1208e+00	 7.3069e+00
468	-1.2000e-02	 0.0000e+00	 6.0528e+00	 8.2066e+00
469	-1.1000e-02	 0.0000e+00	 6.0400e+00	 9.3223e+00
470	-1.0000e-02	 0.0000e+00	 6.1159e+00	 4.7583e-01
471	-9.0000e-03	 0.0000e+00	 6.2296e+00	 1.5642e+00
472	-8.0000e-03	 0.0000e+00	 6.3887e+00	 2.3686e+00
473	-7.0000e-03	 0.0000e+00	 6.5054e+00	 2.8896e+00
474	-6.0000e-03	 0.0000e+00	 6.6248e+00	 3.3705e+00
475	-5.0000e-03	 0.0000e+00	 6.7470e+00	 3.8201e+00
476	-4.0000e-03	 0.0000e+00	 6.7839e+00	 4.3372e+00
477	-3.0000e-03	 0.0000e+00	 6.8194e+00	 4.7356e+00
478	-2.0000e-03	 0.0000e+00	 6.8798e+00	 5.0985e+00
479	-1.0000e-03	 0.0000e+00	 6.9357e+00	 5.3552e+00
480	 0.0000e+00	 0.0000e+00	 6.9959e+00	 5.5078e+00
481	 1.0000e-03	 0.0000e+00	 7.0288e+00	 5.5847e+00
482	 2.0000e-03	 0.0000e+00	 6.9933e+00	 5.5265e+00
483	 3.0000e-03	 0.0000e+00	 6.9206e+00	 5.3845e+00
484	 4.0000e-03	 0.0000e+00	 6.8562e+00	 5.0956e+00
485	 5.0000e-03	 0.0000e+00	 6.7704e+00	 4.6748e+00
486	 6.0000e-03	 0.0000e+00	 6.6892e+00	 4.2268e+00
487	 7.0000e-03	 0.0000e+00	 6.5462e+00	 3.6788e+00
488	 8.0000e-03	 0.0000e+00	 6.4157e+00	 3.2196e+00
489	 9.0000e-03	 0.0000e+00	 6.3355e+00	 2.7840e+00
490	 1.0000e-02	 0.0000e+00	 6.3010e+00	 2.2535e+00
491	 1.1000e-02	 0.0000e+00	 6.1895e+00	 1.3578e+00
492	 1.2000e-02	 0.0000e+00	 5.9415e+00	 3.2923e-01
493	 1.3000e-02	 0.0000e+00	 5.7800e+00	 8.9722e+00
494	 1.4000e-02	 0.0000e+00	 5.7980e+00	 7.8381e+00
495	 1.5000e-02	 0.0000e+00	 5.9170e+00	 6.9167e+00
496	-1.5000e-02	 1.0000e-03	 6.0239e+00	 5.5502e+00
497	-1.4000e-02	 1.0000e-03	 6.1070e+00	 6.3802e+00
498	-1.3000e-02	 1.0000e-03	 6.1491e+00	 7.2480e+00
499	-1.2000e-02	 1.0000e-03	 6.0502e+00	 8.1441e+00
500	-1.1000e-02	 1.0000e-03	 6.0071e+00	 9.3006e+00
501	-1.0000e-02	 1.0000e-03	 6.0860e+00	 4.4099e-01
502	-9.0000e-03	 1.0000e-03	 6.2201e+00	 1.4639e+00
503	-8.0000e-03	 1.0000e-03	 6.3684e+00	 2.2729e+00
504	-7.0000e-03	 1.0000e-03	 6.4860e+00	 2.8422e+00
505	-6.0000e-03	 1.0000e-03	 6.5948e+00	 3.3599e+00
506	-5.0000e-03	 1.0000e-03	 6.6895e+00	 3.8376e+00
507	-4.0000e-03	 1.0000e-03	 6.7329e+00	 4.2896e+00
508	-3.0000e-03	 1.0000e-03	 6.7954e+00	 4.6985e+00
509	-2.0000e-03	 1.0000e-03	 6.8345e+00	 5.0371e+00
510	-1.0000e-03	 1.0000e-03	 6.8937e+00	 5.2655e+00
511	 0.0000e+00	 1.0000e-03	 6.9525e+00	 5.3536e+00
512	 1.0000e-03	 1.0000e-03	 6.9880e+00	 5.3914e+00
513	 2.0000e-03	 1.0000e-03	 6.9443e+00	 5.3934e+00
514	 3.0000e-03	 1.0000e-03	 6.8884e+00	 5.2586e+00
515	 4.0000e-03	 1.0000e-03	 6.8079e+00	 5.0032e+00
516	 5.0000e-03	 1.0000e-03	 6.7352e+00	 4.6663e+00
517	 6.0000e-03	 1.0000e-03	 6.6415e+00	 4.1978e+00
518	 7.0000e-03	 1.0000e-03	 6.5189e+00	 3.7090e+00
519	 8.0000e-03	 1.0000e-03	 6.3904e+00	 3.2091e+00
520	 9.0000e-03	 1.0000e-03	 6.3174e+00	 2.7190e+00
521	 1.0000e-02	 1.0000e-03	 6.2980e+00	 2.1135e+00
522	 1.1000e-02	 1.0000e-03	 6.1682e+00	 1.2930e+00
523	 1.2000e-02	 1.0000e-03	 5.8930e+00	 2.7795e-01
524	 1.3000e-02	 1.0000e-03	 5.7676e+00	 8.9235e+00
525	 1.4000e-02	 1.0000e-03	 5.7842e+00	 7.7802e+00
526	 1.5000e-02	 1.0000e-03	 5.9072e+00	 6.8680e+00
527	-1.5000e-02	 2.0000e-03	 5.9887e+00	 5.4039e+00
528	-1.4000e-02	 2.0000e-03	 6.1185e+00	 6.2579e+00
529	-1.3000e-02	 2.0000e-03	 6.1235e+00	 7.0912e+00
530	-1.2000e-02	 2.0000e-03	 6.0403e+00	 8.0093e+00
531	-1.1000e-02	 2.0000e-03	 6.0193e+00	 9.1796e+00
532	-1.0000e-02	 2.0000e-03	 6.0594e+00	 3.0359e-01
533	-9.0000e-03	 2.0000e-03	 6.1902e+00	 1.3525e+00
534	-8.0000e-03	 2.0000e-03	 6.3516e+00	 2.1010e+00
535	-7.0000e-03	 2.0000e-03	 6.4551e+00	 2.7186e+00
536	-6.0000e-03	 2.0000e-03	 6.5741e+00	 3.2479e+00
537	-5.0000e-03	 2.0000e-03	 6.6609e+00	 3.7830e+00
538	-4.0000e-03	 2.0000e-03	 6.7155e+00	 4.2143e+00
539	-3.0000e-03	 2.0000e-03	 6.7585e+00	 4.5989e+00
540	-2.0000e-03	 2.0000e-03	 6.8013e+00	 4.9190e+00
541	-1.0000e-03	 2.0000e-03	 6.8368e+00	 5.1061e+00
542	 0.0000e+00	 2.0000e-03	 6.8963e+00	 5.1462e+00
543	 1.0000e-03	 2.0000e-03	 6.9295e+00	 5.1942e+00
544	 2.0000e-03	 2.0000e-03	 6.8992e+00	 5.2093e+00
545	 3.0000e-03	 2.0000e-03	 6.8259e+00	 5.1038e+00
546	 4.0000e-03	 2.0000e-03	 6.7763e+00	 4.8780e+00
547	 5.0000e-03	 2.0000e-03	 6.7063e+00	 4.6028e+00
548	 6.0000e-03	 2.0000e-03	 6.5932e+00	 4.1216e+00
549	 7.0000e-03	 2.0000e-03	 6.5179e+00	 3.6518e+00
550	 8.0000e-03	 2.0000e-03	 6.3943e+00	 3.1190e+00
551	 9.0000e-03	 2.0000e-03	 6.3167e+00	 2.6220e+00
552	 1.0000e-02	 2.0000e-03	 6.2421e+00	 1.9409e+00
553	 1.1000e-02	 2.0000e-03	 6.1254e+00	 1.1162e+00
554	 1.2000e-02	 2.0000e-03	 5.8805e+00	 3.7196e-01
555	 1.3000e-02	 2.0000e-03	 5.7412e+00	 8.8397e+00
556	 1.4000e-02	 2.0000e-03	 5.7865e+00	 7.6491e+00
557	 1.5000e-02	 2.0000e-03	 5.9151e+00	 6.7234e+00
558	-1.5000e-02	 3.0000e-03	 5.9155e+00	 5.2175e+00
559	-1.4000e-02	 3.0000e-03	 6.0531e+00	 6.1514e+00
560	-1.3000e-02	 3.0000e-03	 6.1218e+00	 6.8969e+00
561	-1.2000e-02	 3.0000e-03	 6.0469e+00	 7.8387e+00
562	-1.1000e-02	 3.0000e-03	 5.9785e+00	 8.9117e+00
563	-1.0000e-02	 3.0000e-03	 6.0393e+00	 2.4541e-01
564	-9.0000e-03	 3.0000e-03	 6.2004e+00	 1.1234e+00
565	-8.0000e-03	 3.0000e-03	 6.3424e+00	 1.9021e+00
566	-7.0000e-03	 3.0000e-03	 6.4473e+00	 2.4721e+00
567	-6.0000e-03	 3.0000e-03	 6.5455e+00	 3.0447e+00
568	-5.0000e-03	 3.0000e-03	 6.6254e+00	 3.5401e+00
569	-4.0000e-03	 3.0000e-03	 6.6770e+00	 4.0200e+00
570	-3.0000e-03	 3.0000e-03	 6.7244e+00	 4.3859e+00
571	-2.0000e-03	 3.0000e-03	 6.7602e+00	 4.7080e+00
572	-1.0000e-03	 3.0000e-03	 6.7904e+00	 4.9016e+00
573	 0.0000e+00	 3.0000e-03	 6.8282e+00	 4.9776e+00
574	 1.0000e-03	 3.0000e-03	 6.8440e+00	 5.0098e+00
575	 2.0000e-03	 3.0000e-03	 6.8276e+00	 5.0108e+00
576	 3.0000e-03	 3.0000e-03	 6.7908e+00	 4.9358e+00
577	 4.0000e-03	 3.0000e-03	 6.7385e+00	 4.7087e+00
578	 5.0000e-03	 3.0000e-03	 6.6580e+00	 4.3826e+00
579	 6.0000e-03	 3.0000e-03	 6.5728e+00	 3.9477e+00
580	 7.0000e-03	 3.0000e-03	 6.4660e+00	 3.4372e+00
581	 8.0000e-03	 3.0000e-03	 6.3878e+00	 2.9076e+00
582	 9.0000e-03	 3.0000e-03	 6.2921e+00	 2.3508e+00
583	 1.0000e-02	 3.0000e-03	 6.2303e+00	 1.7042e+00
584	 1.1000e-02	 3.0000e-03	 6.0673e+00	 8.4136e-01
585	 1.2000e-02	 3.0000e-03	 5.8158e+00	 9.7059e+00
586	 1.3000e-02	 3.0000e-03	 5.7385e+00	 8.6227e+00
587	 1.4000e-02	 3.0000e-03	 5.8148e+00	 7.5642e+00
588	 1.5000e-02	 3.0000e-03	 5.8687e+00	 6.6113e+00
589	-1.5000e-02	 4.0000e-03	 5.8431e+00	 5.1564e+00
590	-1.4000e-02	 4.0000e-03	 6.0387e+00	 5.9417e+00
591	-1.3000e-02	 4.0000e-03	 6.0534e+00	 6.6655e+00
592	-1.2000e-02	 4.0000e-03	 5.9936e+00	 7.6198e+00
593	-1.1000e-02	 4.0000e-03	 5.9492e+00	 8.6178e+00
594	-1.0000e-02	 4.0000e-03	 5.9660e+00	 9.7512e+00
595	-9.0000e-03	 4.0000e-03	 6.1412e+00	 8.4497e-01
596	-8.0000e-03	 4.0000e-03	 6.2882e+00	 1.6326e+00
597	-7.0000e-03	 4.0000e-03	 6.3933e+00	 2.2190e+00
598	-6.0000e-03	 4.0000e-03	 6.4841e+00	 2.7804e+00
599	-5.0000e-03	 4.0000e-03	 6.5639e+00	 3.2673e+00
600	-4.0000e-03	 4.0000e-03	 6.6257e+00	 3.7390e+00
601	-3.0000e-03	 4.0000e-03	 6.6793e+00	 4.1038e+00
602	-2.0000e-03	 4.0000e-03	 6.7296e+00	 4.4401e+00
603	-1.0000e-03	 4.0000e-03	 6.7513e+00	 4.6715e+00
604	 0.0000e+00	 4.0000e-03	 6.7615e+00	 4.7974e+00
605	 1.0000e-03	 4.0000e-03	 6.7809e+00	 4.8500e+00
606	 2.0000e-03	 4.0000e-03	 6.7694e+00	 4.8037e+00
607	 3.0000e-03	 4.0000e-03	 6.7487e+00	 4.6291e+00
608	 4.0000e-03	 4.0000e-03	 6.7066e+00	 4.4138e+00
609	 5.0000e-03	 4.0000e-03	 6.6208e+00	 4.0535e+00
610	 6.0000e-03	 4.0000e-03	 6.5426e+00	 3.5956e+00
611	 7.0000e-03	 4.0000e-03	 6.4482e+00	 3.1147e+00
612	 8.0000e-03	 4.0000e-03	 6.3572e+00	 2.6203e+00
613	 9.0000e-03	 4.0000e-03	 6.2740e+00	 2.0425e+00
614	 1.0000e-02	 4.0000e-03	 6.1629e+00	 1.3620e+00
615	 1.1000e-02	 4.0000e-03	 5.9420e+00	 5.3500e-01
616	 1.2000e-02	 4.0000e-03	 5.7852e+00	 9.5067e+00
617	 1.3000e-02	 4.0000e-03	 5.7379e+00	 8.3173e+00
618	 1.4000e-02	 4.0000e-03	 5.7724e+00	 7.3118e+00
619	 1.5000e-02	 4.0000e-03	 5.8957e+00	 6.4075e+00
620	-1.5000e-02	 5.0000e-03	 5.7320e+00	 4.7770e+00
621	-1.4000e-02	 5.0000e-03	 5.8950e+00	 5.6366e+00
622	-1.3000e-02	 5.0000e-03	 6.0061e+00	 6.4653e+00
623	-1.2000e-02	 5.0000e-03	 5.9542e+00	 7.2947e+00
624	-1.1000e-02	 5.0000e-03	 5.9584e+00	 8.3397e+00
625	-1.0000e-02	 5.0000e-03	 5.9492e+00	 9.3949e+00
626	-9.0000e-03	 5.0000e-03	 6.0630e+00	 4.4592e-01
627	-8.0000e-03	 5.0000e-03	 6.2339e+00	 1.2716e+00
628	-7.0000e-03	 5.0000e-03	 6.3279e+00	 1.8636e+00
629	-6.0000e-03	 5.0000e-03	 6.4249e+00	 2.4540e+00
630	-5.0000e-03	 5.0000e-03	 6.4995e+00	 2.9106e+00
631	-4.0000e-03	 5.0000e-03	 6.5616e+00	 3.3465e+00
632	-3.0000e-03	 5.0000e-03	 6.6234e+00	 3.6992e+00
633	-2.0000e-03	 5.0000e-03	 6.6895e+00	 4.0118e+00
634	-1.0000e-03	 5.0000e-03	 6.7201e+00	 4.3264e+00
635	 0.0000e+00	 5.0000e-03	 6.7244e+00	 4.5019e+00
636	 1.0000e-03	 5.0000e-03	 6.7316e+00	 4.5617e+00
637	 2.0000e-03	 5.0000e-03	 6.7198e+00	 4.4631e+00
638	 3.0000e-03	 5.0000e-03	 6.6892e+00	 4.2820e+00
639	 4.0000e-03	 5.0000e-03	 6.6425e+00	 3.9727e+00
640	 5.0000e-03	 5.0000e-03	 6.5784e+00	 3.5989e+00
641	 6.0000e-03	 5.0000e-03	 6.4851e+00	 3.1400e+00
642	 7.0000e-03	 5.0000e-03	 6.3808e+00	 2.7157e+00
643	 8.0000e-03	 5.0000e-03	 6.3010e+00	 2.2341e+00
644	 9.0000e-03	 5.0000e-03	 6.2191e+00	 1.6618e+00
645	 1.0000e-02	 5.0000e-03	 6.0465e+00	 9.6002e-01
646	 1.1000e-02	 5.0000e-03	 5.8565e+00	 3.6243e-01
647	 1.2000e-02	 5.0000e-03	 5.6800e+00	 9.0300e+00
648	 1.3000e-02	 5.0000e-03	 5.7159e+00	 7.9758e+00
649	 1.4000e-02	 5.0000e-03	 5.8000e+00	 7.0669e+00
650	 1.5000e-02	 5.0000e-03	 5.8740e+00	 6.1790e+00
651	-1.5000e-02	 6.0000e-03	 5.5939e+00	 4.3428e+00
652	-1.4000e-02	 6.0000e-03	 5.8588e+00	 5.2205e+00
653	-1.3000e-02	 6.0000e-03	 5.9210e+00	 6.0613e+00
654	-1.2000e-02	 6.0000e-03	 5.9476e+00	 6.8769e+00
655	-1.1000e-02	 6.0000e-03	 5.9197e+00	 7.9130e+00
656	-1.0000e-02	 6.0000e-03	 5.8858e+00	 9.0100e+00
657	-9.0000e-03	 6.0000e-03	 5.9854e+00	 9.7818e+00
658	-8.0000e-03	 6.0000e-03	 6.1337e+00	 7.9008e-01
659	-7.0000e-03	 6.0000e-03	 6.2329e+00	 1.4866e+00
660	-6.0000e-03	 6.0000e-03	 6.3509e+00	 2.0379e+00
661	-5.0000e-03	 6.0000e-03	 6.4262e+00	 2.5168e+00
662	-4.0000e-03	 6.0000e-03	 6.4956e+00	 2.8531e+00
663	-3.0000e-03	 6.0000e-03	 6.5616e+00	 3.1834e+00
664	-2.0000e-03	 6.0000e-03	 6.6188e+00	 3.5029e+00
665	-1.0000e-03	 6.0000e-03	 6.6573e+00	 3.8195e+00
666	 0.0000e+00	 6.0000e-03	 6.7125e+00	 4.0483e+00
667	 1.0000e-03	 6.0000e-03	 6.7050e+00	 4.1604e+00
668	 2.0000e-03	 6.0000e-03	 6.6563e+00	 4.0913e+00
669	 3.0000e-03	 6.0000e-03	 6.6083e+00	 3.7971e+00
670	 4.0000e-03	 6.0000e-03	 6.5557e+00	 3.4158e+00
671	 5.0000e-03	 6.0000e-03	 6.4851e+00	 3.0533e+00
672	 6.0000e-03	 6.0000e-03	 6.4357e+00	 2.6844e+00
673	 7.0000e-03	 6.0000e-03	 6.3523e+00	 2.3110e+00
674	 8.0000e-03	 6.0000e-03	 6.2592e+00	 1.8298e+00
675	 9.0000e-03	 6.0000e-03	 6.1198e+00	 1.2871e+00
676	 1.0000e-02	 6.0000e-03	 5.9397e+00	 6.0403e-01
677	 1.1000e-02	 6.0000e-03	 5.7004e+00	 9.6342e+00
678	 1.2000e-02	 6.0000e-03	 5.6705e+00	 8.5642e+00
679	 1.3000e-02	 6.0000e-03	 5.6817e+00	 7.5343e+00
680	 1.4000e-02	 6.0000e-03	 5.7892e+00	 6.6185e+00
681	 1.5000e-02	 6.0000e-03	 5.8815e+00	 5.8247e+00
682	-1.5000e-02	 7.0000e-03	 5.4115e+00	 4.0989e+00
683	-1.4000e-02	 7.0000e-03	 5.6856e+00	 4.8707e+00
684	-1.3000e-02	 7.0000e-03	 5.8651e+00	 5.8204e+00
685	-1.2000e-02	 7.0000e-03	 5.9167e+00	 6.5929e+00
686	-1.1000e-02	 7.0000e-03	 5.9183e+00	 7.4840e+00
687	-1.0000e-02	 7.0000e-03	 5.8717e+00	 8.5498e+00
688	-9.0000e-03	 7.0000e-03	 5.9101e+00	 9.3798e+00
689	-8.0000e-03	 7.0000e-03	 6.0364e+00	 3.2660e-01
690	-7.0000e-03	 7.0000e-03	 6.1353e+00	 9.9914e-01
691	-6.0000e-03	 7.0000e-03	 6.2421e+00	 1.5195e+00
692	-5.0000e-03	 7.0000e-03	 6.3358e+00	 2.0191e+00
693	-4.0000e-03	 7.0000e-03	 6.4200e+00	 2.3623e+00
694	-3.0000e-03	 7.0000e-03	 6.4627e+00	 2.6789e+00
695	-2.0000e-03	 7.0000e-03	 6.5192e+00	 2.9882e+00
696	-1.0000e-03	 7.0000e-03	 6.5771e+00	 3.3116e+00
697	 0.0000e+00	 7.0000e-03	 6.6218e+00	 3.4964e+00
698	 1.0000e-03	 7.0000e-03	 6.6211e+00	 3.5851e+00
699	 2.0000e-03	 7.0000e-03	 6.5482e+00	 3.5322e+00
700	 3.0000e-03	 7.0000e-03	 6.4469e+00	 3.2811e+00
701	 4.0000e-03	 7.0000e-03	 6.3687e+00	 2.8646e+00
702	 5.0000e-03	 7.0000e-03	 6.3670e+00	 2.4524e+00
703	 6.0000e-03	 7.0000e-03	 6.3789e+00	 2.1424e+00
704	 7.0000e-03	 7.0000e-03	 6.3121e+00	 1.7571e+00
705	 8.0000e-03	 7.0000e-03	 6.2224e+00	 1.3417e+00
706	 9.0000e-03	 7.0000e-03	 6.0308e+00	 8.0454e-01
707	 1.0000e-02	 7.0000e-03	 5.8296e+00	 4.5512e-01
708	 1.1000e-02	 7.0000e-03	 5.5909e+00	 9.2371e+00
709	 1.2000e-02	 7.0000e-03	 5.5896e+00	 8.0823e+00
710	 1.3000e-02	 7.0000e-03	 5.7352e+00	 7.0005e+00
711	 1.4000e-02	 7.0000e-03	 5.8220e+00	 6.1724e+00
712	 1.5000e-02	 7.0000e-03	 5.8079e+00	 5.4808e+00
713	-1.5000e-02	 8.0000e-03	 5.2247e+00	 3.4411e+00
714	-1.4000e-02	 8.0000e-03	 5.5633e+00	 4.4641e+00
715	-1.3000e-02	 8.0000e-03	 5.7908e+00	 5.4394e+00
716	-1.2000e-02	 8.0000e-03	 5.8792e+00	 6.2257e+00
717	-1.1000e-02	 8.0000e-03	 5.8960e+00	 7.0758e+00
718	-1.0000e-02	 8.0000e-03	 5.8408e+00	 8.0166e+00
719	-9.0000e-03	 8.0000e-03	 5.8345e+00	 8.9344e+00
720	-8.0000e-03	 8.0000e-03	 5.9101e+00	 9.7019e+00
721	-7.0000e-03	 8.0000e-03	 5.9962e+00	 4.9490e-01
722	-6.0000e-03	 8.0000e-03	 6.1149e+00	 1.0445e+00
723	-5.0000e-03	 8.0000e-03	 6.2070e+00	 1.5201e+00
724	-4.0000e-03	 8.0000e-03	 6.3059e+00	 1.8571e+00
725	-3.0000e-03	 8.0000e-03	 6.3726e+00	 2.1385e+00
726	-2.0000e-03	 8.0000e-03	 6.4341e+00	 2.4474e+00
727	-1.0000e-03	 8.0000e-03	 6.4703e+00	 2.7341e+00
728	 0.0000e+00	 8.0000e-03	 6.4785e+00	 2.9264e+00
729	 1.0000e-03	 8.0000e-03	 6.4650e+00	 3.0214e+00
730	 2.0000e-03	 8.0000e-03	 6.3647e+00	 2.9441e+00
731	 3.0000e-03	 8.0000e-03	 6.2960e+00	 2.7144e+00
732	 4.0000e-03	 8.0000e-03	 6.2359e+00	 2.3459e+00
733	 5.0000e-03	 8.0000e-03	 6.2375e+00	 1.9034e+00
734	 6.0000e-03	 8.0000e-03	 6.2497e+00	 1.5425e+00
735	 7.0000e-03	 8.0000e-03	 6.2290e+00	 1.2102e+00
736	 8.0000e-03	 8.0000e-03	 6.0955e+00	 7.9435e-01
737	 9.0000e-03	 8.0000e-03	 5.9295e+00	 3.7327e-01
738	 1.0000e-02	 8.0000e-03	 5.7076e+00	 9.6357e+00
739	 1.1000e-02	 8.0000e-03	 5.5094e+00	 8.6638e+00
740	 1.2000e-02	 8.0000e-03	 5.5863e+00	 7.4272e+00
741	 1.3000e-02	 8.0000e-03	 5.7375e+00	 6.4805e+00
742	 1.4000e-02	 8.0000e-03	 5.8460e+00	 5.7103e+00
743	 1.5000e-02	 8.0000e-03	 5.7596e+00	 5.1067e+00
744	-1.5000e-02	 9.0000e-03	 5.0295e+00	 2.3965e+00
745	-1.4000e-02	 9.0000e-03	 5.3257e+00	 3.8514e+00
746	-1.3000e-02	 9.0000e-03	 5.6544e+00	 4.9414e+00
747	-1.2000e-02	 9.0000e-03	 5.7934e+00	 5.7356e+00
748	-1.1000e-02	 9.0000e-03	 5.8227e+00	 6.5697e+00
749	-1.0000e-02	 9.0000e-03	 5.8684e+00	 7.4107e+00
750	-9.0000e-03	 9.0000e-03	 5.8141e+00	 8.3341e+00
751	-8.0000e-03	 9.0000e-03	 5.8184e+00	 9.1779e+00
752	-7.0000e-03	 9.0000e-03	 5.8753e+00	 9.7552e+00
753	-6.0000e-03	 9.0000e-03	 5.9762e+00	 3.9760e-01
754	-5.0000e-03	 9.0000e-03	 6.1044e+00	 8.2525e-01
755	-4.0000e-03	 9.0000e-03	 6.1784e+00	 1.2542e+00
756	-3.0000e-03	 9.0000e-03	 6.2674e+00	 1.5494e+00
757	-2.0000e-03	 9.0000e-03	 6.3075e+00	 1.8587e+00
758	-1.0000e-03	 9.0000e-03	 6.3052e+00	 2.0691e+00
759	 0.0000e+00	 9.0000e-03	 6.3029e+00	 2.2308e+00
760	 1.0000e-03	 9.0000e-03	 6.2461e+00	 2.2581e+00
761	 2.0000e-03	 9.0000e-03	 6.1642e+00	 2.1864e+00
762	 3.0000e-03	 9.0000e-03	 6.1412e+00	 2.0385e+00
763	 4.0000e-03	 9.0000e-03	 6.1432e+00	 1.6845e+00
764	 5.0000e-03	 9.0000e-03	 6.1488e+00	 1.3055e+00
765	 6.0000e-03	 9.0000e-03	 6.1425e+00	 9.6397e-01
766	 7.0000e-03	 9.0000e-03	 6.0942e+00	 6.2704e-01
767	 8.0000e-03	 9.0000e-03	 5.9601e+00	 3.1772e-01
768	 9.0000e-03	 9.0000e-03	 5.8095e+00	 9.6730e+00
769	 1.0000e-02	 9.0000e-03	 5.5926e+00	 9.0152e+00
770	 1.1000e-02	 9.0000e-03	 5.4828e+00	 7.9262e+00
771	 1.2000e-02	 9.0000e-03	 5.6113e+00	 6.7799e+00
772	 1.3000e-02	 9.0000e-03	 5.7645e+00	 5.9391e+00
773	 1.4000e-02	 9.0000e-03	 5.8069e+00	 5.2405e+00
774	 1.5000e-02	 9.0000e-03	 5.6688e+00	 4.6876e+00
775	-1.5000e-02	 1.0000e-02	 4.8244e+00	 1.5123e+00
776	-1.4000e-02	 1.0000e-02	 5.1087e+00	 3.1121e+00
777	-1.3000e-02	 1.0000e-02	 5.4844e+00	 4.2669e+00
778	-1.2000e-02	 1.0000e-02	 5.7116e+00	 5.1814e+00
779	-1.1000e-02	 1.0000e-02	 5.7773e+00	 6.0880e+00
780	-1.0000e-02	 1.0000e-02	 5.8072e+00	 6.8358e+00
781	-9.0000e-03	 1.0000e-02	 5.7957e+00	 7.6034e+00
782	-8.0000e-03	 1.0000e-02	 5.7921e+00	 8.3907e+00
783	-7.0000e-03	 1.0000e-02	 5.8082e+00	 9.0188e+00
784	-6.0000e-03	 1.0000e-02	 5.8723e+00	 9.6395e+00
785	-5.0000e-03	 1.0000e-02	 5.9542e+00	 3.2660e-01
786	-4.0000e-03	 1.0000e-02	 6.0511e+00	 5.5143e-01
787	-3.0000e-03	 1.0000e-02	 6.1553e+00	 8.3035e-01
788	-2.0000e-03	 1.0000e-02	 6.1530e+00	 1.1382e+00
789	-1.0000e-03	 1.0000e-02	 6.1317e+00	 1.3555e+00
790	 0.0000e+00	 1.0000e-02	 6.1077e+00	 1.5060e+00
791	 1.0000e-03	 1.0000e-02	 6.0166e+00	 1.4896e+00
792	 2.0000e-03	 1.0000e-02	 6.0032e+00	 1.3693e+00
793	 3.0000e-03	 1.0000e-02	 5.9887e+00	 1.1707e+00
794	 4.0000e-03	 1.0000e-02	 6.0225e+00	 9.0151e-01
795	 5.0000e-03	 1.0000e-02	 6.0525e+00	 5.8924e-01
796	 6.0000e-03	 1.0000e-02	 6.0311e+00	 2.9504e-01
797	 7.0000e-03	 1.0000e-02	 5.9542e+00	 9.7427e+00
798	 8.0000e-03	 1.0000e-02	 5.8365e+00	 9.5474e+00
799	 9.0000e-03	 1.0000e-02	 5.6665e+00	 8.9580e+00
800	 1.0000e-02	 1.0000e-02	 5.4131e+00	 8.1234e+00
801	 1.1000e-02	 1.0000e-02	 5.4545e+00	 6.9403e+00
802	 1.2000e-02	 1.0000e-02	 5.6386e+00	 6.0843e+00
803	 1.3000e-02	 1.0000e-02	 5.7750e+00	 5.3710e+00
804	 1.4000e-02	 1.0000e-02	 5.7704e+00	 4.7662e+00
805	 1.5000e-02	 1.0000e-02	 5.5357e+00	 4.2465e+00
806	-1.5000e-02	 1.1000e-02	 4.7576e+00	 8.9559e-01
807	-1.4000e-02	 1.1000e-02	 4.8924e+00	 2.4100e+00
808	-1.3000e-02	 1.1000e-02	 5.2888e+00	 3.6578e+00
809	-1.2000e-02	 1.1000e-02	 5.5360e+00	 4.6140e+00
810	-1.1000e-02	 1.1000e-02	 5.6475e+00	 5.3618e+00
811	-1.0000e-02	 1.1000e-02	 5.7175e+00	 6.1297e+00
812	-9.0000e-03	 1.1000e-02	 5.7159e+00	 6.8601e+00
813	-8.0000e-03	 1.1000e-02	 5.7103e+00	 7.4978e+00
814	-7.0000e-03	 1.1000e-02	 5.7563e+00	 8.0751e+00
815	-6.0000e-03	 1.1000e-02	 5.7445e+00	 8.6865e+00
816	-5.0000e-03	 1.1000e-02	 5.8204e+00	 9.1415e+00
817	-4.0000e-03	 1.1000e-02	 5.9331e+00	 9.6743e+00
818	-3.0000e-03	 1.1000e-02	 5.9893e+00	 5.7680e+00
819	-2.0000e-03	 1.1000e-02	 5.9838e+00	 3.4106e-01
820	-1.0000e-03	 1.1000e-02	 5.9614e+00	 5.2448e-01
821	 0.0000e+00	 1.1000e-02	 5.8533e+00	 5.9811e-01
822	 1.0000e-03	 1.1000e-02	 5.7721e+00	 6.4315e-01
823	 2.0000e-03	 1.1000e-02	 5.7974e+00	 4.1995e-01
824	 3.0000e-03	 1.1000e-02	 5.8003e+00	 3.2364e-01
825	 4.0000e-03	 1.1000e-02	 5.9029e+00	 4.6991e-01
826	 5.0000e-03	 1.1000e-02	 5.9065e+00	 9.7102e+00
827	 6.0000e-03	 1.1000e-02	 5.9012e+00	 9.5208e+00
828	 7.0000e-03	 1.1000e-02	 5.8270e+00	 9.1398e+00
829	 8.0000e-03	 1.1000e-02	 5.6899e+00	 8.6569e+00
830	 9.0000e-03	 1.1000e-02	 5.5515e+00	 7.9449e+00
831	 1.0000e-02	 1.1000e-02	 5.4568e+00	 7.1060e+00
832	 1.1000e-02	 1.1000e-02	 5.5505e+00	 6.1396e+00
833	 1.2000e-02	 1.1000e-02	 5.6958e+00	 5.4197e+00
834	 1.3000e-02	 1.1000e-02	 5.7339e+00	 4.7123e+00
835	 1.4000e-02	 1.1000e-02	 5.6458e+00	 4.2383e+00
836	 1.5000e-02	 1.1000e-02	 5.4157e+00	 3.7462e+00
837	-1.5000e-02	 1.2000e-02	 4.6886e+00	 7.7963e+00
838	-1.4000e-02	 1.2000e-02	 4.8000e+00	 1.7332e+00
839	-1.3000e-02	 1.2000e-02	 5.0456e+00	 2.8468e+00
840	-1.2000e-02	 1.2000e-02	 5.3865e+00	 3.8806e+00
841	-1.1000e-02	 1.2000e-02	 5.5301e+00	 4.7133e+00
842	-1.0000e-02	 1.2000e-02	 5.6366e+00	 5.3267e+00
843	-9.0000e-03	 1.2000e-02	 5.6656e+00	 6.0380e+00
844	-8.0000e-03	 1.2000e-02	 5.6958e+00	 6.5906e+00
845	-7.0000e-03	 1.2000e-02	 5.7057e+00	 7.1188e+00
846	-6.0000e-03	 1.2000e-02	 5.6889e+00	 7.6579e+00
847	-5.0000e-03	 1.2000e-02	 5.7136e+00	 8.2917e+00
848	-4.0000e-03	 1.2000e-02	 5.8273e+00	 8.7937e+00
849	-3.0000e-03	 1.2000e-02	 5.8602e+00	 9.1730e+00
850	-2.0000e-03	 1.2000e-02	 5.8789e+00	 9.4212e+00
851	-1.0000e-03	 1.2000e-02	 5.7556e+00	 9.5290e+00
852	 0.0000e+00	 1.2000e-02	 5.6905e+00	 9.5632e+00
853	 1.0000e-03	 1.2000e-02	 5.6537e+00	 9.4090e+00
854	 2.0000e-03	 1.2000e-02	 5.6721e+00	 9.3676e+00
855	 3.0000e-03	 1.2000e-02	 5.7027e+00	 9.1684e+00
856	 4.0000e-03	 1.2000e-02	 5.8049e+00	 9.0981e+00
857	 5.0000e-03	 1.2000e-02	 5.8342e+00	 8.8361e+00
858	 6.0000e-03	 1.2000e-02	 5.8194e+00	 8.5458e+00
859	 7.0000e-03	 1.2000e-02	 5.7172e+00	 8.1543e+00
860	 8.0000e-03	 1.2000e-02	 5.6192e+00	 7.6234e+00
861	 9.0000e-03	 1.2000e-02	 5.5584e+00	 6.9426e+00
862	 1.0000e-02	 1.2000e-02	 5.5236e+00	 6.1202e+00
863	 1.1000e-02	 1.2000e-02	 5.6174e+00	 5.2806e+00
864	 1.2000e-02	 1.2000e-02	 5.6363e+00	 4.6672e+00
865	 1.3000e-02	 1.2000e-02	 5.5960e+00	 4.1305e+00
866	 1.4000e-02	 1.2000e-02	 5.4539e+00	 3.5914e+00
867	 1.5000e-02	 1.2000e-02	 5.2001e+00	 3.2623e+00
868	-1.5000e-02	 1.3000e-02	 4.6048e+00	 8.4682e+00
869	-1.4000e-02	 1.3000e-02	 4.6147e+00	 1.6704e+00
870	-1.3000e-02	 1.3000e-02	 4.8730e+00	 2.0888e+00
871	-1.2000e-02	 1.3000e-02	 5.2126e+00	 2.9915e+00
872	-1.1000e-02	 1.3000e-02	 5.3746e+00	 3.9401e+00
873	-1.0000e-02	 1.3000e-02	 5.5268e+00	 4.6041e+00
874	-9.0000e-03	 1.3000e-02	 5.6067e+00	 5.1889e+00
875	-8.0000e-03	 1.3000e-02	 5.6669e+00	 5.7800e+00
876	-7.0000e-03	 1.3000e-02	 5.6840e+00	 6.2855e+00
877	-6.0000e-03	 1.3000e-02	 5.6988e+00	 6.7138e+00
878	-5.0000e-03	 1.3000e-02	 5.7060e+00	 7.3818e+00
879	-4.0000e-03	 1.3000e-02	 5.7119e+00	 7.8986e+00
880	-3.0000e-03	 1.3000e-02	 5.7934e+00	 8.2855e+00
881	-2.0000e-03	 1.3000e-02	 5.7329e+00	 8.4810e+00
882	-1.0000e-03	 1.3000e-02	 5.7270e+00	 8.6125e+00
883	 0.0000e+00	 1.3000e-02	 5.6787e+00	 8.5629e+00
884	 1.0000e-03	 1.3000e-02	 5.6447e+00	 8.3568e+00
885	 2.0000e-03	 1.3000e-02	 5.7103e+00	 8.2526e+00
886	 3.0000e-03	 1.3000e-02	 5.7398e+00	 8.1559e+00
887	 4.0000e-03	 1.3000e-02	 5.7698e+00	 8.1043e+00
888	 5.0000e-03	 1.3000e-02	 5.7520e+00	 7.9071e+00
889	 6.0000e-03	 1.3000e-02	 5.7477e+00	 7.6606e+00
890	 7.0000e-03	 1.3000e-02	 5.6646e+00	 7.2710e+00
891	 8.0000e-03	 1.3000e-02	 5.5755e+00	 6.7464e+00
892	 9.0000e-03	 1.3000e-02	 5.4782e+00	 6.0396e+00
893	 1.0000e-02	 1.3000e-02	 5.5094e+00	 5.2481e+00
894	 1.1000e-02	 1.3000e-02	 5.5347e+00	 4.4638e+00
895	 1.2000e-02	 1.3000e-02	 5.5268e+00	 3.9536e+00
896	 1.3000e-02	 1.3000e-02	 5.5051e+00	 3.4704e+00
897	 1.4000e-02	 1.3000e-02	 5.2609e+00	 2.9918e+00
898	 1.5000e-02	 1.3000e-02	 4.8957e+00	 2.4373e+00
899	-1.5000e-02	 1.4000e-02	 4.5285e+00	 7.3366e+00
900	-1.4000e-02	 1.4000e-02	 4.4332e+00	 7.9597e+00
901	-1.3000e-02	 1.4000e-02	 4.5328e+00	 1.4820e+00
902	-1.2000e-02	 1.4000e-02	 4.8796e+00	 2.1365e+00
903	-1.1000e-02	 1.4000e-02	 5.1689e+00	 3.0717e+00
904	-1.0000e-02	 1.4000e-02	 5.3822e+00	 3.7800e+00
905	-9.0000e-03	 1.4000e-02	 5.5035e+00	 4.3540e+00
906	-8.0000e-03	 1.4000e-02	 5.5686e+00	 4.8635e+00
907	-7.0000e-03	 1.4000e-02	 5.6169e+00	 5.3313e+00
908	-6.0000e-03	 1.4000e-02	 5.6373e+00	 5.9174e+00
909	-5.0000e-03	 1.4000e-02	 5.5752e+00	 6.4354e+00
910	-4.0000e-03	 1.4000e-02	 5.6110e+00	 7.0054e+00
911	-3.0000e-03	 1.4000e-02	 5.6209e+00	 7.3940e+00
912	-2.0000e-03	 1.4000e-02	 5.6195e+00	 7.5587e+00
913	-1.0000e-03	 1.4000e-02	 5.6278e+00	 7.5669e+00
914	 0.0000e+00	 1.4000e-02	 5.6794e+00	 7.4732e+00
915	 1.0000e-03	 1.4000e-02	 5.6879e+00	 7.3460e+00
916	 2.0000e-03	 1.4000e-02	 5.7520e+00	 7.3016e+00
917	 3.0000e-03	 1.4000e-02	 5.7316e+00	 7.1974e+00
918	 4.0000e-03	 1.4000e-02	 5.6846e+00	 7.1573e+00
919	 5.0000e-03	 1.4000e-02	 5.6485e+00	 7.0547e+00
920	 6.0000e-03	 1.4000e-02	 5.6090e+00	 6.8585e+00
921	 7.0000e-03	 1.4000e-02	 5.5600e+00	 6.3536e+00
922	 8.0000e-03	 1.4000e-02	 5.4529e+00	 5.8703e+00
923	 9.0000e-03	 1.4000e-02	 5.3842e+00	 5.0561e+00
924	 1.0000e-02	 1.4000e-02	 5.4263e+00	 4.3237e+00
925	 1.1000e-02	 1.4000e-02	 5.4075e+00	 3.5210e+00
926	 1.2000e-02	 1.4000e-02	 5.3691e+00	 2.8965e+00
927	 1.3000e-02	 1.4000e-02	 5.2783e+00	 2.5115e+00
928	 1.4000e-02	 1.4000e-02	 5.0200e+00	 1.9725e+00
929	 1.5000e-02	 1.4000e-02	 4.5995e+00	 1.6730e+00
930	-1.5000e-02	 1.5000e-02	 4.5456e+00	 6.4187e+00
931	-1.4000e-02	 1.5000e-02	 4.5808e+00	 7.6182e+00
932	-1.3000e-02	 1.5000e-02	 4.6058e+00	 8.7000e+00
933	-1.2000e-02	 1.5000e-02	 4.5673e+00	 1.4214e+00
934	-1.1000e-02	 1.5000e-02	 4.9276e+00	 1.6955e+00
935	-1.0000e-02	 1.5000e-02	 5.1051e+00	 2.6734e+00
936	-9.0000e-03	 1.5000e-02	 5.3148e+00	 3.2857e+00
937	-8.0000e-03	 1.5000e-02	 5.4387e+00	 3.7876e+00
938	-7.0000e-03	 1.5000e-02	 5.5019e+00	 4.3609e+00
939	-6.0000e-03	 1.5000e-02	 5.4940e+00	 4.7994e+00
940	-5.0000e-03	 1.5000e-02	 5.4611e+00	 5.3319e+00
941	-4.0000e-03	 1.5000e-02	 5.3737e+00	 5.9604e+00
942	-3.0000e-03	 1.5000e-02	 5.3865e+00	 6.3394e+00
943	-2.0000e-03	 1.5000e-02	 5.4463e+00	 6.6734e+00
944	-1.0000e-03	 1.5000e-02	 5.4381e+00	 6.5994e+00
945	 0.0000e+00	 1.5000e-02	 5.4815e+00	 6.4085e+00
946	 1.0000e-03	 1.5000e-02	 5.6281e+00	 6.4338e+00
947	 2.0000e-03	 1.5000e-02	 5.6297e+00	 6.3299e+00
948	 3.0000e-03	 1.5000e-02	 5.5900e+00	 6.3383e+00
949	 4.0000e-03	 1.5000e-02	 5.5489e+00	 6.2586e+00
950	 5.0000e-03	 1.5000e-02	 5.4910e+00	 6.1011e+00
951	 6.0000e-03	 1.5000e-02	 5.4535e+00	 5.8286e+00
952	 7.0000e-03	 1.5000e-02	 5.3306e+00	 5.2813e+00
953	 8.0000e-03	 1.5000e-02	 5.2750e+00	 4.6791e+00
954	 9.0000e-03	 1.5000e-02	 5.2793e+00	 3.8622e+00
955	 1.0000e-02	 1.5000e-02	 5.2981e+00	 3.0694e+00
956	 1.1000e-02	 1.5000e-02	 5.3257e+00	 2.3965e+00
957	 1.2000e-02	 1.5000e-02	 5.3151e+00	 1.8965e+00
958	 1.3000e-02	 1.5000e-02	 5.1386e+00	 1.4708e+00
959	 1.4000e-02	 1.5000e-02	 4.8924e+00	 1.1252e+00
960	 1.5000e-02	 1.5000e-02	 4.3583e+00	 5.9101e+00
