	x (m)	y (m)	Mesure ch1 (V)	Mesure ch2 (V)
0	-6.0000e-03	-6.0000e-03	 5.4986e+00	 8.2755e-01
1	-5.6000e-03	-6.0000e-03	 5.5374e+00	 7.3781e-01
2	-5.2000e-03	-6.0000e-03	 5.7704e+00	 1.1296e+00
3	-4.8000e-03	-6.0000e-03	 5.9713e+00	 1.4521e+00
4	-4.4000e-03	-6.0000e-03	 6.1304e+00	 1.6937e+00
5	-4.0000e-03	-6.0000e-03	 6.2704e+00	 1.9734e+00
6	-3.6000e-03	-6.0000e-03	 6.3598e+00	 2.1306e+00
7	-3.2000e-03	-6.0000e-03	 6.4486e+00	 2.2381e+00
8	-2.8000e-03	-6.0000e-03	 6.4992e+00	 2.3423e+00
9	-2.4000e-03	-6.0000e-03	 6.5715e+00	 2.4182e+00
10	-2.0000e-03	-6.0000e-03	 6.6060e+00	 2.4642e+00
11	-1.6000e-03	-6.0000e-03	 6.6409e+00	 2.4797e+00
12	-1.2000e-03	-6.0000e-03	 6.6356e+00	 2.5359e+00
13	-8.0000e-04	-6.0000e-03	 6.6251e+00	 2.5395e+00
14	-4.0000e-04	-6.0000e-03	 6.6156e+00	 2.5234e+00
15	 0.0000e+00	-6.0000e-03	 6.5636e+00	 2.4915e+00
16	 4.0000e-04	-6.0000e-03	 6.5291e+00	 2.4004e+00
17	 8.0000e-04	-6.0000e-03	 6.4519e+00	 2.3321e+00
18	 1.2000e-03	-6.0000e-03	 6.3457e+00	 2.2397e+00
19	 1.6000e-03	-6.0000e-03	 6.2421e+00	 2.1143e+00
20	 2.0000e-03	-6.0000e-03	 6.0617e+00	 1.8899e+00
21	 2.4000e-03	-6.0000e-03	 5.9032e+00	 1.5609e+00
22	 2.8000e-03	-6.0000e-03	 5.7661e+00	 1.0698e+00
23	 3.2000e-03	-6.0000e-03	 5.6038e+00	 6.6846e-01
24	 3.6000e-03	-6.0000e-03	 5.4910e+00	 6.5169e-01
25	 4.0000e-03	-6.0000e-03	 5.3605e+00	 9.3420e+00
26	 4.4000e-03	-6.0000e-03	 5.3566e+00	 8.7259e+00
27	 4.8000e-03	-6.0000e-03	 5.4131e+00	 8.3285e+00
28	 5.2000e-03	-6.0000e-03	 5.4154e+00	 7.8660e+00
29	 5.6000e-03	-6.0000e-03	 5.4266e+00	 7.7766e+00
30	 6.0000e-03	-6.0000e-03	 5.3487e+00	 7.4706e+00
31	-6.0000e-03	-5.6000e-03	 5.4233e+00	 6.5761e-01
32	-5.6000e-03	-5.6000e-03	 5.7034e+00	 1.3558e+00
33	-5.2000e-03	-5.6000e-03	 5.9453e+00	 1.7285e+00
34	-4.8000e-03	-5.6000e-03	 6.1498e+00	 1.9330e+00
35	-4.4000e-03	-5.6000e-03	 6.3204e+00	 2.1634e+00
36	-4.0000e-03	-5.6000e-03	 6.4190e+00	 2.3676e+00
37	-3.6000e-03	-5.6000e-03	 6.5048e+00	 2.4839e+00
38	-3.2000e-03	-5.6000e-03	 6.5672e+00	 2.6233e+00
39	-2.8000e-03	-5.6000e-03	 6.6494e+00	 2.7245e+00
40	-2.4000e-03	-5.6000e-03	 6.7086e+00	 2.8245e+00
41	-2.0000e-03	-5.6000e-03	 6.7401e+00	 2.8567e+00
42	-1.6000e-03	-5.6000e-03	 6.7651e+00	 2.8919e+00
43	-1.2000e-03	-5.6000e-03	 6.7579e+00	 2.9510e+00
44	-8.0000e-04	-5.6000e-03	 6.7585e+00	 2.9251e+00
45	-4.0000e-04	-5.6000e-03	 6.7257e+00	 2.9155e+00
46	 0.0000e+00	-5.6000e-03	 6.6981e+00	 2.8610e+00
47	 4.0000e-04	-5.6000e-03	 6.6557e+00	 2.7512e+00
48	 8.0000e-04	-5.6000e-03	 6.5971e+00	 2.7397e+00
49	 1.2000e-03	-5.6000e-03	 6.5031e+00	 2.6706e+00
50	 1.6000e-03	-5.6000e-03	 6.3776e+00	 2.5352e+00
51	 2.0000e-03	-5.6000e-03	 6.2241e+00	 2.4047e+00
52	 2.4000e-03	-5.6000e-03	 6.0794e+00	 2.0277e+00
53	 2.8000e-03	-5.6000e-03	 5.9502e+00	 1.7009e+00
54	 3.2000e-03	-5.6000e-03	 5.7500e+00	 1.2805e+00
55	 3.6000e-03	-5.6000e-03	 5.5650e+00	 7.6444e-01
56	 4.0000e-03	-5.6000e-03	 5.3398e+00	 6.4709e-01
57	 4.4000e-03	-5.6000e-03	 5.3263e+00	 9.2371e+00
58	 4.8000e-03	-5.6000e-03	 5.4144e+00	 8.6107e+00
59	 5.2000e-03	-5.6000e-03	 5.4644e+00	 8.3617e+00
60	 5.6000e-03	-5.6000e-03	 5.4207e+00	 8.0314e+00
61	 6.0000e-03	-5.6000e-03	 5.3319e+00	 7.8164e+00
62	-6.0000e-03	-5.2000e-03	 5.5265e+00	 1.3420e+00
63	-5.6000e-03	-5.2000e-03	 5.8634e+00	 1.8479e+00
64	-5.2000e-03	-5.2000e-03	 6.0771e+00	 2.1608e+00
65	-4.8000e-03	-5.2000e-03	 6.2668e+00	 2.3350e+00
66	-4.4000e-03	-5.2000e-03	 6.4499e+00	 2.4846e+00
67	-4.0000e-03	-5.2000e-03	 6.5301e+00	 2.7387e+00
68	-3.6000e-03	-5.2000e-03	 6.6123e+00	 2.8767e+00
69	-3.2000e-03	-5.2000e-03	 6.7115e+00	 2.9987e+00
70	-2.8000e-03	-5.2000e-03	 6.7572e+00	 3.0986e+00
71	-2.4000e-03	-5.2000e-03	 6.8207e+00	 3.1749e+00
72	-2.0000e-03	-5.2000e-03	 6.8509e+00	 3.2367e+00
73	-1.6000e-03	-5.2000e-03	 6.8624e+00	 3.2676e+00
74	-1.2000e-03	-5.2000e-03	 6.8562e+00	 3.3284e+00
75	-8.0000e-04	-5.2000e-03	 6.8463e+00	 3.3129e+00
76	-4.0000e-04	-5.2000e-03	 6.8279e+00	 3.2903e+00
77	 0.0000e+00	-5.2000e-03	 6.7911e+00	 3.2686e+00
78	 4.0000e-04	-5.2000e-03	 6.7549e+00	 3.1936e+00
79	 8.0000e-04	-5.2000e-03	 6.6967e+00	 3.1266e+00
80	 1.2000e-03	-5.2000e-03	 6.5939e+00	 3.0588e+00
81	 1.6000e-03	-5.2000e-03	 6.4785e+00	 2.9379e+00
82	 2.0000e-03	-5.2000e-03	 6.3427e+00	 2.7748e+00
83	 2.4000e-03	-5.2000e-03	 6.2007e+00	 2.5293e+00
84	 2.8000e-03	-5.2000e-03	 6.0673e+00	 2.1490e+00
85	 3.2000e-03	-5.2000e-03	 5.9295e+00	 1.8604e+00
86	 3.6000e-03	-5.2000e-03	 5.6761e+00	 1.4480e+00
87	 4.0000e-03	-5.2000e-03	 5.4187e+00	 7.0396e-01
88	 4.4000e-03	-5.2000e-03	 5.3464e+00	 9.3561e+00
89	 4.8000e-03	-5.2000e-03	 5.4785e+00	 8.9935e+00
90	 5.2000e-03	-5.2000e-03	 5.5232e+00	 8.6365e+00
91	 5.6000e-03	-5.2000e-03	 5.4243e+00	 8.5399e+00
92	 6.0000e-03	-5.2000e-03	 5.2159e+00	 8.2388e+00
93	-6.0000e-03	-4.8000e-03	 5.7451e+00	 1.8630e+00
94	-5.6000e-03	-4.8000e-03	 5.9985e+00	 2.2016e+00
95	-5.2000e-03	-4.8000e-03	 6.2139e+00	 2.5145e+00
96	-4.8000e-03	-4.8000e-03	 6.4210e+00	 2.6838e+00
97	-4.4000e-03	-4.8000e-03	 6.5505e+00	 2.8600e+00
98	-4.0000e-03	-4.8000e-03	 6.6550e+00	 3.0667e+00
99	-3.6000e-03	-4.8000e-03	 6.7332e+00	 3.2252e+00
100	-3.2000e-03	-4.8000e-03	 6.8039e+00	 3.3494e+00
101	-2.8000e-03	-4.8000e-03	 6.8598e+00	 3.4382e+00
102	-2.4000e-03	-4.8000e-03	 6.8996e+00	 3.5578e+00
103	-2.0000e-03	-4.8000e-03	 6.9459e+00	 3.6443e+00
104	-1.6000e-03	-4.8000e-03	 6.9522e+00	 3.6910e+00
105	-1.2000e-03	-4.8000e-03	 6.9581e+00	 3.7271e+00
106	-8.0000e-04	-4.8000e-03	 6.9387e+00	 3.7488e+00
107	-4.0000e-04	-4.8000e-03	 6.9163e+00	 3.7189e+00
108	 0.0000e+00	-4.8000e-03	 6.8986e+00	 3.6666e+00
109	 4.0000e-04	-4.8000e-03	 6.8263e+00	 3.5831e+00
110	 8.0000e-04	-4.8000e-03	 6.7681e+00	 3.5105e+00
111	 1.2000e-03	-4.8000e-03	 6.6652e+00	 3.4129e+00
112	 1.6000e-03	-4.8000e-03	 6.5672e+00	 3.2393e+00
113	 2.0000e-03	-4.8000e-03	 6.4443e+00	 3.0805e+00
114	 2.4000e-03	-4.8000e-03	 6.3204e+00	 2.8340e+00
115	 2.8000e-03	-4.8000e-03	 6.1961e+00	 2.5995e+00
116	 3.2000e-03	-4.8000e-03	 6.0393e+00	 2.2736e+00
117	 3.6000e-03	-4.8000e-03	 5.7895e+00	 1.8788e+00
118	 4.0000e-03	-4.8000e-03	 5.5009e+00	 1.4495e+00
119	 4.4000e-03	-4.8000e-03	 5.2556e+00	 7.0264e-01
120	 4.8000e-03	-4.8000e-03	 5.4779e+00	 9.2406e+00
121	 5.2000e-03	-4.8000e-03	 5.5245e+00	 9.0382e+00
122	 5.6000e-03	-4.8000e-03	 5.5002e+00	 8.7618e+00
123	 6.0000e-03	-4.8000e-03	 5.3027e+00	 8.5432e+00
124	-6.0000e-03	-4.4000e-03	 5.9151e+00	 2.1815e+00
125	-5.6000e-03	-4.4000e-03	 6.2001e+00	 2.5280e+00
126	-5.2000e-03	-4.4000e-03	 6.4075e+00	 2.7377e+00
127	-4.8000e-03	-4.4000e-03	 6.5699e+00	 2.9221e+00
128	-4.4000e-03	-4.4000e-03	 6.6770e+00	 3.0950e+00
129	-4.0000e-03	-4.4000e-03	 6.7684e+00	 3.2873e+00
130	-3.6000e-03	-4.4000e-03	 6.8213e+00	 3.4507e+00
131	-3.2000e-03	-4.4000e-03	 6.8739e+00	 3.6433e+00
132	-2.8000e-03	-4.4000e-03	 6.9318e+00	 3.7945e+00
133	-2.4000e-03	-4.4000e-03	 6.9840e+00	 3.8994e+00
134	-2.0000e-03	-4.4000e-03	 7.0123e+00	 4.0072e+00
135	-1.6000e-03	-4.4000e-03	 7.0432e+00	 4.0756e+00
136	-1.2000e-03	-4.4000e-03	 7.0488e+00	 4.1328e+00
137	-8.0000e-04	-4.4000e-03	 7.0261e+00	 4.1226e+00
138	-4.0000e-04	-4.4000e-03	 7.0205e+00	 4.0969e+00
139	 0.0000e+00	-4.4000e-03	 6.9739e+00	 4.0220e+00
140	 4.0000e-04	-4.4000e-03	 6.9173e+00	 3.9444e+00
141	 8.0000e-04	-4.4000e-03	 6.8279e+00	 3.8542e+00
142	 1.2000e-03	-4.4000e-03	 6.7355e+00	 3.7436e+00
143	 1.6000e-03	-4.4000e-03	 6.6333e+00	 3.5259e+00
144	 2.0000e-03	-4.4000e-03	 6.5248e+00	 3.3202e+00
145	 2.4000e-03	-4.4000e-03	 6.4568e+00	 3.0460e+00
146	 2.8000e-03	-4.4000e-03	 6.3414e+00	 2.8633e+00
147	 3.2000e-03	-4.4000e-03	 6.1915e+00	 2.6959e+00
148	 3.6000e-03	-4.4000e-03	 5.9650e+00	 2.3975e+00
149	 4.0000e-03	-4.4000e-03	 5.6695e+00	 1.9817e+00
150	 4.4000e-03	-4.4000e-03	 5.3447e+00	 9.0776e-01
151	 4.8000e-03	-4.4000e-03	 5.5055e+00	 9.5816e+00
152	 5.2000e-03	-4.4000e-03	 5.5656e+00	 9.4222e+00
153	 5.6000e-03	-4.4000e-03	 5.5186e+00	 9.2470e+00
154	 6.0000e-03	-4.4000e-03	 5.2806e+00	 9.2601e+00
155	-6.0000e-03	-4.0000e-03	 6.0916e+00	 2.3261e+00
156	-5.6000e-03	-4.0000e-03	 6.3361e+00	 2.7693e+00
157	-5.2000e-03	-4.0000e-03	 6.5209e+00	 2.9596e+00
158	-4.8000e-03	-4.0000e-03	 6.6751e+00	 3.1772e+00
159	-4.4000e-03	-4.0000e-03	 6.7773e+00	 3.3465e+00
160	-4.0000e-03	-4.0000e-03	 6.8397e+00	 3.5529e+00
161	-3.6000e-03	-4.0000e-03	 6.8923e+00	 3.7531e+00
162	-3.2000e-03	-4.0000e-03	 6.9535e+00	 3.9569e+00
163	-2.8000e-03	-4.0000e-03	 6.9952e+00	 4.1285e+00
164	-2.4000e-03	-4.0000e-03	 7.0455e+00	 4.2856e+00
165	-2.0000e-03	-4.0000e-03	 7.0958e+00	 4.3711e+00
166	-1.6000e-03	-4.0000e-03	 7.1310e+00	 4.4404e+00
167	-1.2000e-03	-4.0000e-03	 7.1366e+00	 4.4513e+00
168	-8.0000e-04	-4.0000e-03	 7.1303e+00	 4.4608e+00
169	-4.0000e-04	-4.0000e-03	 7.1146e+00	 4.4092e+00
170	 0.0000e+00	-4.0000e-03	 7.0837e+00	 4.3546e+00
171	 4.0000e-04	-4.0000e-03	 7.0011e+00	 4.3057e+00
172	 8.0000e-04	-4.0000e-03	 6.9163e+00	 4.1830e+00
173	 1.2000e-03	-4.0000e-03	 6.8108e+00	 4.0154e+00
174	 1.6000e-03	-4.0000e-03	 6.7010e+00	 3.7758e+00
175	 2.0000e-03	-4.0000e-03	 6.6234e+00	 3.5217e+00
176	 2.4000e-03	-4.0000e-03	 6.5830e+00	 3.2682e+00
177	 2.8000e-03	-4.0000e-03	 6.5097e+00	 3.1075e+00
178	 3.2000e-03	-4.0000e-03	 6.3762e+00	 3.0539e+00
179	 3.6000e-03	-4.0000e-03	 6.1360e+00	 2.8761e+00
180	 4.0000e-03	-4.0000e-03	 5.7724e+00	 2.4829e+00
181	 4.4000e-03	-4.0000e-03	 5.5078e+00	 1.3469e+00
182	 4.8000e-03	-4.0000e-03	 5.5909e+00	 6.0764e-01
183	 5.2000e-03	-4.0000e-03	 5.6481e+00	 9.5833e+00
184	 5.6000e-03	-4.0000e-03	 5.5702e+00	 9.6040e+00
185	 6.0000e-03	-4.0000e-03	 5.3631e+00	 9.4975e+00
186	-6.0000e-03	-3.6000e-03	 6.2333e+00	 2.6983e+00
187	-5.6000e-03	-3.6000e-03	 6.4522e+00	 3.0076e+00
188	-5.2000e-03	-3.6000e-03	 6.6248e+00	 3.2502e+00
189	-4.8000e-03	-3.6000e-03	 6.7536e+00	 3.4086e+00
190	-4.4000e-03	-3.6000e-03	 6.8299e+00	 3.6062e+00
191	-4.0000e-03	-3.6000e-03	 6.9042e+00	 3.8172e+00
192	-3.6000e-03	-3.6000e-03	 6.9702e+00	 4.0479e+00
193	-3.2000e-03	-3.6000e-03	 7.0258e+00	 4.2471e+00
194	-2.8000e-03	-3.6000e-03	 7.0606e+00	 4.4210e+00
195	-2.4000e-03	-3.6000e-03	 7.1159e+00	 4.5782e+00
196	-2.0000e-03	-3.6000e-03	 7.1599e+00	 4.6479e+00
197	-1.6000e-03	-3.6000e-03	 7.1842e+00	 4.7481e+00
198	-1.2000e-03	-3.6000e-03	 7.1974e+00	 4.7573e+00
199	-8.0000e-04	-3.6000e-03	 7.1987e+00	 4.7432e+00
200	-4.0000e-04	-3.6000e-03	 7.1879e+00	 4.7238e+00
201	 0.0000e+00	-3.6000e-03	 7.1553e+00	 4.6656e+00
202	 4.0000e-04	-3.6000e-03	 7.1060e+00	 4.5512e+00
203	 8.0000e-04	-3.6000e-03	 7.0087e+00	 4.4371e+00
204	 1.2000e-03	-3.6000e-03	 6.9099e+00	 4.2508e+00
205	 1.6000e-03	-3.6000e-03	 6.8203e+00	 4.0286e+00
206	 2.0000e-03	-3.6000e-03	 6.7217e+00	 3.7541e+00
207	 2.4000e-03	-3.6000e-03	 6.6596e+00	 3.4885e+00
208	 2.8000e-03	-3.6000e-03	 6.6040e+00	 3.3553e+00
209	 3.2000e-03	-3.6000e-03	 6.5035e+00	 3.2712e+00
210	 3.6000e-03	-3.6000e-03	 6.2737e+00	 3.1824e+00
211	 4.0000e-03	-3.6000e-03	 5.8828e+00	 2.8731e+00
212	 4.4000e-03	-3.6000e-03	 5.5669e+00	 1.7506e+00
213	 4.8000e-03	-3.6000e-03	 5.7954e+00	 7.6510e-01
214	 5.2000e-03	-3.6000e-03	 5.8444e+00	 4.3507e-01
215	 5.6000e-03	-3.6000e-03	 5.7865e+00	 2.9077e-01
216	 6.0000e-03	-3.6000e-03	 5.5498e+00	 5.8858e-01
217	-6.0000e-03	-3.2000e-03	 6.3102e+00	 2.8836e+00
218	-5.6000e-03	-3.2000e-03	 6.5206e+00	 3.2505e+00
219	-5.2000e-03	-3.2000e-03	 6.6760e+00	 3.4732e+00
220	-4.8000e-03	-3.2000e-03	 6.8174e+00	 3.7248e+00
221	-4.4000e-03	-3.2000e-03	 6.8923e+00	 3.9089e+00
222	-4.0000e-03	-3.2000e-03	 6.9834e+00	 4.1055e+00
223	-3.6000e-03	-3.2000e-03	 7.0481e+00	 4.3218e+00
224	-3.2000e-03	-3.2000e-03	 7.0991e+00	 4.5009e+00
225	-2.8000e-03	-3.2000e-03	 7.1530e+00	 4.7021e+00
226	-2.4000e-03	-3.2000e-03	 7.1911e+00	 4.8323e+00
227	-2.0000e-03	-3.2000e-03	 7.2260e+00	 4.9282e+00
228	-1.6000e-03	-3.2000e-03	 7.2546e+00	 4.9730e+00
229	-1.2000e-03	-3.2000e-03	 7.2582e+00	 5.0045e+00
230	-8.0000e-04	-3.2000e-03	 7.2513e+00	 4.9948e+00
231	-4.0000e-04	-3.2000e-03	 7.2520e+00	 4.9611e+00
232	 0.0000e+00	-3.2000e-03	 7.2332e+00	 4.9167e+00
233	 4.0000e-04	-3.2000e-03	 7.1856e+00	 4.8178e+00
234	 8.0000e-04	-3.2000e-03	 7.1103e+00	 4.6728e+00
235	 1.2000e-03	-3.2000e-03	 7.0261e+00	 4.5006e+00
236	 1.6000e-03	-3.2000e-03	 6.9213e+00	 4.2889e+00
237	 2.0000e-03	-3.2000e-03	 6.8440e+00	 4.0644e+00
238	 2.4000e-03	-3.2000e-03	 6.7355e+00	 3.8090e+00
239	 2.8000e-03	-3.2000e-03	 6.6504e+00	 3.6081e+00
240	 3.2000e-03	-3.2000e-03	 6.5636e+00	 3.5460e+00
241	 3.6000e-03	-3.2000e-03	 6.3624e+00	 3.4638e+00
242	 4.0000e-03	-3.2000e-03	 5.9565e+00	 3.1578e+00
243	 4.4000e-03	-3.2000e-03	 5.6169e+00	 1.9856e+00
244	 4.8000e-03	-3.2000e-03	 5.8151e+00	 1.0498e+00
245	 5.2000e-03	-3.2000e-03	 5.9354e+00	 5.5275e-01
246	 5.6000e-03	-3.2000e-03	 5.9295e+00	 3.8248e-01
247	 6.0000e-03	-3.2000e-03	 5.7185e+00	 3.5454e-01
248	-6.0000e-03	-2.8000e-03	 6.3680e+00	 3.0635e+00
249	-5.6000e-03	-2.8000e-03	 6.5879e+00	 3.4806e+00
250	-5.2000e-03	-2.8000e-03	 6.7319e+00	 3.7728e+00
251	-4.8000e-03	-2.8000e-03	 6.8605e+00	 3.9921e+00
252	-4.4000e-03	-2.8000e-03	 6.9630e+00	 4.2070e+00
253	-4.0000e-03	-2.8000e-03	 7.0547e+00	 4.4076e+00
254	-3.6000e-03	-2.8000e-03	 7.1336e+00	 4.5621e+00
255	-3.2000e-03	-2.8000e-03	 7.1826e+00	 4.7465e+00
256	-2.8000e-03	-2.8000e-03	 7.2309e+00	 4.9299e+00
257	-2.4000e-03	-2.8000e-03	 7.2690e+00	 5.0305e+00
258	-2.0000e-03	-2.8000e-03	 7.3023e+00	 5.1370e+00
259	-1.6000e-03	-2.8000e-03	 7.3276e+00	 5.1662e+00
260	-1.2000e-03	-2.8000e-03	 7.3269e+00	 5.2218e+00
261	-8.0000e-04	-2.8000e-03	 7.3253e+00	 5.2326e+00
262	-4.0000e-04	-2.8000e-03	 7.3131e+00	 5.1794e+00
263	 0.0000e+00	-2.8000e-03	 7.2953e+00	 5.1409e+00
264	 4.0000e-04	-2.8000e-03	 7.2654e+00	 5.0505e+00
265	 8.0000e-04	-2.8000e-03	 7.1980e+00	 4.9095e+00
266	 1.2000e-03	-2.8000e-03	 7.1287e+00	 4.7468e+00
267	 1.6000e-03	-2.8000e-03	 7.0360e+00	 4.5571e+00
268	 2.0000e-03	-2.8000e-03	 6.9370e+00	 4.3671e+00
269	 2.4000e-03	-2.8000e-03	 6.8282e+00	 4.1600e+00
270	 2.8000e-03	-2.8000e-03	 6.7168e+00	 3.9441e+00
271	 3.2000e-03	-2.8000e-03	 6.5850e+00	 3.8162e+00
272	 3.6000e-03	-2.8000e-03	 6.3855e+00	 3.7021e+00
273	 4.0000e-03	-2.8000e-03	 6.0055e+00	 3.2899e+00
274	 4.4000e-03	-2.8000e-03	 5.6531e+00	 2.2547e+00
275	 4.8000e-03	-2.8000e-03	 5.8529e+00	 1.2223e+00
276	 5.2000e-03	-2.8000e-03	 6.0196e+00	 7.5524e-01
277	 5.6000e-03	-2.8000e-03	 6.0064e+00	 5.0114e-01
278	 6.0000e-03	-2.8000e-03	 5.8477e+00	 4.4296e-01
279	-6.0000e-03	-2.4000e-03	 6.4397e+00	 3.3383e+00
280	-5.6000e-03	-2.4000e-03	 6.6389e+00	 3.6998e+00
281	-5.2000e-03	-2.4000e-03	 6.7786e+00	 4.0085e+00
282	-4.8000e-03	-2.4000e-03	 6.9111e+00	 4.2784e+00
283	-4.4000e-03	-2.4000e-03	 7.0255e+00	 4.4487e+00
284	-4.0000e-03	-2.4000e-03	 7.1247e+00	 4.6091e+00
285	-3.6000e-03	-2.4000e-03	 7.2082e+00	 4.7885e+00
286	-3.2000e-03	-2.4000e-03	 7.2589e+00	 4.9667e+00
287	-2.8000e-03	-2.4000e-03	 7.3200e+00	 5.0952e+00
288	-2.4000e-03	-2.4000e-03	 7.3565e+00	 5.2103e+00
289	-2.0000e-03	-2.4000e-03	 7.3861e+00	 5.2981e+00
290	-1.6000e-03	-2.4000e-03	 7.3963e+00	 5.3503e+00
291	-1.2000e-03	-2.4000e-03	 7.3989e+00	 5.3710e+00
292	-8.0000e-04	-2.4000e-03	 7.3940e+00	 5.3852e+00
293	-4.0000e-04	-2.4000e-03	 7.3798e+00	 5.3605e+00
294	 0.0000e+00	-2.4000e-03	 7.3608e+00	 5.3230e+00
295	 4.0000e-04	-2.4000e-03	 7.3368e+00	 5.2142e+00
296	 8.0000e-04	-2.4000e-03	 7.2861e+00	 5.1242e+00
297	 1.2000e-03	-2.4000e-03	 7.2276e+00	 4.9687e+00
298	 1.6000e-03	-2.4000e-03	 7.1399e+00	 4.8188e+00
299	 2.0000e-03	-2.4000e-03	 7.0445e+00	 4.6436e+00
300	 2.4000e-03	-2.4000e-03	 6.9130e+00	 4.4651e+00
301	 2.8000e-03	-2.4000e-03	 6.7526e+00	 4.2711e+00
302	 3.2000e-03	-2.4000e-03	 6.5847e+00	 4.0401e+00
303	 3.6000e-03	-2.4000e-03	 6.3881e+00	 3.8977e+00
304	 4.0000e-03	-2.4000e-03	 6.0245e+00	 3.5769e+00
305	 4.4000e-03	-2.4000e-03	 5.6682e+00	 2.4734e+00
306	 4.8000e-03	-2.4000e-03	 5.8556e+00	 1.2549e+00
307	 5.2000e-03	-2.4000e-03	 6.0268e+00	 8.7554e-01
308	 5.6000e-03	-2.4000e-03	 6.0623e+00	 6.0501e-01
309	 6.0000e-03	-2.4000e-03	 5.8943e+00	 4.3540e-01
310	-6.0000e-03	-2.0000e-03	 6.5064e+00	 3.5781e+00
311	-5.6000e-03	-2.0000e-03	 6.6754e+00	 3.8826e+00
312	-5.2000e-03	-2.0000e-03	 6.8065e+00	 4.2156e+00
313	-4.8000e-03	-2.0000e-03	 6.9285e+00	 4.4549e+00
314	-4.4000e-03	-2.0000e-03	 7.0672e+00	 4.6212e+00
315	-4.0000e-03	-2.0000e-03	 7.1862e+00	 4.7895e+00
316	-3.6000e-03	-2.0000e-03	 7.2884e+00	 4.9739e+00
317	-3.2000e-03	-2.0000e-03	 7.3522e+00	 5.1258e+00
318	-2.8000e-03	-2.0000e-03	 7.3956e+00	 5.2583e+00
319	-2.4000e-03	-2.0000e-03	 7.4334e+00	 5.3608e+00
320	-2.0000e-03	-2.0000e-03	 7.4574e+00	 5.4299e+00
321	-1.6000e-03	-2.0000e-03	 7.4699e+00	 5.4772e+00
322	-1.2000e-03	-2.0000e-03	 7.4669e+00	 5.5005e+00
323	-8.0000e-04	-2.0000e-03	 7.4567e+00	 5.5074e+00
324	-4.0000e-04	-2.0000e-03	 7.4462e+00	 5.5038e+00
325	 0.0000e+00	-2.0000e-03	 7.4295e+00	 5.4677e+00
326	 4.0000e-04	-2.0000e-03	 7.3973e+00	 5.4059e+00
327	 8.0000e-04	-2.0000e-03	 7.3558e+00	 5.3237e+00
328	 1.2000e-03	-2.0000e-03	 7.3111e+00	 5.1883e+00
329	 1.6000e-03	-2.0000e-03	 7.2211e+00	 5.0012e+00
330	 2.0000e-03	-2.0000e-03	 7.1241e+00	 4.8681e+00
331	 2.4000e-03	-2.0000e-03	 6.9850e+00	 4.7274e+00
332	 2.8000e-03	-2.0000e-03	 6.8115e+00	 4.5621e+00
333	 3.2000e-03	-2.0000e-03	 6.6034e+00	 4.3129e+00
334	 3.6000e-03	-2.0000e-03	 6.3818e+00	 4.0677e+00
335	 4.0000e-03	-2.0000e-03	 6.0219e+00	 3.7173e+00
336	 4.4000e-03	-2.0000e-03	 5.6534e+00	 2.7367e+00
337	 4.8000e-03	-2.0000e-03	 5.7819e+00	 1.5215e+00
338	 5.2000e-03	-2.0000e-03	 6.0206e+00	 1.0060e+00
339	 5.6000e-03	-2.0000e-03	 6.0433e+00	 6.6829e-01
340	 6.0000e-03	-2.0000e-03	 5.9542e+00	 3.9530e-01
341	-6.0000e-03	-1.6000e-03	 6.5518e+00	 3.7370e+00
342	-5.6000e-03	-1.6000e-03	 6.7122e+00	 4.0447e+00
343	-5.2000e-03	-1.6000e-03	 6.8177e+00	 4.3267e+00
344	-4.8000e-03	-1.6000e-03	 6.9610e+00	 4.5683e+00
345	-4.4000e-03	-1.6000e-03	 7.1106e+00	 4.7448e+00
346	-4.0000e-03	-1.6000e-03	 7.2372e+00	 4.9220e+00
347	-3.6000e-03	-1.6000e-03	 7.3496e+00	 5.0992e+00
348	-3.2000e-03	-1.6000e-03	 7.4163e+00	 5.2645e+00
349	-2.8000e-03	-1.6000e-03	 7.4587e+00	 5.3940e+00
350	-2.4000e-03	-1.6000e-03	 7.4886e+00	 5.4858e+00
351	-2.0000e-03	-1.6000e-03	 7.5044e+00	 5.5439e+00
352	-1.6000e-03	-1.6000e-03	 7.5172e+00	 5.5807e+00
353	-1.2000e-03	-1.6000e-03	 7.5074e+00	 5.5873e+00
354	-8.0000e-04	-1.6000e-03	 7.4998e+00	 5.6287e+00
355	-4.0000e-04	-1.6000e-03	 7.4998e+00	 5.6077e+00
356	 0.0000e+00	-1.6000e-03	 7.4844e+00	 5.5942e+00
357	 4.0000e-04	-1.6000e-03	 7.4610e+00	 5.5568e+00
358	 8.0000e-04	-1.6000e-03	 7.4206e+00	 5.4785e+00
359	 1.2000e-03	-1.6000e-03	 7.3703e+00	 5.3589e+00
360	 1.6000e-03	-1.6000e-03	 7.2845e+00	 5.2100e+00
361	 2.0000e-03	-1.6000e-03	 7.1849e+00	 5.0604e+00
362	 2.4000e-03	-1.6000e-03	 7.0445e+00	 4.9240e+00
363	 2.8000e-03	-1.6000e-03	 6.8532e+00	 4.8224e+00
364	 3.2000e-03	-1.6000e-03	 6.6320e+00	 4.4917e+00
365	 3.6000e-03	-1.6000e-03	 6.3736e+00	 4.2100e+00
366	 4.0000e-03	-1.6000e-03	 6.0955e+00	 3.8234e+00
367	 4.4000e-03	-1.6000e-03	 5.7464e+00	 3.1450e+00
368	 4.8000e-03	-1.6000e-03	 5.7116e+00	 1.8393e+00
369	 5.2000e-03	-1.6000e-03	 5.9647e+00	 9.8533e-01
370	 5.6000e-03	-1.6000e-03	 6.0544e+00	 6.5235e-01
371	 6.0000e-03	-1.6000e-03	 5.9512e+00	 4.2620e-01
372	-6.0000e-03	-1.2000e-03	 6.5778e+00	 3.7948e+00
373	-5.6000e-03	-1.2000e-03	 6.7083e+00	 4.1518e+00
374	-5.2000e-03	-1.2000e-03	 6.8319e+00	 4.4112e+00
375	-4.8000e-03	-1.2000e-03	 6.9923e+00	 4.6324e+00
376	-4.4000e-03	-1.2000e-03	 7.1366e+00	 4.8349e+00
377	-4.0000e-03	-1.2000e-03	 7.2743e+00	 5.0275e+00
378	-3.6000e-03	-1.2000e-03	 7.3808e+00	 5.2205e+00
379	-3.2000e-03	-1.2000e-03	 7.4502e+00	 5.3776e+00
380	-2.8000e-03	-1.2000e-03	 7.4936e+00	 5.5045e+00
381	-2.4000e-03	-1.2000e-03	 7.5189e+00	 5.5926e+00
382	-2.0000e-03	-1.2000e-03	 7.5416e+00	 5.6596e+00
383	-1.6000e-03	-1.2000e-03	 7.5521e+00	 5.6850e+00
384	-1.2000e-03	-1.2000e-03	 7.5376e+00	 5.6968e+00
385	-8.0000e-04	-1.2000e-03	 7.5209e+00	 5.7040e+00
386	-4.0000e-04	-1.2000e-03	 7.5261e+00	 5.7293e+00
387	 0.0000e+00	-1.2000e-03	 7.5202e+00	 5.7178e+00
388	 4.0000e-04	-1.2000e-03	 7.4942e+00	 5.6780e+00
389	 8.0000e-04	-1.2000e-03	 7.4591e+00	 5.6153e+00
390	 1.2000e-03	-1.2000e-03	 7.4042e+00	 5.5222e+00
391	 1.6000e-03	-1.2000e-03	 7.3210e+00	 5.3552e+00
392	 2.0000e-03	-1.2000e-03	 7.2086e+00	 5.2021e+00
393	 2.4000e-03	-1.2000e-03	 7.0689e+00	 5.0857e+00
394	 2.8000e-03	-1.2000e-03	 6.8861e+00	 4.9616e+00
395	 3.2000e-03	-1.2000e-03	 6.6438e+00	 4.6630e+00
396	 3.6000e-03	-1.2000e-03	 6.4400e+00	 4.2751e+00
397	 4.0000e-03	-1.2000e-03	 6.1918e+00	 3.8438e+00
398	 4.4000e-03	-1.2000e-03	 5.8838e+00	 3.3836e+00
399	 4.8000e-03	-1.2000e-03	 5.6360e+00	 2.2948e+00
400	 5.2000e-03	-1.2000e-03	 5.8197e+00	 1.1661e+00
401	 5.6000e-03	-1.2000e-03	 6.0193e+00	 7.1037e-01
402	 6.0000e-03	-1.2000e-03	 5.9581e+00	 3.4336e-01
403	-6.0000e-03	-8.0000e-04	 6.5962e+00	 3.8726e+00
404	-5.6000e-03	-8.0000e-04	 6.7069e+00	 4.1903e+00
405	-5.2000e-03	-8.0000e-04	 6.8345e+00	 4.5085e+00
406	-4.8000e-03	-8.0000e-04	 6.9890e+00	 4.7097e+00
407	-4.4000e-03	-8.0000e-04	 7.1402e+00	 4.9289e+00
408	-4.0000e-03	-8.0000e-04	 7.2776e+00	 5.1330e+00
409	-3.6000e-03	-8.0000e-04	 7.3884e+00	 5.3306e+00
410	-3.2000e-03	-8.0000e-04	 7.4620e+00	 5.4767e+00
411	-2.8000e-03	-8.0000e-04	 7.5077e+00	 5.6327e+00
412	-2.4000e-03	-8.0000e-04	 7.5422e+00	 5.7303e+00
413	-2.0000e-03	-8.0000e-04	 7.5642e+00	 5.7816e+00
414	-1.6000e-03	-8.0000e-04	 7.5616e+00	 5.7701e+00
415	-1.2000e-03	-8.0000e-04	 7.5511e+00	 5.7892e+00
416	-8.0000e-04	-8.0000e-04	 7.5432e+00	 5.7977e+00
417	-4.0000e-04	-8.0000e-04	 7.5481e+00	 5.8233e+00
418	 0.0000e+00	-8.0000e-04	 7.5393e+00	 5.8296e+00
419	 4.0000e-04	-8.0000e-04	 7.5209e+00	 5.8013e+00
420	 8.0000e-04	-8.0000e-04	 7.4801e+00	 5.7497e+00
421	 1.2000e-03	-8.0000e-04	 7.4166e+00	 5.6544e+00
422	 1.6000e-03	-8.0000e-04	 7.3266e+00	 5.5042e+00
423	 2.0000e-03	-8.0000e-04	 7.2105e+00	 5.3434e+00
424	 2.4000e-03	-8.0000e-04	 7.0672e+00	 5.2136e+00
425	 2.8000e-03	-8.0000e-04	 6.8805e+00	 5.0486e+00
426	 3.2000e-03	-8.0000e-04	 6.6691e+00	 4.7340e+00
427	 3.6000e-03	-8.0000e-04	 6.4831e+00	 4.3451e+00
428	 4.0000e-03	-8.0000e-04	 6.2579e+00	 3.9908e+00
429	 4.4000e-03	-8.0000e-04	 5.9552e+00	 3.5398e+00
430	 4.8000e-03	-8.0000e-04	 5.6281e+00	 2.6555e+00
431	 5.2000e-03	-8.0000e-04	 5.7441e+00	 1.2529e+00
432	 5.6000e-03	-8.0000e-04	 6.0285e+00	 5.9811e-01
433	 6.0000e-03	-8.0000e-04	 6.0107e+00	 3.1378e-01
434	-6.0000e-03	-4.0000e-04	 6.6136e+00	 3.8865e+00
435	-5.6000e-03	-4.0000e-04	 6.7023e+00	 4.1988e+00
436	-5.2000e-03	-4.0000e-04	 6.8391e+00	 4.5351e+00
437	-4.8000e-03	-4.0000e-04	 6.9906e+00	 4.7685e+00
438	-4.4000e-03	-4.0000e-04	 7.1284e+00	 5.0114e+00
439	-4.0000e-03	-4.0000e-04	 7.2638e+00	 5.2261e+00
440	-3.6000e-03	-4.0000e-04	 7.3880e+00	 5.4341e+00
441	-3.2000e-03	-4.0000e-04	 7.4574e+00	 5.5854e+00
442	-2.8000e-03	-4.0000e-04	 7.5011e+00	 5.7136e+00
443	-2.4000e-03	-4.0000e-04	 7.5439e+00	 5.8191e+00
444	-2.0000e-03	-4.0000e-04	 7.5616e+00	 5.8487e+00
445	-1.6000e-03	-4.0000e-04	 7.5639e+00	 5.8319e+00
446	-1.2000e-03	-4.0000e-04	 7.5547e+00	 5.8480e+00
447	-8.0000e-04	-4.0000e-04	 7.5590e+00	 5.8588e+00
448	-4.0000e-04	-4.0000e-04	 7.5610e+00	 5.8740e+00
449	 0.0000e+00	-4.0000e-04	 7.5560e+00	 5.9114e+00
450	 4.0000e-04	-4.0000e-04	 7.5373e+00	 5.8920e+00
451	 8.0000e-04	-4.0000e-04	 7.4923e+00	 5.8424e+00
452	 1.2000e-03	-4.0000e-04	 7.4084e+00	 5.7632e+00
453	 1.6000e-03	-4.0000e-04	 7.3101e+00	 5.5942e+00
454	 2.0000e-03	-4.0000e-04	 7.1793e+00	 5.4364e+00
455	 2.4000e-03	-4.0000e-04	 7.0288e+00	 5.2494e+00
456	 2.8000e-03	-4.0000e-04	 6.8644e+00	 5.0545e+00
457	 3.2000e-03	-4.0000e-04	 6.6695e+00	 4.7248e+00
458	 3.6000e-03	-4.0000e-04	 6.5117e+00	 4.3658e+00
459	 4.0000e-03	-4.0000e-04	 6.3003e+00	 4.0371e+00
460	 4.4000e-03	-4.0000e-04	 6.0982e+00	 3.6837e+00
461	 4.8000e-03	-4.0000e-04	 5.6159e+00	 3.0365e+00
462	 5.2000e-03	-4.0000e-04	 5.6047e+00	 1.1586e+00
463	 5.6000e-03	-4.0000e-04	 5.9992e+00	 5.0673e-01
464	 6.0000e-03	-4.0000e-04	 6.0866e+00	 3.3810e-01
465	-6.0000e-03	 0.0000e+00	 6.5978e+00	 3.8770e+00
466	-5.6000e-03	 0.0000e+00	 6.7043e+00	 4.1877e+00
467	-5.2000e-03	 0.0000e+00	 6.8302e+00	 4.5499e+00
468	-4.8000e-03	 0.0000e+00	 6.9916e+00	 4.8247e+00
469	-4.4000e-03	 0.0000e+00	 7.1152e+00	 5.0890e+00
470	-4.0000e-03	 0.0000e+00	 7.2582e+00	 5.3174e+00
471	-3.6000e-03	 0.0000e+00	 7.3673e+00	 5.4936e+00
472	-3.2000e-03	 0.0000e+00	 7.4482e+00	 5.6518e+00
473	-2.8000e-03	 0.0000e+00	 7.5005e+00	 5.8148e+00
474	-2.4000e-03	 0.0000e+00	 7.5360e+00	 5.8894e+00
475	-2.0000e-03	 0.0000e+00	 7.5527e+00	 5.8842e+00
476	-1.6000e-03	 0.0000e+00	 7.5560e+00	 5.8809e+00
477	-1.2000e-03	 0.0000e+00	 7.5593e+00	 5.9187e+00
478	-8.0000e-04	 0.0000e+00	 7.5554e+00	 5.9243e+00
479	-4.0000e-04	 0.0000e+00	 7.5596e+00	 5.9657e+00
480	 0.0000e+00	 0.0000e+00	 7.5652e+00	 5.9630e+00
481	 4.0000e-04	 0.0000e+00	 7.5448e+00	 5.9502e+00
482	 8.0000e-04	 0.0000e+00	 7.4949e+00	 5.9105e+00
483	 1.2000e-03	 0.0000e+00	 7.4065e+00	 5.8201e+00
484	 1.6000e-03	 0.0000e+00	 7.2934e+00	 5.6521e+00
485	 2.0000e-03	 0.0000e+00	 7.1504e+00	 5.5114e+00
486	 2.4000e-03	 0.0000e+00	 7.0054e+00	 5.2882e+00
487	 2.8000e-03	 0.0000e+00	 6.8411e+00	 5.0486e+00
488	 3.2000e-03	 0.0000e+00	 6.6800e+00	 4.7507e+00
489	 3.6000e-03	 0.0000e+00	 6.5738e+00	 4.3931e+00
490	 4.0000e-03	 0.0000e+00	 6.3555e+00	 4.1137e+00
491	 4.4000e-03	 0.0000e+00	 6.0567e+00	 3.8248e+00
492	 4.8000e-03	 0.0000e+00	 5.5893e+00	 3.4688e+00
493	 5.2000e-03	 0.0000e+00	 5.4072e+00	 1.1750e+00
494	 5.6000e-03	 0.0000e+00	 6.0314e+00	 4.6991e-01
495	 6.0000e-03	 0.0000e+00	 6.1553e+00	 2.2996e-01
496	-6.0000e-03	 4.0000e-04	 6.5955e+00	 3.9145e+00
497	-5.6000e-03	 4.0000e-04	 6.7033e+00	 4.2212e+00
498	-5.2000e-03	 4.0000e-04	 6.8338e+00	 4.5762e+00
499	-4.8000e-03	 4.0000e-04	 6.9877e+00	 4.8835e+00
500	-4.4000e-03	 4.0000e-04	 7.1129e+00	 5.1376e+00
501	-4.0000e-03	 4.0000e-04	 7.2510e+00	 5.3957e+00
502	-3.6000e-03	 4.0000e-04	 7.3614e+00	 5.5531e+00
503	-3.2000e-03	 4.0000e-04	 7.4459e+00	 5.7149e+00
504	-2.8000e-03	 4.0000e-04	 7.4965e+00	 5.8753e+00
505	-2.4000e-03	 4.0000e-04	 7.5350e+00	 5.9160e+00
506	-2.0000e-03	 4.0000e-04	 7.5514e+00	 5.9634e+00
507	-1.6000e-03	 4.0000e-04	 7.5504e+00	 5.9443e+00
508	-1.2000e-03	 4.0000e-04	 7.5537e+00	 5.9808e+00
509	-8.0000e-04	 4.0000e-04	 7.5610e+00	 5.9962e+00
510	-4.0000e-04	 4.0000e-04	 7.5652e+00	 6.0028e+00
511	 0.0000e+00	 4.0000e-04	 7.5702e+00	 6.0196e+00
512	 4.0000e-04	 4.0000e-04	 7.5508e+00	 6.0206e+00
513	 8.0000e-04	 4.0000e-04	 7.4975e+00	 5.9805e+00
514	 1.2000e-03	 4.0000e-04	 7.4055e+00	 5.8549e+00
515	 1.6000e-03	 4.0000e-04	 7.2786e+00	 5.6692e+00
516	 2.0000e-03	 4.0000e-04	 7.1320e+00	 5.4943e+00
517	 2.4000e-03	 4.0000e-04	 7.0028e+00	 5.2823e+00
518	 2.8000e-03	 4.0000e-04	 6.8466e+00	 5.0249e+00
519	 3.2000e-03	 4.0000e-04	 6.7122e+00	 4.7327e+00
520	 3.6000e-03	 4.0000e-04	 6.5902e+00	 4.4730e+00
521	 4.0000e-03	 4.0000e-04	 6.3749e+00	 4.2202e+00
522	 4.4000e-03	 4.0000e-04	 6.0903e+00	 3.9457e+00
523	 4.8000e-03	 4.0000e-04	 5.5765e+00	 3.6966e+00
524	 5.2000e-03	 4.0000e-04	 5.3503e+00	 1.0958e+00
525	 5.6000e-03	 4.0000e-04	 5.9923e+00	 4.8766e-01
526	 6.0000e-03	 4.0000e-04	 6.1807e+00	 3.1805e-01
527	-6.0000e-03	 8.0000e-04	 6.5814e+00	 3.9875e+00
528	-5.6000e-03	 8.0000e-04	 6.7257e+00	 4.2899e+00
529	-5.2000e-03	 8.0000e-04	 6.8585e+00	 4.6225e+00
530	-4.8000e-03	 8.0000e-04	 7.0021e+00	 4.8957e+00
531	-4.4000e-03	 8.0000e-04	 7.1136e+00	 5.1393e+00
532	-4.0000e-03	 8.0000e-04	 7.2497e+00	 5.3858e+00
533	-3.6000e-03	 8.0000e-04	 7.3673e+00	 5.5788e+00
534	-3.2000e-03	 8.0000e-04	 7.4360e+00	 5.7234e+00
535	-2.8000e-03	 8.0000e-04	 7.4923e+00	 5.8700e+00
536	-2.4000e-03	 8.0000e-04	 7.5416e+00	 5.9456e+00
537	-2.0000e-03	 8.0000e-04	 7.5554e+00	 5.9630e+00
538	-1.6000e-03	 8.0000e-04	 7.5590e+00	 5.9775e+00
539	-1.2000e-03	 8.0000e-04	 7.5593e+00	 6.0166e+00
540	-8.0000e-04	 8.0000e-04	 7.5721e+00	 6.0357e+00
541	-4.0000e-04	 8.0000e-04	 7.5649e+00	 6.0456e+00
542	 0.0000e+00	 8.0000e-04	 7.5672e+00	 6.0446e+00
543	 4.0000e-04	 8.0000e-04	 7.5511e+00	 6.0406e+00
544	 8.0000e-04	 8.0000e-04	 7.4900e+00	 5.9834e+00
545	 1.2000e-03	 8.0000e-04	 7.4058e+00	 5.8345e+00
546	 1.6000e-03	 8.0000e-04	 7.2871e+00	 5.6629e+00
547	 2.0000e-03	 8.0000e-04	 7.1589e+00	 5.4706e+00
548	 2.4000e-03	 8.0000e-04	 7.0103e+00	 5.2767e+00
549	 2.8000e-03	 8.0000e-04	 6.8697e+00	 5.0180e+00
550	 3.2000e-03	 8.0000e-04	 6.7648e+00	 4.7290e+00
551	 3.6000e-03	 8.0000e-04	 6.6228e+00	 4.4861e+00
552	 4.0000e-03	 8.0000e-04	 6.3871e+00	 4.2966e+00
553	 4.4000e-03	 8.0000e-04	 6.1271e+00	 4.0558e+00
554	 4.8000e-03	 8.0000e-04	 5.5890e+00	 3.7284e+00
555	 5.2000e-03	 8.0000e-04	 5.3362e+00	 1.1125e+00
556	 5.6000e-03	 8.0000e-04	 6.0038e+00	 5.4946e-01
557	 6.0000e-03	 8.0000e-04	 6.1521e+00	 2.9964e-01
558	-6.0000e-03	 1.2000e-03	 6.6067e+00	 4.0246e+00
559	-5.6000e-03	 1.2000e-03	 6.7398e+00	 4.3527e+00
560	-5.2000e-03	 1.2000e-03	 6.8588e+00	 4.6222e+00
561	-4.8000e-03	 1.2000e-03	 7.0008e+00	 4.9108e+00
562	-4.4000e-03	 1.2000e-03	 7.1267e+00	 5.1390e+00
563	-4.0000e-03	 1.2000e-03	 7.2769e+00	 5.3635e+00
564	-3.6000e-03	 1.2000e-03	 7.3713e+00	 5.5383e+00
565	-3.2000e-03	 1.2000e-03	 7.4380e+00	 5.7066e+00
566	-2.8000e-03	 1.2000e-03	 7.5011e+00	 5.8648e+00
567	-2.4000e-03	 1.2000e-03	 7.5399e+00	 5.9305e+00
568	-2.0000e-03	 1.2000e-03	 7.5593e+00	 5.9700e+00
569	-1.6000e-03	 1.2000e-03	 7.5751e+00	 5.9815e+00
570	-1.2000e-03	 1.2000e-03	 7.5731e+00	 6.0035e+00
571	-8.0000e-04	 1.2000e-03	 7.5833e+00	 6.0225e+00
572	-4.0000e-04	 1.2000e-03	 7.5688e+00	 6.0291e+00
573	 0.0000e+00	 1.2000e-03	 7.5600e+00	 6.0567e+00
574	 4.0000e-04	 1.2000e-03	 7.5376e+00	 6.0387e+00
575	 8.0000e-04	 1.2000e-03	 7.4830e+00	 5.9489e+00
576	 1.2000e-03	 1.2000e-03	 7.4002e+00	 5.8020e+00
577	 1.6000e-03	 1.2000e-03	 7.2993e+00	 5.6133e+00
578	 2.0000e-03	 1.2000e-03	 7.1790e+00	 5.4549e+00
579	 2.4000e-03	 1.2000e-03	 7.0396e+00	 5.2497e+00
580	 2.8000e-03	 1.2000e-03	 6.9035e+00	 5.0137e+00
581	 3.2000e-03	 1.2000e-03	 6.7957e+00	 4.7721e+00
582	 3.6000e-03	 1.2000e-03	 6.6277e+00	 4.5029e+00
583	 4.0000e-03	 1.2000e-03	 6.3986e+00	 4.3004e+00
584	 4.4000e-03	 1.2000e-03	 6.1632e+00	 4.1222e+00
585	 4.8000e-03	 1.2000e-03	 5.6228e+00	 3.6071e+00
586	 5.2000e-03	 1.2000e-03	 5.3878e+00	 1.3476e+00
587	 5.6000e-03	 1.2000e-03	 5.9933e+00	 6.4610e-01
588	 6.0000e-03	 1.2000e-03	 6.1047e+00	 3.8346e-01
589	-6.0000e-03	 1.6000e-03	 6.5981e+00	 4.0141e+00
590	-5.6000e-03	 1.6000e-03	 6.7378e+00	 4.3675e+00
591	-5.2000e-03	 1.6000e-03	 6.8628e+00	 4.6308e+00
592	-4.8000e-03	 1.6000e-03	 7.0087e+00	 4.8868e+00
593	-4.4000e-03	 1.6000e-03	 7.1553e+00	 5.1113e+00
594	-4.0000e-03	 1.6000e-03	 7.2697e+00	 5.3444e+00
595	-3.6000e-03	 1.6000e-03	 7.3834e+00	 5.5203e+00
596	-3.2000e-03	 1.6000e-03	 7.4485e+00	 5.6869e+00
597	-2.8000e-03	 1.6000e-03	 7.4949e+00	 5.8171e+00
598	-2.4000e-03	 1.6000e-03	 7.5370e+00	 5.9059e+00
599	-2.0000e-03	 1.6000e-03	 7.5600e+00	 5.9673e+00
600	-1.6000e-03	 1.6000e-03	 7.5761e+00	 5.9792e+00
601	-1.2000e-03	 1.6000e-03	 7.5652e+00	 5.9877e+00
602	-8.0000e-04	 1.6000e-03	 7.5662e+00	 5.9953e+00
603	-4.0000e-04	 1.6000e-03	 7.5659e+00	 6.0248e+00
604	 0.0000e+00	 1.6000e-03	 7.5514e+00	 6.0403e+00
605	 4.0000e-04	 1.6000e-03	 7.5202e+00	 6.0002e+00
606	 8.0000e-04	 1.6000e-03	 7.4719e+00	 5.9137e+00
607	 1.2000e-03	 1.6000e-03	 7.4084e+00	 5.7714e+00
608	 1.6000e-03	 1.6000e-03	 7.3236e+00	 5.6166e+00
609	 2.0000e-03	 1.6000e-03	 7.2003e+00	 5.4509e+00
610	 2.4000e-03	 1.6000e-03	 7.0491e+00	 5.2428e+00
611	 2.8000e-03	 1.6000e-03	 6.9282e+00	 5.0196e+00
612	 3.2000e-03	 1.6000e-03	 6.8023e+00	 4.7882e+00
613	 3.6000e-03	 1.6000e-03	 6.6442e+00	 4.5229e+00
614	 4.0000e-03	 1.6000e-03	 6.4006e+00	 4.2593e+00
615	 4.4000e-03	 1.6000e-03	 6.1567e+00	 3.9691e+00
616	 4.8000e-03	 1.6000e-03	 5.6511e+00	 3.6042e+00
617	 5.2000e-03	 1.6000e-03	 5.5074e+00	 1.6142e+00
618	 5.6000e-03	 1.6000e-03	 5.9423e+00	 7.3223e-01
619	 6.0000e-03	 1.6000e-03	 5.9939e+00	 4.4888e-01
620	-6.0000e-03	 2.0000e-03	 6.5764e+00	 3.9885e+00
621	-5.6000e-03	 2.0000e-03	 6.7102e+00	 4.3264e+00
622	-5.2000e-03	 2.0000e-03	 6.8562e+00	 4.5884e+00
623	-4.8000e-03	 2.0000e-03	 7.0120e+00	 4.8441e+00
624	-4.4000e-03	 2.0000e-03	 7.1481e+00	 5.0410e+00
625	-4.0000e-03	 2.0000e-03	 7.2694e+00	 5.2918e+00
626	-3.6000e-03	 2.0000e-03	 7.3634e+00	 5.4798e+00
627	-3.2000e-03	 2.0000e-03	 7.4416e+00	 5.6284e+00
628	-2.8000e-03	 2.0000e-03	 7.4765e+00	 5.7622e+00
629	-2.4000e-03	 2.0000e-03	 7.5149e+00	 5.8618e+00
630	-2.0000e-03	 2.0000e-03	 7.5409e+00	 5.9460e+00
631	-1.6000e-03	 2.0000e-03	 7.5531e+00	 5.9693e+00
632	-1.2000e-03	 2.0000e-03	 7.5557e+00	 5.9798e+00
633	-8.0000e-04	 2.0000e-03	 7.5475e+00	 5.9946e+00
634	-4.0000e-04	 2.0000e-03	 7.5442e+00	 6.0061e+00
635	 0.0000e+00	 2.0000e-03	 7.5248e+00	 5.9913e+00
636	 4.0000e-04	 2.0000e-03	 7.4916e+00	 5.9456e+00
637	 8.0000e-04	 2.0000e-03	 7.4452e+00	 5.8431e+00
638	 1.2000e-03	 2.0000e-03	 7.3976e+00	 5.7441e+00
639	 1.6000e-03	 2.0000e-03	 7.3105e+00	 5.5847e+00
640	 2.0000e-03	 2.0000e-03	 7.1967e+00	 5.4299e+00
641	 2.4000e-03	 2.0000e-03	 7.0574e+00	 5.2113e+00
642	 2.8000e-03	 2.0000e-03	 6.9278e+00	 4.9900e+00
643	 3.2000e-03	 2.0000e-03	 6.7822e+00	 4.7251e+00
644	 3.6000e-03	 2.0000e-03	 6.5850e+00	 4.3727e+00
645	 4.0000e-03	 2.0000e-03	 6.3700e+00	 4.1166e+00
646	 4.4000e-03	 2.0000e-03	 6.1083e+00	 3.8846e+00
647	 4.8000e-03	 2.0000e-03	 5.7007e+00	 3.3139e+00
648	 5.2000e-03	 2.0000e-03	 5.6698e+00	 1.5445e+00
649	 5.6000e-03	 2.0000e-03	 5.8989e+00	 9.0447e-01
650	 6.0000e-03	 2.0000e-03	 5.9174e+00	 4.7978e-01
651	-6.0000e-03	 2.4000e-03	 6.5547e+00	 3.8803e+00
652	-5.6000e-03	 2.4000e-03	 6.6849e+00	 4.2656e+00
653	-5.2000e-03	 2.4000e-03	 6.8381e+00	 4.5463e+00
654	-4.8000e-03	 2.4000e-03	 6.9716e+00	 4.7846e+00
655	-4.4000e-03	 2.4000e-03	 7.0971e+00	 5.0223e+00
656	-4.0000e-03	 2.4000e-03	 7.2263e+00	 5.2405e+00
657	-3.6000e-03	 2.4000e-03	 7.3203e+00	 5.4138e+00
658	-3.2000e-03	 2.4000e-03	 7.3982e+00	 5.5804e+00
659	-2.8000e-03	 2.4000e-03	 7.4423e+00	 5.6994e+00
660	-2.4000e-03	 2.4000e-03	 7.4748e+00	 5.8062e+00
661	-2.0000e-03	 2.4000e-03	 7.4998e+00	 5.8920e+00
662	-1.6000e-03	 2.4000e-03	 7.5195e+00	 5.9226e+00
663	-1.2000e-03	 2.4000e-03	 7.5202e+00	 5.9414e+00
664	-8.0000e-04	 2.4000e-03	 7.5126e+00	 5.9512e+00
665	-4.0000e-04	 2.4000e-03	 7.5031e+00	 5.9604e+00
666	 0.0000e+00	 2.4000e-03	 7.4840e+00	 5.9571e+00
667	 4.0000e-04	 2.4000e-03	 7.4466e+00	 5.8710e+00
668	 8.0000e-04	 2.4000e-03	 7.4065e+00	 5.7892e+00
669	 1.2000e-03	 2.4000e-03	 7.3437e+00	 5.6734e+00
670	 1.6000e-03	 2.4000e-03	 7.2687e+00	 5.5084e+00
671	 2.0000e-03	 2.4000e-03	 7.1576e+00	 5.3460e+00
672	 2.4000e-03	 2.4000e-03	 7.0439e+00	 5.1258e+00
673	 2.8000e-03	 2.4000e-03	 6.8923e+00	 4.8950e+00
674	 3.2000e-03	 2.4000e-03	 6.7142e+00	 4.6449e+00
675	 3.6000e-03	 2.4000e-03	 6.5275e+00	 4.2958e+00
676	 4.0000e-03	 2.4000e-03	 6.3430e+00	 4.0101e+00
677	 4.4000e-03	 2.4000e-03	 6.0692e+00	 3.6775e+00
678	 4.8000e-03	 2.4000e-03	 5.6807e+00	 2.7817e+00
679	 5.2000e-03	 2.4000e-03	 5.8207e+00	 1.5944e+00
680	 5.6000e-03	 2.4000e-03	 5.9012e+00	 1.0797e+00
681	 6.0000e-03	 2.4000e-03	 5.8470e+00	 4.6531e-01
682	-6.0000e-03	 2.8000e-03	 6.5196e+00	 3.8024e+00
683	-5.6000e-03	 2.8000e-03	 6.6547e+00	 4.1768e+00
684	-5.2000e-03	 2.8000e-03	 6.7806e+00	 4.4911e+00
685	-4.8000e-03	 2.8000e-03	 6.9259e+00	 4.7146e+00
686	-4.4000e-03	 2.8000e-03	 7.0646e+00	 4.9059e+00
687	-4.0000e-03	 2.8000e-03	 7.1616e+00	 5.1173e+00
688	-3.6000e-03	 2.8000e-03	 7.2539e+00	 5.3201e+00
689	-3.2000e-03	 2.8000e-03	 7.3322e+00	 5.4956e+00
690	-2.8000e-03	 2.8000e-03	 7.3756e+00	 5.6271e+00
691	-2.4000e-03	 2.8000e-03	 7.4101e+00	 5.7379e+00
692	-2.0000e-03	 2.8000e-03	 7.4367e+00	 5.8191e+00
693	-1.6000e-03	 2.8000e-03	 7.4502e+00	 5.8786e+00
694	-1.2000e-03	 2.8000e-03	 7.4538e+00	 5.8973e+00
695	-8.0000e-04	 2.8000e-03	 7.4508e+00	 5.9091e+00
696	-4.0000e-04	 2.8000e-03	 7.4393e+00	 5.9170e+00
697	 0.0000e+00	 2.8000e-03	 7.4127e+00	 5.8773e+00
698	 4.0000e-04	 2.8000e-03	 7.3788e+00	 5.8240e+00
699	 8.0000e-04	 2.8000e-03	 7.3312e+00	 5.7234e+00
700	 1.2000e-03	 2.8000e-03	 7.2690e+00	 5.5653e+00
701	 1.6000e-03	 2.8000e-03	 7.1971e+00	 5.3710e+00
702	 2.0000e-03	 2.8000e-03	 7.1007e+00	 5.1948e+00
703	 2.4000e-03	 2.8000e-03	 6.9952e+00	 5.0154e+00
704	 2.8000e-03	 2.8000e-03	 6.8269e+00	 4.8017e+00
705	 3.2000e-03	 2.8000e-03	 6.6550e+00	 4.5098e+00
706	 3.6000e-03	 2.8000e-03	 6.4542e+00	 4.1745e+00
707	 4.0000e-03	 2.8000e-03	 6.2908e+00	 3.9174e+00
708	 4.4000e-03	 2.8000e-03	 5.9739e+00	 3.4638e+00
709	 4.8000e-03	 2.8000e-03	 5.7615e+00	 2.4031e+00
710	 5.2000e-03	 2.8000e-03	 5.8924e+00	 1.5471e+00
711	 5.6000e-03	 2.8000e-03	 5.8800e+00	 1.1083e+00
712	 6.0000e-03	 2.8000e-03	 5.7882e+00	 4.1370e-01
713	-6.0000e-03	 3.2000e-03	 6.4528e+00	 3.7041e+00
714	-5.6000e-03	 3.2000e-03	 6.6050e+00	 4.0414e+00
715	-5.2000e-03	 3.2000e-03	 6.7392e+00	 4.3323e+00
716	-4.8000e-03	 3.2000e-03	 6.8651e+00	 4.5808e+00
717	-4.4000e-03	 3.2000e-03	 6.9933e+00	 4.7590e+00
718	-4.0000e-03	 3.2000e-03	 7.0952e+00	 4.9904e+00
719	-3.6000e-03	 3.2000e-03	 7.1780e+00	 5.1725e+00
720	-3.2000e-03	 3.2000e-03	 7.2368e+00	 5.3694e+00
721	-2.8000e-03	 3.2000e-03	 7.3006e+00	 5.5393e+00
722	-2.4000e-03	 3.2000e-03	 7.3358e+00	 5.6389e+00
723	-2.0000e-03	 3.2000e-03	 7.3558e+00	 5.7362e+00
724	-1.6000e-03	 3.2000e-03	 7.3785e+00	 5.7911e+00
725	-1.2000e-03	 3.2000e-03	 7.3802e+00	 5.8109e+00
726	-8.0000e-04	 3.2000e-03	 7.3752e+00	 5.8437e+00
727	-4.0000e-04	 3.2000e-03	 7.3585e+00	 5.8444e+00
728	 0.0000e+00	 3.2000e-03	 7.3335e+00	 5.8010e+00
729	 4.0000e-04	 3.2000e-03	 7.2967e+00	 5.7027e+00
730	 8.0000e-04	 3.2000e-03	 7.2378e+00	 5.5735e+00
731	 1.2000e-03	 3.2000e-03	 7.1816e+00	 5.4016e+00
732	 1.6000e-03	 3.2000e-03	 7.1313e+00	 5.2063e+00
733	 2.0000e-03	 3.2000e-03	 7.0386e+00	 5.0499e+00
734	 2.4000e-03	 3.2000e-03	 6.9311e+00	 4.8490e+00
735	 2.8000e-03	 3.2000e-03	 6.7960e+00	 4.6278e+00
736	 3.2000e-03	 3.2000e-03	 6.6146e+00	 4.3336e+00
737	 3.6000e-03	 3.2000e-03	 6.4542e+00	 4.0549e+00
738	 4.0000e-03	 3.2000e-03	 6.2129e+00	 3.7722e+00
739	 4.4000e-03	 3.2000e-03	 5.9009e+00	 3.2240e+00
740	 4.8000e-03	 3.2000e-03	 5.7984e+00	 2.2358e+00
741	 5.2000e-03	 3.2000e-03	 5.8799e+00	 1.5764e+00
742	 5.6000e-03	 3.2000e-03	 5.8069e+00	 1.1066e+00
743	 6.0000e-03	 3.2000e-03	 5.6876e+00	 5.8069e-01
744	-6.0000e-03	 3.6000e-03	 6.4045e+00	 3.4980e+00
745	-5.6000e-03	 3.6000e-03	 6.6064e+00	 3.8800e+00
746	-5.2000e-03	 3.6000e-03	 6.7217e+00	 4.1591e+00
747	-4.8000e-03	 3.6000e-03	 6.8164e+00	 4.3997e+00
748	-4.4000e-03	 3.6000e-03	 6.9292e+00	 4.5841e+00
749	-4.0000e-03	 3.6000e-03	 7.0383e+00	 4.7938e+00
750	-3.6000e-03	 3.6000e-03	 7.1152e+00	 5.0071e+00
751	-3.2000e-03	 3.6000e-03	 7.1698e+00	 5.2123e+00
752	-2.8000e-03	 3.6000e-03	 7.2105e+00	 5.3707e+00
753	-2.4000e-03	 3.6000e-03	 7.2460e+00	 5.5236e+00
754	-2.0000e-03	 3.6000e-03	 7.2779e+00	 5.6120e+00
755	-1.6000e-03	 3.6000e-03	 7.3042e+00	 5.6764e+00
756	-1.2000e-03	 3.6000e-03	 7.3115e+00	 5.7231e+00
757	-8.0000e-04	 3.6000e-03	 7.3049e+00	 5.7556e+00
758	-4.0000e-04	 3.6000e-03	 7.2980e+00	 5.7300e+00
759	 0.0000e+00	 3.6000e-03	 7.2520e+00	 5.6945e+00
760	 4.0000e-04	 3.6000e-03	 7.2135e+00	 5.5781e+00
761	 8.0000e-04	 3.6000e-03	 7.1668e+00	 5.4052e+00
762	 1.2000e-03	 3.6000e-03	 7.1139e+00	 5.2271e+00
763	 1.6000e-03	 3.6000e-03	 7.0626e+00	 5.0140e+00
764	 2.0000e-03	 3.6000e-03	 6.9768e+00	 4.8273e+00
765	 2.4000e-03	 3.6000e-03	 6.8733e+00	 4.6058e+00
766	 2.8000e-03	 3.6000e-03	 6.7513e+00	 4.3793e+00
767	 3.2000e-03	 3.6000e-03	 6.6149e+00	 4.1318e+00
768	 3.6000e-03	 3.6000e-03	 6.4578e+00	 3.9707e+00
769	 4.0000e-03	 3.6000e-03	 6.1968e+00	 3.6305e+00
770	 4.4000e-03	 3.6000e-03	 5.8250e+00	 2.9037e+00
771	 4.8000e-03	 3.6000e-03	 5.8671e+00	 2.0563e+00
772	 5.2000e-03	 3.6000e-03	 5.8631e+00	 1.5386e+00
773	 5.6000e-03	 3.6000e-03	 5.7083e+00	 1.0350e+00
774	 6.0000e-03	 3.6000e-03	 5.6274e+00	 4.8438e-01
775	-6.0000e-03	 4.0000e-03	 6.3422e+00	 3.3034e+00
776	-5.6000e-03	 4.0000e-03	 6.5301e+00	 3.7238e+00
777	-5.2000e-03	 4.0000e-03	 6.6925e+00	 3.9270e+00
778	-4.8000e-03	 4.0000e-03	 6.7934e+00	 4.1646e+00
779	-4.4000e-03	 4.0000e-03	 6.8890e+00	 4.3744e+00
780	-4.0000e-03	 4.0000e-03	 6.9844e+00	 4.5992e+00
781	-3.6000e-03	 4.0000e-03	 7.0439e+00	 4.8073e+00
782	-3.2000e-03	 4.0000e-03	 7.0998e+00	 5.0103e+00
783	-2.8000e-03	 4.0000e-03	 7.1280e+00	 5.1889e+00
784	-2.4000e-03	 4.0000e-03	 7.1655e+00	 5.3339e+00
785	-2.0000e-03	 4.0000e-03	 7.2059e+00	 5.4269e+00
786	-1.6000e-03	 4.0000e-03	 7.2197e+00	 5.5114e+00
787	-1.2000e-03	 4.0000e-03	 7.2441e+00	 5.5676e+00
788	-8.0000e-04	 4.0000e-03	 7.2391e+00	 5.6077e+00
789	-4.0000e-04	 4.0000e-03	 7.2135e+00	 5.5660e+00
790	 0.0000e+00	 4.0000e-03	 7.1888e+00	 5.5078e+00
791	 4.0000e-04	 4.0000e-03	 7.1451e+00	 5.3868e+00
792	 8.0000e-04	 4.0000e-03	 7.0902e+00	 5.2211e+00
793	 1.2000e-03	 4.0000e-03	 7.0396e+00	 4.9868e+00
794	 1.6000e-03	 4.0000e-03	 6.9840e+00	 4.7964e+00
795	 2.0000e-03	 4.0000e-03	 6.9130e+00	 4.5703e+00
796	 2.4000e-03	 4.0000e-03	 6.8358e+00	 4.2951e+00
797	 2.8000e-03	 4.0000e-03	 6.7332e+00	 4.0900e+00
798	 3.2000e-03	 4.0000e-03	 6.6133e+00	 3.9697e+00
799	 3.6000e-03	 4.0000e-03	 6.3812e+00	 3.8208e+00
800	 4.0000e-03	 4.0000e-03	 6.0722e+00	 3.4185e+00
801	 4.4000e-03	 4.0000e-03	 5.8431e+00	 2.5631e+00
802	 4.8000e-03	 4.0000e-03	 5.8342e+00	 1.8781e+00
803	 5.2000e-03	 4.0000e-03	 5.7648e+00	 1.3512e+00
804	 5.6000e-03	 4.0000e-03	 5.6508e+00	 7.2204e-01
805	 6.0000e-03	 4.0000e-03	 5.5998e+00	 2.7762e-01
806	-6.0000e-03	 4.4000e-03	 6.2319e+00	 3.1022e+00
807	-5.6000e-03	 4.4000e-03	 6.4535e+00	 3.5112e+00
808	-5.2000e-03	 4.4000e-03	 6.6264e+00	 3.8040e+00
809	-4.8000e-03	 4.4000e-03	 6.7526e+00	 3.9809e+00
810	-4.4000e-03	 4.4000e-03	 6.8545e+00	 4.1932e+00
811	-4.0000e-03	 4.4000e-03	 6.9354e+00	 4.3934e+00
812	-3.6000e-03	 4.4000e-03	 6.9821e+00	 4.6028e+00
813	-3.2000e-03	 4.4000e-03	 7.0212e+00	 4.7984e+00
814	-2.8000e-03	 4.4000e-03	 7.0679e+00	 4.9657e+00
815	-2.4000e-03	 4.4000e-03	 7.1070e+00	 5.1238e+00
816	-2.0000e-03	 4.4000e-03	 7.1343e+00	 5.2280e+00
817	-1.6000e-03	 4.4000e-03	 7.1563e+00	 5.2688e+00
818	-1.2000e-03	 4.4000e-03	 7.1662e+00	 5.3576e+00
819	-8.0000e-04	 4.4000e-03	 7.1652e+00	 5.4013e+00
820	-4.0000e-04	 4.4000e-03	 7.1510e+00	 5.3669e+00
821	 0.0000e+00	 4.4000e-03	 7.1264e+00	 5.2905e+00
822	 4.0000e-04	 4.4000e-03	 7.0820e+00	 5.1745e+00
823	 8.0000e-04	 4.4000e-03	 7.0235e+00	 4.9996e+00
824	 1.2000e-03	 4.4000e-03	 6.9499e+00	 4.7859e+00
825	 1.6000e-03	 4.4000e-03	 6.8937e+00	 4.5141e+00
826	 2.0000e-03	 4.4000e-03	 6.8440e+00	 4.2961e+00
827	 2.4000e-03	 4.4000e-03	 6.7812e+00	 4.0266e+00
828	 2.8000e-03	 4.4000e-03	 6.6852e+00	 3.9306e+00
829	 3.2000e-03	 4.4000e-03	 6.5245e+00	 3.8990e+00
830	 3.6000e-03	 4.4000e-03	 6.2395e+00	 3.5799e+00
831	 4.0000e-03	 4.4000e-03	 5.9312e+00	 3.0845e+00
832	 4.4000e-03	 4.4000e-03	 5.8281e+00	 2.2670e+00
833	 4.8000e-03	 4.4000e-03	 5.7642e+00	 1.7769e+00
834	 5.2000e-03	 4.4000e-03	 5.6955e+00	 1.1293e+00
835	 5.6000e-03	 4.4000e-03	 5.6238e+00	 5.8299e-01
836	 6.0000e-03	 4.4000e-03	 5.5328e+00	 9.6898e+00
837	-6.0000e-03	 4.8000e-03	 6.1498e+00	 2.7650e+00
838	-5.6000e-03	 4.8000e-03	 6.3516e+00	 3.2301e+00
839	-5.2000e-03	 4.8000e-03	 6.5189e+00	 3.5687e+00
840	-4.8000e-03	 4.8000e-03	 6.6698e+00	 3.8031e+00
841	-4.4000e-03	 4.8000e-03	 6.7842e+00	 4.0088e+00
842	-4.0000e-03	 4.8000e-03	 6.8558e+00	 4.2337e+00
843	-3.6000e-03	 4.8000e-03	 6.9101e+00	 4.4138e+00
844	-3.2000e-03	 4.8000e-03	 6.9752e+00	 4.5867e+00
845	-2.8000e-03	 4.8000e-03	 7.0156e+00	 4.7606e+00
846	-2.4000e-03	 4.8000e-03	 7.0481e+00	 4.8816e+00
847	-2.0000e-03	 4.8000e-03	 7.0777e+00	 4.9795e+00
848	-1.6000e-03	 4.8000e-03	 7.0945e+00	 5.0371e+00
849	-1.2000e-03	 4.8000e-03	 7.0975e+00	 5.1038e+00
850	-8.0000e-04	 4.8000e-03	 7.1053e+00	 5.1248e+00
851	-4.0000e-04	 4.8000e-03	 7.0981e+00	 5.1219e+00
852	 0.0000e+00	 4.8000e-03	 7.0626e+00	 5.0157e+00
853	 4.0000e-04	 4.8000e-03	 7.0146e+00	 4.9089e+00
854	 8.0000e-04	 4.8000e-03	 6.9436e+00	 4.7455e+00
855	 1.2000e-03	 4.8000e-03	 6.8601e+00	 4.5394e+00
856	 1.6000e-03	 4.8000e-03	 6.7871e+00	 4.2698e+00
857	 2.0000e-03	 4.8000e-03	 6.7388e+00	 4.0332e+00
858	 2.4000e-03	 4.8000e-03	 6.6866e+00	 3.8524e+00
859	 2.8000e-03	 4.8000e-03	 6.5564e+00	 3.7715e+00
860	 3.2000e-03	 4.8000e-03	 6.3539e+00	 3.6098e+00
861	 3.6000e-03	 4.8000e-03	 6.1031e+00	 3.2692e+00
862	 4.0000e-03	 4.8000e-03	 5.8582e+00	 2.6391e+00
863	 4.4000e-03	 4.8000e-03	 5.8049e+00	 1.9222e+00
864	 4.8000e-03	 4.8000e-03	 5.6886e+00	 1.4232e+00
865	 5.2000e-03	 4.8000e-03	 5.6399e+00	 7.7759e-01
866	 5.6000e-03	 4.8000e-03	 5.6386e+00	 6.6583e-01
867	 6.0000e-03	 4.8000e-03	 5.4545e+00	 9.5662e+00
868	-6.0000e-03	 5.2000e-03	 6.0321e+00	 2.4665e+00
869	-5.6000e-03	 5.2000e-03	 6.2178e+00	 2.8827e+00
870	-5.2000e-03	 5.2000e-03	 6.3907e+00	 3.2830e+00
871	-4.8000e-03	 5.2000e-03	 6.5584e+00	 3.6282e+00
872	-4.4000e-03	 5.2000e-03	 6.7000e+00	 3.8188e+00
873	-4.0000e-03	 5.2000e-03	 6.7839e+00	 4.0279e+00
874	-3.6000e-03	 5.2000e-03	 6.8476e+00	 4.2279e+00
875	-3.2000e-03	 5.2000e-03	 6.8838e+00	 4.3786e+00
876	-2.8000e-03	 5.2000e-03	 6.9548e+00	 4.4934e+00
877	-2.4000e-03	 5.2000e-03	 6.9906e+00	 4.5838e+00
878	-2.0000e-03	 5.2000e-03	 7.0215e+00	 4.6702e+00
879	-1.6000e-03	 5.2000e-03	 7.0274e+00	 4.7228e+00
880	-1.2000e-03	 5.2000e-03	 7.0212e+00	 4.7261e+00
881	-8.0000e-04	 5.2000e-03	 7.0240e+00	 4.7616e+00
882	-4.0000e-04	 5.2000e-03	 7.0215e+00	 4.7409e+00
883	 0.0000e+00	 5.2000e-03	 6.9867e+00	 4.7001e+00
884	 4.0000e-04	 5.2000e-03	 6.9426e+00	 4.5834e+00
885	 8.0000e-04	 5.2000e-03	 6.8598e+00	 4.4592e+00
886	 1.2000e-03	 5.2000e-03	 6.7875e+00	 4.2866e+00
887	 1.6000e-03	 5.2000e-03	 6.6872e+00	 4.0854e+00
888	 2.0000e-03	 5.2000e-03	 6.6284e+00	 3.8606e+00
889	 2.4000e-03	 5.2000e-03	 6.5511e+00	 3.6841e+00
890	 2.8000e-03	 5.2000e-03	 6.3953e+00	 3.5171e+00
891	 3.2000e-03	 5.2000e-03	 6.2224e+00	 3.2765e+00
892	 3.6000e-03	 5.2000e-03	 6.0094e+00	 2.8756e+00
893	 4.0000e-03	 5.2000e-03	 5.8266e+00	 2.3350e+00
894	 4.4000e-03	 5.2000e-03	 5.6445e+00	 1.6858e+00
895	 4.8000e-03	 5.2000e-03	 5.5778e+00	 9.1762e-01
896	 5.2000e-03	 5.2000e-03	 5.5886e+00	 3.6308e-01
897	 5.6000e-03	 5.2000e-03	 5.5045e+00	 9.5616e+00
898	 6.0000e-03	 5.2000e-03	 5.3211e+00	 9.2762e+00
899	-6.0000e-03	 5.6000e-03	 5.9663e+00	 2.0742e+00
900	-5.6000e-03	 5.6000e-03	 6.1120e+00	 2.5526e+00
901	-5.2000e-03	 5.6000e-03	 6.2898e+00	 2.9790e+00
902	-4.8000e-03	 5.6000e-03	 6.4486e+00	 3.3083e+00
903	-4.4000e-03	 5.6000e-03	 6.5824e+00	 3.5792e+00
904	-4.0000e-03	 5.6000e-03	 6.6774e+00	 3.7544e+00
905	-3.6000e-03	 5.6000e-03	 6.7503e+00	 3.9654e+00
906	-3.2000e-03	 5.6000e-03	 6.8263e+00	 4.0664e+00
907	-2.8000e-03	 5.6000e-03	 6.8795e+00	 4.1883e+00
908	-2.4000e-03	 5.6000e-03	 6.9163e+00	 4.2656e+00
909	-2.0000e-03	 5.6000e-03	 6.9364e+00	 4.3201e+00
910	-1.6000e-03	 5.6000e-03	 6.9403e+00	 4.3448e+00
911	-1.2000e-03	 5.6000e-03	 6.9370e+00	 4.3698e+00
912	-8.0000e-04	 5.6000e-03	 6.9453e+00	 4.3665e+00
913	-4.0000e-04	 5.6000e-03	 6.9380e+00	 4.3477e+00
914	 0.0000e+00	 5.6000e-03	 6.9121e+00	 4.2988e+00
915	 4.0000e-04	 5.6000e-03	 6.8581e+00	 4.2679e+00
916	 8.0000e-04	 5.6000e-03	 6.7911e+00	 4.1574e+00
917	 1.2000e-03	 5.6000e-03	 6.7050e+00	 4.0332e+00
918	 1.6000e-03	 5.6000e-03	 6.5830e+00	 3.8803e+00
919	 2.0000e-03	 5.6000e-03	 6.5002e+00	 3.6929e+00
920	 2.4000e-03	 5.6000e-03	 6.3762e+00	 3.4214e+00
921	 2.8000e-03	 5.6000e-03	 6.2691e+00	 3.1939e+00
922	 3.2000e-03	 5.6000e-03	 6.1353e+00	 2.9063e+00
923	 3.6000e-03	 5.6000e-03	 5.9479e+00	 2.5073e+00
924	 4.0000e-03	 5.6000e-03	 5.7089e+00	 2.0158e+00
925	 4.4000e-03	 5.6000e-03	 5.5019e+00	 1.2361e+00
926	 4.8000e-03	 5.6000e-03	 5.5311e+00	 5.4815e-01
927	 5.2000e-03	 5.6000e-03	 5.5712e+00	 9.4608e+00
928	 5.6000e-03	 5.6000e-03	 5.5400e+00	 9.4682e+00
929	 6.0000e-03	 5.6000e-03	 5.3947e+00	 8.7227e+00
930	-6.0000e-03	 6.0000e-03	 5.8710e+00	 1.7391e+00
931	-5.6000e-03	 6.0000e-03	 6.0364e+00	 2.2545e+00
932	-5.2000e-03	 6.0000e-03	 6.2086e+00	 2.6210e+00
933	-4.8000e-03	 6.0000e-03	 6.3467e+00	 2.9698e+00
934	-4.4000e-03	 6.0000e-03	 6.4897e+00	 3.2857e+00
935	-4.0000e-03	 6.0000e-03	 6.5682e+00	 3.4747e+00
936	-3.6000e-03	 6.0000e-03	 6.6718e+00	 3.6009e+00
937	-3.2000e-03	 6.0000e-03	 6.7260e+00	 3.7833e+00
938	-2.8000e-03	 6.0000e-03	 6.8062e+00	 3.8790e+00
939	-2.4000e-03	 6.0000e-03	 6.8342e+00	 3.9161e+00
940	-2.0000e-03	 6.0000e-03	 6.8434e+00	 3.9845e+00
941	-1.6000e-03	 6.0000e-03	 6.8450e+00	 4.0193e+00
942	-1.2000e-03	 6.0000e-03	 6.8440e+00	 4.0213e+00
943	-8.0000e-04	 6.0000e-03	 6.8450e+00	 4.0220e+00
944	-4.0000e-04	 6.0000e-03	 6.8391e+00	 3.9894e+00
945	 0.0000e+00	 6.0000e-03	 6.8292e+00	 3.9464e+00
946	 4.0000e-04	 6.0000e-03	 6.7766e+00	 3.9036e+00
947	 8.0000e-04	 6.0000e-03	 6.7073e+00	 3.8188e+00
948	 1.2000e-03	 6.0000e-03	 6.6228e+00	 3.7649e+00
949	 1.6000e-03	 6.0000e-03	 6.5202e+00	 3.5831e+00
950	 2.0000e-03	 6.0000e-03	 6.4042e+00	 3.4033e+00
951	 2.4000e-03	 6.0000e-03	 6.3089e+00	 3.0953e+00
952	 2.8000e-03	 6.0000e-03	 6.2224e+00	 2.8412e+00
953	 3.2000e-03	 6.0000e-03	 6.0705e+00	 2.6049e+00
954	 3.6000e-03	 6.0000e-03	 5.8237e+00	 2.2446e+00
955	 4.0000e-03	 6.0000e-03	 5.5847e+00	 1.7585e+00
956	 4.4000e-03	 6.0000e-03	 5.4284e+00	 8.2558e-01
957	 4.8000e-03	 6.0000e-03	 5.3746e+00	 4.6334e-01
958	 5.2000e-03	 6.0000e-03	 5.4779e+00	 9.4459e+00
959	 5.6000e-03	 6.0000e-03	 5.4069e+00	 9.0080e+00
960	 6.0000e-03	 6.0000e-03	 5.4246e+00	 8.3275e+00
