	x (m)	y (m)	Mesure ch1 (V)	Mesure ch2 (V)
0	-4.5000e-02	-4.5000e-02	 4.3303e+00	 4.6202e+00
1	-4.2000e-02	-4.5000e-02	 4.3152e+00	 3.7981e+00
2	-3.9000e-02	-4.5000e-02	 4.3392e+00	 4.7034e+00
3	-3.6000e-02	-4.5000e-02	 4.2350e+00	 5.5641e+00
4	-3.3000e-02	-4.5000e-02	 4.2731e+00	 5.1787e+00
5	-3.0000e-02	-4.5000e-02	 4.2659e+00	 5.8993e+00
6	-2.7000e-02	-4.5000e-02	 4.2442e+00	 4.1873e+00
7	-2.4000e-02	-4.5000e-02	 4.2534e+00	 3.8948e+00
8	-2.1000e-02	-4.5000e-02	 4.2504e+00	 2.8343e+00
9	-1.8000e-02	-4.5000e-02	 4.2869e+00	 3.5141e+00
10	-1.5000e-02	-4.5000e-02	 4.1909e+00	 4.4687e+00
11	-1.2000e-02	-4.5000e-02	 4.2324e+00	 5.4221e+00
12	-9.0000e-03	-4.5000e-02	 4.1850e+00	 7.2960e+00
13	-6.0000e-03	-4.5000e-02	 4.2314e+00	 4.8563e+00
14	-3.0000e-03	-4.5000e-02	 4.3089e+00	 3.5388e+00
15	 0.0000e+00	-4.5000e-02	 4.3451e+00	 2.7321e+00
16	 3.0000e-03	-4.5000e-02	 4.3014e+00	 2.8892e+00
17	 6.0000e-03	-4.5000e-02	 4.2271e+00	 4.6942e+00
18	 9.0000e-03	-4.5000e-02	 4.2383e+00	 6.0173e+00
19	 1.2000e-02	-4.5000e-02	 4.3254e+00	 6.2715e+00
20	 1.5000e-02	-4.5000e-02	 4.2130e+00	 5.4772e+00
21	 1.8000e-02	-4.5000e-02	 4.3721e+00	 4.3661e+00
22	 2.1000e-02	-4.5000e-02	 4.1857e+00	 4.0923e+00
23	 2.4000e-02	-4.5000e-02	 4.3661e+00	 4.2080e+00
24	 2.7000e-02	-4.5000e-02	 4.0907e+00	 4.8793e+00
25	 3.0000e-02	-4.5000e-02	 4.0844e+00	 3.8792e+00
26	 3.3000e-02	-4.5000e-02	 4.4306e+00	 4.3464e+00
27	 3.6000e-02	-4.5000e-02	 4.2672e+00	 3.8073e+00
28	 3.9000e-02	-4.5000e-02	 4.3793e+00	 5.5163e+00
29	 4.2000e-02	-4.5000e-02	 4.1748e+00	 3.7713e+00
30	 4.5000e-02	-4.5000e-02	 4.3507e+00	 4.9232e+00
31	-4.5000e-02	-4.2000e-02	 4.2583e+00	 3.9428e+00
32	-4.2000e-02	-4.2000e-02	 4.1955e+00	 4.1663e+00
33	-3.9000e-02	-4.2000e-02	 4.1538e+00	 5.4069e+00
34	-3.6000e-02	-4.2000e-02	 4.2281e+00	 4.9790e+00
35	-3.3000e-02	-4.2000e-02	 4.2902e+00	 3.9745e+00
36	-3.0000e-02	-4.2000e-02	 4.2603e+00	 5.1741e+00
37	-2.7000e-02	-4.2000e-02	 4.3343e+00	 4.5875e+00
38	-2.4000e-02	-4.2000e-02	 4.2028e+00	 4.3435e+00
39	-2.1000e-02	-4.2000e-02	 4.2790e+00	 5.0001e+00
40	-1.8000e-02	-4.2000e-02	 4.3185e+00	 4.9204e+00
41	-1.5000e-02	-4.2000e-02	 4.1985e+00	 4.4296e+00
42	-1.2000e-02	-4.2000e-02	 4.3609e+00	 3.2189e+00
43	-9.0000e-03	-4.2000e-02	 4.3573e+00	 4.3351e+00
44	-6.0000e-03	-4.2000e-02	 4.3211e+00	 4.7961e+00
45	-3.0000e-03	-4.2000e-02	 4.3408e+00	 4.9424e+00
46	 0.0000e+00	-4.2000e-02	 4.2494e+00	 5.5245e+00
47	 3.0000e-03	-4.2000e-02	 4.3425e+00	 5.5817e+00
48	 6.0000e-03	-4.2000e-02	 4.4595e+00	 5.3197e+00
49	 9.0000e-03	-4.2000e-02	 4.3071e+00	 4.9877e+00
50	 1.2000e-02	-4.2000e-02	 4.3869e+00	 4.4296e+00
51	 1.5000e-02	-4.2000e-02	 4.1561e+00	 3.2152e+00
52	 1.8000e-02	-4.2000e-02	 4.2807e+00	 3.7426e+00
53	 2.1000e-02	-4.2000e-02	 4.2659e+00	 5.6135e+00
54	 2.4000e-02	-4.2000e-02	 4.3379e+00	 4.7563e+00
55	 2.7000e-02	-4.2000e-02	 4.3228e+00	 4.4440e+00
56	 3.0000e-02	-4.2000e-02	 4.2866e+00	 4.9072e+00
57	 3.3000e-02	-4.2000e-02	 4.1101e+00	 4.0193e+00
58	 3.6000e-02	-4.2000e-02	 4.1906e+00	 5.6108e+00
59	 3.9000e-02	-4.2000e-02	 4.2100e+00	 4.1847e+00
60	 4.2000e-02	-4.2000e-02	 4.1883e+00	 4.8510e+00
61	 4.5000e-02	-4.2000e-02	 4.2728e+00	 4.4983e+00
62	-4.5000e-02	-3.9000e-02	 4.1314e+00	 4.3941e+00
63	-4.2000e-02	-3.9000e-02	 4.2192e+00	 4.9953e+00
64	-3.9000e-02	-3.9000e-02	 4.2662e+00	 4.7195e+00
65	-3.6000e-02	-3.9000e-02	 4.2780e+00	 4.0535e+00
66	-3.3000e-02	-3.9000e-02	 4.2698e+00	 4.3859e+00
67	-3.0000e-02	-3.9000e-02	 4.1124e+00	 4.2304e+00
68	-2.7000e-02	-3.9000e-02	 4.2702e+00	 4.1784e+00
69	-2.4000e-02	-3.9000e-02	 4.2541e+00	 5.4583e+00
70	-2.1000e-02	-3.9000e-02	 4.3431e+00	 4.0105e+00
71	-1.8000e-02	-3.9000e-02	 4.3592e+00	 4.1927e+00
72	-1.5000e-02	-3.9000e-02	 4.2738e+00	 5.7855e+00
73	-1.2000e-02	-3.9000e-02	 4.2945e+00	 5.4029e+00
74	-9.0000e-03	-3.9000e-02	 4.2751e+00	 3.2202e+00
75	-6.0000e-03	-3.9000e-02	 4.5328e+00	 2.0421e+00
76	-3.0000e-03	-3.9000e-02	 4.6025e+00	 3.1177e+00
77	 0.0000e+00	-3.9000e-02	 4.5098e+00	 2.8192e+00
78	 3.0000e-03	-3.9000e-02	 4.5058e+00	 2.9576e+00
79	 6.0000e-03	-3.9000e-02	 4.4007e+00	 2.7239e+00
80	 9.0000e-03	-3.9000e-02	 4.3760e+00	 2.5212e+00
81	 1.2000e-02	-3.9000e-02	 4.2827e+00	 2.7285e+00
82	 1.5000e-02	-3.9000e-02	 4.2527e+00	 6.6603e+00
83	 1.8000e-02	-3.9000e-02	 4.3717e+00	 5.2081e+00
84	 2.1000e-02	-3.9000e-02	 4.1827e+00	 4.1043e+00
85	 2.4000e-02	-3.9000e-02	 4.3178e+00	 5.9049e+00
86	 2.7000e-02	-3.9000e-02	 4.3987e+00	 5.7770e+00
87	 3.0000e-02	-3.9000e-02	 4.3606e+00	 3.7814e+00
88	 3.3000e-02	-3.9000e-02	 4.3007e+00	 4.2963e+00
89	 3.6000e-02	-3.9000e-02	 4.2708e+00	 4.0882e+00
90	 3.9000e-02	-3.9000e-02	 4.3182e+00	 5.8243e+00
91	 4.2000e-02	-3.9000e-02	 4.1561e+00	 4.6018e+00
92	 4.5000e-02	-3.9000e-02	 4.3366e+00	 4.4628e+00
93	-4.5000e-02	-3.6000e-02	 4.2508e+00	 4.4953e+00
94	-4.2000e-02	-3.6000e-02	 4.2518e+00	 4.1525e+00
95	-3.9000e-02	-3.6000e-02	 4.3287e+00	 4.6554e+00
96	-3.6000e-02	-3.6000e-02	 4.2935e+00	 4.0051e+00
97	-3.3000e-02	-3.6000e-02	 4.4220e+00	 3.2275e+00
98	-3.0000e-02	-3.6000e-02	 4.2715e+00	 4.2527e+00
99	-2.7000e-02	-3.6000e-02	 4.2573e+00	 5.0739e+00
100	-2.4000e-02	-3.6000e-02	 4.2370e+00	 3.7574e+00
101	-2.1000e-02	-3.6000e-02	 4.4227e+00	 5.4417e+00
102	-1.8000e-02	-3.6000e-02	 4.2159e+00	 7.1330e+00
103	-1.5000e-02	-3.6000e-02	 4.5499e+00	 1.6717e+00
104	-1.2000e-02	-3.6000e-02	 4.5939e+00	 3.6735e+00
105	-9.0000e-03	-3.6000e-02	 4.5104e+00	 5.3799e+00
106	-6.0000e-03	-3.6000e-02	 4.5759e+00	 6.3878e+00
107	-3.0000e-03	-3.6000e-02	 4.6317e+00	 7.4821e+00
108	 0.0000e+00	-3.6000e-02	 4.7593e+00	 7.8118e+00
109	 3.0000e-03	-3.6000e-02	 4.6633e+00	 7.7158e+00
110	 6.0000e-03	-3.6000e-02	 4.6962e+00	 7.0488e+00
111	 9.0000e-03	-3.6000e-02	 4.4217e+00	 6.4256e+00
112	 1.2000e-02	-3.6000e-02	 4.4151e+00	 5.0362e+00
113	 1.5000e-02	-3.6000e-02	 4.4286e+00	 3.2183e+00
114	 1.8000e-02	-3.6000e-02	 4.3599e+00	 3.5266e+00
115	 2.1000e-02	-3.6000e-02	 4.3060e+00	 6.4763e+00
116	 2.4000e-02	-3.6000e-02	 4.3550e+00	 4.6797e+00
117	 2.7000e-02	-3.6000e-02	 4.4089e+00	 3.7896e+00
118	 3.0000e-02	-3.6000e-02	 4.2100e+00	 6.7211e+00
119	 3.3000e-02	-3.6000e-02	 4.3037e+00	 4.9427e+00
120	 3.6000e-02	-3.6000e-02	 4.2767e+00	 5.0398e+00
121	 3.9000e-02	-3.6000e-02	 4.4487e+00	 3.0621e+00
122	 4.2000e-02	-3.6000e-02	 4.2317e+00	 4.7090e+00
123	 4.5000e-02	-3.6000e-02	 4.2139e+00	 4.4723e+00
124	-4.5000e-02	-3.3000e-02	 4.3057e+00	 4.0798e+00
125	-4.2000e-02	-3.3000e-02	 4.2383e+00	 5.2409e+00
126	-3.9000e-02	-3.3000e-02	 4.2803e+00	 3.3754e+00
127	-3.6000e-02	-3.3000e-02	 4.2116e+00	 3.8478e+00
128	-3.3000e-02	-3.3000e-02	 4.2909e+00	 4.1472e+00
129	-3.0000e-02	-3.3000e-02	 4.3162e+00	 3.8392e+00
130	-2.7000e-02	-3.3000e-02	 4.3070e+00	 4.1203e+00
131	-2.4000e-02	-3.3000e-02	 4.4214e+00	 6.9006e+00
132	-2.1000e-02	-3.3000e-02	 4.2432e+00	 4.7537e+00
133	-1.8000e-02	-3.3000e-02	 4.5167e+00	 3.7035e+00
134	-1.5000e-02	-3.3000e-02	 4.5318e+00	 5.7300e+00
135	-1.2000e-02	-3.3000e-02	 4.4947e+00	 7.8798e+00
136	-9.0000e-03	-3.3000e-02	 4.8799e+00	 7.7138e+00
137	-6.0000e-03	-3.3000e-02	 4.9417e+00	 1.3032e+00
138	-3.0000e-03	-3.3000e-02	 5.0952e+00	 1.8459e+00
139	 0.0000e+00	-3.3000e-02	 5.1168e+00	 2.0303e+00
140	 3.0000e-03	-3.3000e-02	 5.0666e+00	 2.0441e+00
141	 6.0000e-03	-3.3000e-02	 5.0620e+00	 1.8203e+00
142	 9.0000e-03	-3.3000e-02	 5.0278e+00	 1.0415e+00
143	 1.2000e-02	-3.3000e-02	 4.9033e+00	 8.9692e+00
144	 1.5000e-02	-3.3000e-02	 4.4184e+00	 7.6569e+00
145	 1.8000e-02	-3.3000e-02	 4.4059e+00	 4.9943e+00
146	 2.1000e-02	-3.3000e-02	 4.5239e+00	 2.7153e+00
147	 2.4000e-02	-3.3000e-02	 4.3566e+00	 6.0334e+00
148	 2.7000e-02	-3.3000e-02	 4.1568e+00	 5.0765e+00
149	 3.0000e-02	-3.3000e-02	 4.4187e+00	 3.4150e+00
150	 3.3000e-02	-3.3000e-02	 4.2665e+00	 5.5124e+00
151	 3.6000e-02	-3.3000e-02	 4.2567e+00	 4.4097e+00
152	 3.9000e-02	-3.3000e-02	 4.3208e+00	 4.2794e+00
153	 4.2000e-02	-3.3000e-02	 4.4598e+00	 3.6178e+00
154	 4.5000e-02	-3.3000e-02	 4.2172e+00	 4.9759e+00
155	-4.5000e-02	-3.0000e-02	 4.2294e+00	 5.8552e+00
156	-4.2000e-02	-3.0000e-02	 4.3487e+00	 5.5771e+00
157	-3.9000e-02	-3.0000e-02	 4.2659e+00	 4.4194e+00
158	-3.6000e-02	-3.0000e-02	 4.3546e+00	 3.8944e+00
159	-3.3000e-02	-3.0000e-02	 4.3500e+00	 4.0726e+00
160	-3.0000e-02	-3.0000e-02	 4.2162e+00	 3.8451e+00
161	-2.7000e-02	-3.0000e-02	 4.3395e+00	 7.4104e+00
162	-2.4000e-02	-3.0000e-02	 4.4743e+00	 1.9941e+00
163	-2.1000e-02	-3.0000e-02	 4.5348e+00	 4.0069e+00
164	-1.8000e-02	-3.0000e-02	 4.6380e+00	 7.5873e+00
165	-1.5000e-02	-3.0000e-02	 4.9154e+00	 1.2993e+00
166	-1.2000e-02	-3.0000e-02	 4.9588e+00	 2.4734e+00
167	-9.0000e-03	-3.0000e-02	 5.0492e+00	 3.9303e+00
168	-6.0000e-03	-3.0000e-02	 5.1820e+00	 4.9891e+00
169	-3.0000e-03	-3.0000e-02	 5.2573e+00	 5.6097e+00
170	 0.0000e+00	-3.0000e-02	 5.3160e+00	 5.8812e+00
171	 3.0000e-03	-3.0000e-02	 5.3046e+00	 5.9266e+00
172	 6.0000e-03	-3.0000e-02	 5.1912e+00	 5.4907e+00
173	 9.0000e-03	-3.0000e-02	 5.1610e+00	 4.4789e+00
174	 1.2000e-02	-3.0000e-02	 5.0604e+00	 3.1105e+00
175	 1.5000e-02	-3.0000e-02	 4.9059e+00	 1.6993e+00
176	 1.8000e-02	-3.0000e-02	 4.5055e+00	 7.8029e+00
177	 2.1000e-02	-3.0000e-02	 4.4454e+00	 6.0536e+00
178	 2.4000e-02	-3.0000e-02	 4.4611e+00	 3.3190e+00
179	 2.7000e-02	-3.0000e-02	 4.3425e+00	 4.8796e+00
180	 3.0000e-02	-3.0000e-02	 4.4404e+00	 5.7556e+00
181	 3.3000e-02	-3.0000e-02	 4.3264e+00	 3.1798e+00
182	 3.6000e-02	-3.0000e-02	 4.3057e+00	 6.3250e+00
183	 3.9000e-02	-3.0000e-02	 4.3428e+00	 3.8517e+00
184	 4.2000e-02	-3.0000e-02	 4.0578e+00	 4.1334e+00
185	 4.5000e-02	-3.0000e-02	 4.3129e+00	 4.7744e+00
186	-4.5000e-02	-2.7000e-02	 4.2353e+00	 5.4315e+00
187	-4.2000e-02	-2.7000e-02	 4.2146e+00	 4.5581e+00
188	-3.9000e-02	-2.7000e-02	 4.2886e+00	 3.3143e+00
189	-3.6000e-02	-2.7000e-02	 4.2580e+00	 5.8128e+00
190	-3.3000e-02	-2.7000e-02	 4.2480e+00	 3.4572e+00
191	-3.0000e-02	-2.7000e-02	 4.2406e+00	 6.2978e+00
192	-2.7000e-02	-2.7000e-02	 4.5644e+00	 1.9130e+00
193	-2.4000e-02	-2.7000e-02	 4.5473e+00	 4.4470e+00
194	-2.1000e-02	-2.7000e-02	 4.4983e+00	 7.8598e+00
195	-1.8000e-02	-2.7000e-02	 4.8503e+00	 1.6191e+00
196	-1.5000e-02	-2.7000e-02	 5.1807e+00	 3.7735e+00
197	-1.2000e-02	-2.7000e-02	 5.1133e+00	 5.8519e+00
198	-9.0000e-03	-2.7000e-02	 5.2267e+00	 7.3953e+00
199	-6.0000e-03	-2.7000e-02	 5.3940e+00	 8.5810e+00
200	-3.0000e-03	-2.7000e-02	 5.4184e+00	 9.3048e+00
201	 0.0000e+00	-2.7000e-02	 5.3510e+00	 9.6129e+00
202	 3.0000e-03	-2.7000e-02	 5.3884e+00	 9.4998e+00
203	 6.0000e-03	-2.7000e-02	 5.4381e+00	 9.1507e+00
204	 9.0000e-03	-2.7000e-02	 5.2938e+00	 8.2950e+00
205	 1.2000e-02	-2.7000e-02	 5.1768e+00	 6.7092e+00
206	 1.5000e-02	-2.7000e-02	 5.0749e+00	 4.9670e+00
207	 1.8000e-02	-2.7000e-02	 4.9319e+00	 2.8836e+00
208	 2.1000e-02	-2.7000e-02	 4.5995e+00	 1.4754e+00
209	 2.4000e-02	-2.7000e-02	 4.3888e+00	 6.9351e+00
210	 2.7000e-02	-2.7000e-02	 4.3668e+00	 3.3379e+00
211	 3.0000e-02	-2.7000e-02	 4.4822e+00	 7.6497e+00
212	 3.3000e-02	-2.7000e-02	 4.4674e+00	 5.7901e+00
213	 3.6000e-02	-2.7000e-02	 4.3964e+00	 3.6870e+00
214	 3.9000e-02	-2.7000e-02	 4.2468e+00	 4.5252e+00
215	 4.2000e-02	-2.7000e-02	 4.5114e+00	 2.5778e+00
216	 4.5000e-02	-2.7000e-02	 4.2304e+00	 6.2024e+00
217	-4.5000e-02	-2.4000e-02	 4.2110e+00	 5.2681e+00
218	-4.2000e-02	-2.4000e-02	 4.2784e+00	 4.4066e+00
219	-3.9000e-02	-2.4000e-02	 4.2771e+00	 5.4779e+00
220	-3.6000e-02	-2.4000e-02	 4.3040e+00	 3.4515e+00
221	-3.3000e-02	-2.4000e-02	 4.3461e+00	 5.4739e+00
222	-3.0000e-02	-2.4000e-02	 4.4247e+00	 1.5775e+00
223	-2.7000e-02	-2.4000e-02	 4.5558e+00	 4.0996e+00
224	-2.4000e-02	-2.4000e-02	 4.5272e+00	 7.3009e+00
225	-2.1000e-02	-2.4000e-02	 4.7807e+00	 1.7808e+00
226	-1.8000e-02	-2.4000e-02	 5.1761e+00	 4.5174e+00
227	-1.5000e-02	-2.4000e-02	 5.2008e+00	 6.8437e+00
228	-1.2000e-02	-2.4000e-02	 5.2997e+00	 8.9685e+00
229	-9.0000e-03	-2.4000e-02	 5.4670e+00	 7.4800e-01
230	-6.0000e-03	-2.4000e-02	 5.5456e+00	 1.7637e+00
231	-3.0000e-03	-2.4000e-02	 5.5502e+00	 2.4205e+00
232	 0.0000e+00	-2.4000e-02	 5.5604e+00	 2.8666e+00
233	 3.0000e-03	-2.4000e-02	 5.5988e+00	 2.8307e+00
234	 6.0000e-03	-2.4000e-02	 5.5811e+00	 2.1858e+00
235	 9.0000e-03	-2.4000e-02	 5.5554e+00	 1.2647e+00
236	 1.2000e-02	-2.4000e-02	 5.3756e+00	 5.4618e-01
237	 1.5000e-02	-2.4000e-02	 5.1728e+00	 8.1523e+00
238	 1.8000e-02	-2.4000e-02	 5.1212e+00	 5.7372e+00
239	 2.1000e-02	-2.4000e-02	 5.0578e+00	 3.4300e+00
240	 2.4000e-02	-2.4000e-02	 4.7080e+00	 1.3676e+00
241	 2.7000e-02	-2.4000e-02	 4.2468e+00	 6.4601e+00
242	 3.0000e-02	-2.4000e-02	 4.6160e+00	 2.7531e+00
243	 3.3000e-02	-2.4000e-02	 4.5491e+00	 7.9916e+00
244	 3.6000e-02	-2.4000e-02	 4.4427e+00	 5.2507e+00
245	 3.9000e-02	-2.4000e-02	 4.2879e+00	 5.0328e+00
246	 4.2000e-02	-2.4000e-02	 4.5134e+00	 3.2202e+00
247	 4.5000e-02	-2.4000e-02	 4.3152e+00	 6.1537e+00
248	-4.5000e-02	-2.1000e-02	 4.2218e+00	 5.1173e+00
249	-4.2000e-02	-2.1000e-02	 4.3625e+00	 3.7856e+00
250	-3.9000e-02	-2.1000e-02	 4.2133e+00	 5.8467e+00
251	-3.6000e-02	-2.1000e-02	 4.1909e+00	 3.6714e+00
252	-3.3000e-02	-2.1000e-02	 4.3711e+00	 6.6330e+00
253	-3.0000e-02	-2.1000e-02	 4.7856e+00	 2.8526e+00
254	-2.7000e-02	-2.1000e-02	 4.4279e+00	 6.3907e+00
255	-2.4000e-02	-2.1000e-02	 4.7435e+00	 1.9080e+00
256	-2.1000e-02	-2.1000e-02	 5.1334e+00	 4.5003e+00
257	-1.8000e-02	-2.1000e-02	 5.2103e+00	 6.9923e+00
258	-1.5000e-02	-2.1000e-02	 5.2911e+00	 9.5527e+00
259	-1.2000e-02	-2.1000e-02	 5.5374e+00	 1.8962e+00
260	-9.0000e-03	-2.1000e-02	 5.6698e+00	 3.3876e+00
261	-6.0000e-03	-2.1000e-02	 5.6833e+00	 4.5900e+00
262	-3.0000e-03	-2.1000e-02	 5.7201e+00	 5.4036e+00
263	 0.0000e+00	-2.1000e-02	 5.7671e+00	 5.9282e+00
264	 3.0000e-03	-2.1000e-02	 5.7431e+00	 5.7251e+00
265	 6.0000e-03	-2.1000e-02	 5.6942e+00	 5.0058e+00
266	 9.0000e-03	-2.1000e-02	 5.6324e+00	 4.0292e+00
267	 1.2000e-02	-2.1000e-02	 5.5512e+00	 2.8619e+00
268	 1.5000e-02	-2.1000e-02	 5.4220e+00	 1.1803e+00
269	 1.8000e-02	-2.1000e-02	 5.1215e+00	 8.5376e+00
270	 2.1000e-02	-2.1000e-02	 5.1163e+00	 5.9233e+00
271	 2.4000e-02	-2.1000e-02	 5.0502e+00	 3.4214e+00
272	 2.7000e-02	-2.1000e-02	 4.5522e+00	 2.0382e+00
273	 3.0000e-02	-2.1000e-02	 4.3089e+00	 4.2830e+00
274	 3.3000e-02	-2.1000e-02	 4.5765e+00	 1.6355e+00
275	 3.6000e-02	-2.1000e-02	 4.4437e+00	 7.2303e+00
276	 3.9000e-02	-2.1000e-02	 4.1489e+00	 4.0483e+00
277	 4.2000e-02	-2.1000e-02	 4.3563e+00	 4.2123e+00
278	 4.5000e-02	-2.1000e-02	 4.2172e+00	 3.0511e+00
279	-4.5000e-02	-1.8000e-02	 4.2960e+00	 2.8547e+00
280	-4.2000e-02	-1.8000e-02	 4.3638e+00	 4.3477e+00
281	-3.9000e-02	-1.8000e-02	 4.2340e+00	 4.4348e+00
282	-3.6000e-02	-1.8000e-02	 4.3017e+00	 7.1801e+00
283	-3.3000e-02	-1.8000e-02	 4.6084e+00	 1.6441e+00
284	-3.0000e-02	-1.8000e-02	 4.5483e+00	 4.6189e+00
285	-2.7000e-02	-1.8000e-02	 4.5930e+00	 1.3821e+00
286	-2.4000e-02	-1.8000e-02	 5.1902e+00	 3.9191e+00
287	-2.1000e-02	-1.8000e-02	 5.2994e+00	 6.5501e+00
288	-1.8000e-02	-1.8000e-02	 5.2974e+00	 9.3814e+00
289	-1.5000e-02	-1.8000e-02	 5.5923e+00	 2.4211e+00
290	-1.2000e-02	-1.8000e-02	 5.8033e+00	 4.3507e+00
291	-9.0000e-03	-1.8000e-02	 5.7336e+00	 5.7895e+00
292	-6.0000e-03	-1.8000e-02	 5.7921e+00	 7.2493e+00
293	-3.0000e-03	-1.8000e-02	 5.8989e+00	 8.1724e+00
294	 0.0000e+00	-1.8000e-02	 5.9512e+00	 8.4383e+00
295	 3.0000e-03	-1.8000e-02	 5.8943e+00	 8.3196e+00
296	 6.0000e-03	-1.8000e-02	 5.7451e+00	 7.7118e+00
297	 9.0000e-03	-1.8000e-02	 5.6942e+00	 6.6136e+00
298	 1.2000e-02	-1.8000e-02	 5.7428e+00	 5.1751e+00
299	 1.5000e-02	-1.8000e-02	 5.6264e+00	 3.3327e+00
300	 1.8000e-02	-1.8000e-02	 5.3533e+00	 1.1319e+00
301	 2.1000e-02	-1.8000e-02	 5.2474e+00	 8.4735e+00
302	 2.4000e-02	-1.8000e-02	 5.1321e+00	 5.6583e+00
303	 2.7000e-02	-1.8000e-02	 4.7876e+00	 2.6930e+00
304	 3.0000e-02	-1.8000e-02	 4.3599e+00	 8.1615e+00
305	 3.3000e-02	-1.8000e-02	 4.3523e+00	 3.6075e+00
306	 3.6000e-02	-1.8000e-02	 4.5006e+00	 7.9995e+00
307	 3.9000e-02	-1.8000e-02	 4.4667e+00	 4.9818e+00
308	 4.2000e-02	-1.8000e-02	 4.2347e+00	 4.0415e+00
309	 4.5000e-02	-1.8000e-02	 4.2015e+00	 3.0897e+00
310	-4.5000e-02	-1.5000e-02	 4.3201e+00	 2.9520e+00
311	-4.2000e-02	-1.5000e-02	 4.3632e+00	 5.3875e+00
312	-3.9000e-02	-1.5000e-02	 4.2619e+00	 5.2274e+00
313	-3.6000e-02	-1.5000e-02	 4.5565e+00	 7.8627e+00
314	-3.3000e-02	-1.5000e-02	 4.6794e+00	 2.6279e+00
315	-3.0000e-02	-1.5000e-02	 4.1074e+00	 5.9621e+00
316	-2.7000e-02	-1.5000e-02	 5.0104e+00	 2.8330e+00
317	-2.4000e-02	-1.5000e-02	 5.2911e+00	 5.4890e+00
318	-2.1000e-02	-1.5000e-02	 5.2839e+00	 8.7667e+00
319	-1.8000e-02	-1.5000e-02	 5.5005e+00	 2.0035e+00
320	-1.5000e-02	-1.5000e-02	 5.7780e+00	 4.3464e+00
321	-1.2000e-02	-1.5000e-02	 5.8953e+00	 6.1567e+00
322	-9.0000e-03	-1.5000e-02	 5.8325e+00	 8.0501e+00
323	-6.0000e-03	-1.5000e-02	 5.9095e+00	 9.5737e+00
324	-3.0000e-03	-1.5000e-02	 6.0643e+00	 3.6473e-01
325	 0.0000e+00	-1.5000e-02	 6.1156e+00	 7.1152e-01
326	 3.0000e-03	-1.5000e-02	 6.0442e+00	 6.5202e-01
327	 6.0000e-03	-1.5000e-02	 5.9231e+00	 3.5750e-01
328	 9.0000e-03	-1.5000e-02	 5.7537e+00	 9.0119e+00
329	 1.2000e-02	-1.5000e-02	 5.7777e+00	 7.1787e+00
330	 1.5000e-02	-1.5000e-02	 5.6692e+00	 5.3411e+00
331	 1.8000e-02	-1.5000e-02	 5.4808e+00	 3.1916e+00
332	 2.1000e-02	-1.5000e-02	 5.4088e+00	 7.2039e-01
333	 2.4000e-02	-1.5000e-02	 5.1856e+00	 7.7161e+00
334	 2.7000e-02	-1.5000e-02	 4.9296e+00	 4.1393e+00
335	 3.0000e-02	-1.5000e-02	 4.7317e+00	 1.2358e+00
336	 3.3000e-02	-1.5000e-02	 4.4230e+00	 6.6300e+00
337	 3.6000e-02	-1.5000e-02	 4.3300e+00	 6.5393e+00
338	 3.9000e-02	-1.5000e-02	 4.6120e+00	 5.8602e+00
339	 4.2000e-02	-1.5000e-02	 4.3201e+00	 2.9251e+00
340	 4.5000e-02	-1.5000e-02	 4.2383e+00	 5.1488e+00
341	-4.5000e-02	-1.2000e-02	 4.2550e+00	 3.1346e+00
342	-4.2000e-02	-1.2000e-02	 4.3086e+00	 5.4489e+00
343	-3.9000e-02	-1.2000e-02	 4.3306e+00	 5.5768e+00
344	-3.6000e-02	-1.2000e-02	 4.6751e+00	 1.3919e+00
345	-3.3000e-02	-1.2000e-02	 4.4602e+00	 3.6788e+00
346	-3.0000e-02	-1.2000e-02	 4.6574e+00	 1.6086e+00
347	-2.7000e-02	-1.2000e-02	 5.2856e+00	 3.8859e+00
348	-2.4000e-02	-1.2000e-02	 5.2911e+00	 6.9364e+00
349	-2.1000e-02	-1.2000e-02	 5.3625e+00	 8.1736e-01
350	-1.8000e-02	-1.2000e-02	 5.7721e+00	 3.5371e+00
351	-1.5000e-02	-1.2000e-02	 5.9006e+00	 5.8146e+00
352	-1.2000e-02	-1.2000e-02	 5.9358e+00	 7.8295e+00
353	-9.0000e-03	-1.2000e-02	 5.9851e+00	 9.7483e+00
354	-6.0000e-03	-1.2000e-02	 6.1448e+00	 1.2808e+00
355	-3.0000e-03	-1.2000e-02	 6.2582e+00	 2.0740e+00
356	 0.0000e+00	-1.2000e-02	 6.2625e+00	 2.3925e+00
357	 3.0000e-03	-1.2000e-02	 6.2490e+00	 2.3442e+00
358	 6.0000e-03	-1.2000e-02	 6.1517e+00	 1.9153e+00
359	 9.0000e-03	-1.2000e-02	 5.9841e+00	 7.9139e-01
360	 1.2000e-02	-1.2000e-02	 5.8036e+00	 8.9639e+00
361	 1.5000e-02	-1.2000e-02	 5.7136e+00	 6.8940e+00
362	 1.8000e-02	-1.2000e-02	 5.6859e+00	 4.7511e+00
363	 2.1000e-02	-1.2000e-02	 5.5817e+00	 2.2999e+00
364	 2.4000e-02	-1.2000e-02	 5.2622e+00	 9.2851e+00
365	 2.7000e-02	-1.2000e-02	 4.9286e+00	 5.6876e+00
366	 3.0000e-02	-1.2000e-02	 4.9266e+00	 2.0490e+00
367	 3.3000e-02	-1.2000e-02	 4.6939e+00	 8.6743e+00
368	 3.6000e-02	-1.2000e-02	 4.2435e+00	 5.9121e+00
369	 3.9000e-02	-1.2000e-02	 4.6265e+00	 6.5094e+00
370	 4.2000e-02	-1.2000e-02	 4.5683e+00	 3.6676e+00
371	 4.5000e-02	-1.2000e-02	 4.2264e+00	 4.8201e+00
372	-4.5000e-02	-9.0000e-03	 4.3389e+00	 4.0539e+00
373	-4.2000e-02	-9.0000e-03	 4.2021e+00	 4.6041e+00
374	-3.9000e-02	-9.0000e-03	 4.2652e+00	 6.3171e+00
375	-3.6000e-02	-9.0000e-03	 4.7465e+00	 1.4850e+00
376	-3.3000e-02	-9.0000e-03	 4.3642e+00	 4.5341e+00
377	-3.0000e-02	-9.0000e-03	 4.9963e+00	 2.0878e+00
378	-2.7000e-02	-9.0000e-03	 5.3720e+00	 4.8908e+00
379	-2.4000e-02	-9.0000e-03	 5.3217e+00	 8.3430e+00
380	-2.1000e-02	-9.0000e-03	 5.5627e+00	 2.0277e+00
381	-1.8000e-02	-9.0000e-03	 5.9052e+00	 4.7386e+00
382	-1.5000e-02	-9.0000e-03	 5.9437e+00	 6.9305e+00
383	-1.2000e-02	-9.0000e-03	 5.9141e+00	 9.1872e+00
384	-9.0000e-03	-9.0000e-03	 6.1149e+00	 1.1336e+00
385	-6.0000e-03	-9.0000e-03	 6.3158e+00	 2.4918e+00
386	-3.0000e-03	-9.0000e-03	 6.3822e+00	 3.3862e+00
387	 0.0000e+00	-9.0000e-03	 6.3654e+00	 3.7633e+00
388	 3.0000e-03	-9.0000e-03	 6.3641e+00	 3.6913e+00
389	 6.0000e-03	-9.0000e-03	 6.3250e+00	 3.1151e+00
390	 9.0000e-03	-9.0000e-03	 6.1235e+00	 2.0661e+00
391	 1.2000e-02	-9.0000e-03	 5.8552e+00	 3.3021e-01
392	 1.5000e-02	-9.0000e-03	 5.7934e+00	 8.1960e+00
393	 1.8000e-02	-9.0000e-03	 5.7017e+00	 5.9519e+00
394	 2.1000e-02	-9.0000e-03	 5.6514e+00	 3.4336e+00
395	 2.4000e-02	-9.0000e-03	 5.4539e+00	 7.8449e-01
396	 2.7000e-02	-9.0000e-03	 4.9519e+00	 7.0679e+00
397	 3.0000e-02	-9.0000e-03	 5.0167e+00	 3.1022e+00
398	 3.3000e-02	-9.0000e-03	 4.9190e+00	 8.7064e+00
399	 3.6000e-02	-9.0000e-03	 4.4552e+00	 7.1885e+00
400	 3.9000e-02	-9.0000e-03	 4.5622e+00	 6.9492e+00
401	 4.2000e-02	-9.0000e-03	 4.7264e+00	 4.0111e+00
402	 4.5000e-02	-9.0000e-03	 4.3241e+00	 4.7455e+00
403	-4.5000e-02	-6.0000e-03	 4.2797e+00	 3.4217e+00
404	-4.2000e-02	-6.0000e-03	 4.3576e+00	 4.0680e+00
405	-3.9000e-02	-6.0000e-03	 4.4993e+00	 6.6474e+00
406	-3.6000e-02	-6.0000e-03	 4.6008e+00	 1.9317e+00
407	-3.3000e-02	-6.0000e-03	 4.1291e+00	 5.9765e+00
408	-3.0000e-02	-6.0000e-03	 5.1620e+00	 2.6088e+00
409	-2.7000e-02	-6.0000e-03	 5.3654e+00	 5.4963e+00
410	-2.4000e-02	-6.0000e-03	 5.2935e+00	 9.1898e+00
411	-2.1000e-02	-6.0000e-03	 5.6981e+00	 2.9208e+00
412	-1.8000e-02	-6.0000e-03	 5.9808e+00	 5.5939e+00
413	-1.5000e-02	-6.0000e-03	 5.9992e+00	 7.7937e+00
414	-1.2000e-02	-6.0000e-03	 5.9538e+00	 1.9802e+00
415	-9.0000e-03	-6.0000e-03	 6.2789e+00	 2.0158e+00
416	-6.0000e-03	-6.0000e-03	 6.4512e+00	 3.2991e+00
417	-3.0000e-03	-6.0000e-03	 6.5081e+00	 4.1351e+00
418	 0.0000e+00	-6.0000e-03	 6.4637e+00	 4.6005e+00
419	 3.0000e-03	-6.0000e-03	 6.4519e+00	 4.4697e+00
420	 6.0000e-03	-6.0000e-03	 6.4298e+00	 3.8386e+00
421	 9.0000e-03	-6.0000e-03	 6.2704e+00	 2.8623e+00
422	 1.2000e-02	-6.0000e-03	 5.9785e+00	 1.3564e+00
423	 1.5000e-02	-6.0000e-03	 5.7724e+00	 9.1382e+00
424	 1.8000e-02	-6.0000e-03	 5.7129e+00	 6.7362e+00
425	 2.1000e-02	-6.0000e-03	 5.7369e+00	 4.1568e+00
426	 2.4000e-02	-6.0000e-03	 5.5571e+00	 1.7003e+00
427	 2.7000e-02	-6.0000e-03	 4.9006e+00	 8.3407e+00
428	 3.0000e-02	-6.0000e-03	 4.8743e+00	 3.4360e+00
429	 3.3000e-02	-6.0000e-03	 5.0186e+00	 5.4519e-01
430	 3.6000e-02	-6.0000e-03	 4.5953e+00	 7.1846e+00
431	 3.9000e-02	-6.0000e-03	 4.5246e+00	 6.6700e+00
432	 4.2000e-02	-6.0000e-03	 4.6081e+00	 4.4099e+00
433	 4.5000e-02	-6.0000e-03	 4.3855e+00	 3.0000e+00
434	-4.5000e-02	-3.0000e-03	 4.3504e+00	 3.2097e+00
435	-4.2000e-02	-3.0000e-03	 4.3392e+00	 4.4355e+00
436	-3.9000e-02	-3.0000e-03	 4.4996e+00	 7.4995e+00
437	-3.6000e-02	-3.0000e-03	 4.5552e+00	 1.8357e+00
438	-3.3000e-02	-3.0000e-03	 4.3533e+00	 5.8266e+00
439	-3.0000e-02	-3.0000e-03	 5.2764e+00	 2.9911e+00
440	-2.7000e-02	-3.0000e-03	 5.3572e+00	 5.7173e+00
441	-2.4000e-02	-3.0000e-03	 5.1814e+00	 9.4945e+00
442	-2.1000e-02	-3.0000e-03	 5.7911e+00	 3.4957e+00
443	-1.8000e-02	-3.0000e-03	 6.0341e+00	 5.9887e+00
444	-1.5000e-02	-3.0000e-03	 5.9686e+00	 8.1947e+00
445	-1.2000e-02	-3.0000e-03	 5.9128e+00	 5.5078e-01
446	-9.0000e-03	-3.0000e-03	 6.2415e+00	 2.5132e+00
447	-6.0000e-03	-3.0000e-03	 6.4519e+00	 3.7035e+00
448	-3.0000e-03	-3.0000e-03	 6.5778e+00	 4.5637e+00
449	 0.0000e+00	-3.0000e-03	 6.4989e+00	 5.0936e+00
450	 3.0000e-03	-3.0000e-03	 6.4828e+00	 4.9230e+00
451	 6.0000e-03	-3.0000e-03	 6.4936e+00	 4.2162e+00
452	 9.0000e-03	-3.0000e-03	 6.3230e+00	 3.2972e+00
453	 1.2000e-02	-3.0000e-03	 6.0380e+00	 1.8525e+00
454	 1.5000e-02	-3.0000e-03	 5.7030e+00	 9.5708e+00
455	 1.8000e-02	-3.0000e-03	 5.7638e+00	 7.1024e+00
456	 2.1000e-02	-3.0000e-03	 5.8079e+00	 4.5959e+00
457	 2.4000e-02	-3.0000e-03	 5.6287e+00	 2.2085e+00
458	 2.7000e-02	-3.0000e-03	 4.9687e+00	 8.7812e+00
459	 3.0000e-02	-3.0000e-03	 4.9164e+00	 3.7399e+00
460	 3.3000e-02	-3.0000e-03	 5.1603e+00	 5.7576e-01
461	 3.6000e-02	-3.0000e-03	 4.8060e+00	 7.5097e+00
462	 3.9000e-02	-3.0000e-03	 4.4901e+00	 6.8187e+00
463	 4.2000e-02	-3.0000e-03	 4.7734e+00	 4.5111e+00
464	 4.5000e-02	-3.0000e-03	 4.5233e+00	 1.7644e+00
465	-4.5000e-02	 0.0000e+00	 4.4023e+00	 3.0822e+00
466	-4.2000e-02	 0.0000e+00	 4.4526e+00	 4.2153e+00
467	-3.9000e-02	 0.0000e+00	 4.6597e+00	 7.1980e+00
468	-3.6000e-02	 0.0000e+00	 4.5525e+00	 1.8502e+00
469	-3.3000e-02	 0.0000e+00	 4.4477e+00	 4.2322e+00
470	-3.0000e-02	 0.0000e+00	 5.3599e+00	 3.0644e+00
471	-2.7000e-02	 0.0000e+00	 5.4502e+00	 5.7615e+00
472	-2.4000e-02	 0.0000e+00	 5.1278e+00	 9.3380e+00
473	-2.1000e-02	 0.0000e+00	 5.7421e+00	 3.6367e+00
474	-1.8000e-02	 0.0000e+00	 6.0669e+00	 6.1129e+00
475	-1.5000e-02	 0.0000e+00	 5.9893e+00	 8.2943e+00
476	-1.2000e-02	 0.0000e+00	 5.8963e+00	 5.6951e-01
477	-9.0000e-03	 0.0000e+00	 6.2402e+00	 2.5543e+00
478	-6.0000e-03	 0.0000e+00	 6.4995e+00	 3.7334e+00
479	-3.0000e-03	 0.0000e+00	 6.5718e+00	 4.6074e+00
480	 0.0000e+00	 0.0000e+00	 6.4752e+00	 5.1883e+00
481	 3.0000e-03	 0.0000e+00	 6.4640e+00	 5.0482e+00
482	 6.0000e-03	 0.0000e+00	 6.4413e+00	 4.2988e+00
483	 9.0000e-03	 0.0000e+00	 6.3603e+00	 3.3547e+00
484	 1.2000e-02	 0.0000e+00	 6.0436e+00	 1.9274e+00
485	 1.5000e-02	 0.0000e+00	 5.7172e+00	 9.5557e+00
486	 1.8000e-02	 0.0000e+00	 5.8381e+00	 7.1238e+00
487	 2.1000e-02	 0.0000e+00	 5.8289e+00	 4.7708e+00
488	 2.4000e-02	 0.0000e+00	 5.6064e+00	 2.3166e+00
489	 2.7000e-02	 0.0000e+00	 4.7876e+00	 8.6234e+00
490	 3.0000e-02	 0.0000e+00	 5.1370e+00	 3.8400e+00
491	 3.3000e-02	 0.0000e+00	 5.2662e+00	 9.3570e-01
492	 3.6000e-02	 0.0000e+00	 4.7744e+00	 7.9127e+00
493	 3.9000e-02	 0.0000e+00	 4.6904e+00	 7.5162e+00
494	 4.2000e-02	 0.0000e+00	 4.8592e+00	 5.0548e+00
495	 4.5000e-02	 0.0000e+00	 4.5249e+00	 1.8226e+00
496	-4.5000e-02	 3.0000e-03	 4.3185e+00	 3.0809e+00
497	-4.2000e-02	 3.0000e-03	 4.4878e+00	 4.3740e+00
498	-3.9000e-02	 3.0000e-03	 4.7302e+00	 7.5251e+00
499	-3.6000e-02	 3.0000e-03	 4.6359e+00	 1.4238e+00
500	-3.3000e-02	 3.0000e-03	 4.4447e+00	 2.6263e+00
501	-3.0000e-02	 3.0000e-03	 5.3674e+00	 2.8889e+00
502	-2.7000e-02	 3.0000e-03	 5.4943e+00	 5.4489e+00
503	-2.4000e-02	 3.0000e-03	 5.1889e+00	 9.0806e+00
504	-2.1000e-02	 3.0000e-03	 5.6209e+00	 3.3948e+00
505	-1.8000e-02	 3.0000e-03	 6.0133e+00	 5.8687e+00
506	-1.5000e-02	 3.0000e-03	 5.9890e+00	 8.0060e+00
507	-1.2000e-02	 3.0000e-03	 5.8812e+00	 3.5651e-01
508	-9.0000e-03	 3.0000e-03	 6.2037e+00	 2.2479e+00
509	-6.0000e-03	 3.0000e-03	 6.5048e+00	 3.4395e+00
510	-3.0000e-03	 3.0000e-03	 6.5258e+00	 4.3047e+00
511	 0.0000e+00	 3.0000e-03	 6.4229e+00	 4.8819e+00
512	 3.0000e-03	 3.0000e-03	 6.3759e+00	 4.6958e+00
513	 6.0000e-03	 3.0000e-03	 6.4259e+00	 3.9247e+00
514	 9.0000e-03	 3.0000e-03	 6.3598e+00	 2.9379e+00
515	 1.2000e-02	 3.0000e-03	 6.0531e+00	 1.6138e+00
516	 1.5000e-02	 3.0000e-03	 5.7132e+00	 9.4074e+00
517	 1.8000e-02	 3.0000e-03	 5.7412e+00	 6.8683e+00
518	 2.1000e-02	 3.0000e-03	 5.8102e+00	 4.5154e+00
519	 2.4000e-02	 3.0000e-03	 5.5423e+00	 2.0471e+00
520	 2.7000e-02	 3.0000e-03	 4.8224e+00	 8.1865e+00
521	 3.0000e-02	 3.0000e-03	 4.9831e+00	 3.6515e+00
522	 3.3000e-02	 3.0000e-03	 5.0420e+00	 8.0454e-01
523	 3.6000e-02	 3.0000e-03	 4.6077e+00	 7.6103e+00
524	 3.9000e-02	 3.0000e-03	 4.5453e+00	 7.2612e+00
525	 4.2000e-02	 3.0000e-03	 4.8125e+00	 4.8687e+00
526	 4.5000e-02	 3.0000e-03	 4.3546e+00	 1.8038e+00
527	-4.5000e-02	 6.0000e-03	 4.5098e+00	 2.6729e+00
528	-4.2000e-02	 6.0000e-03	 4.4250e+00	 4.6050e+00
529	-3.9000e-02	 6.0000e-03	 4.6929e+00	 7.1882e+00
530	-3.6000e-02	 6.0000e-03	 4.8217e+00	 1.1027e+00
531	-3.3000e-02	 6.0000e-03	 4.3599e+00	 2.5936e+00
532	-3.0000e-02	 6.0000e-03	 5.1800e+00	 2.5641e+00
533	-2.7000e-02	 6.0000e-03	 5.4959e+00	 5.0486e+00
534	-2.4000e-02	 6.0000e-03	 5.3322e+00	 8.1942e+00
535	-2.1000e-02	 6.0000e-03	 5.4795e+00	 2.6460e+00
536	-1.8000e-02	 6.0000e-03	 5.8835e+00	 5.2698e+00
537	-1.5000e-02	 6.0000e-03	 5.9673e+00	 7.3963e+00
538	-1.2000e-02	 6.0000e-03	 5.8717e+00	 9.5764e+00
539	-9.0000e-03	 6.0000e-03	 6.1373e+00	 1.5708e+00
540	-6.0000e-03	 6.0000e-03	 6.3979e+00	 2.8347e+00
541	-3.0000e-03	 6.0000e-03	 6.4525e+00	 3.6985e+00
542	 0.0000e+00	 6.0000e-03	 6.3588e+00	 4.0726e+00
543	 3.0000e-03	 6.0000e-03	 6.3233e+00	 3.8458e+00
544	 6.0000e-03	 6.0000e-03	 6.3838e+00	 3.2521e+00
545	 9.0000e-03	 6.0000e-03	 6.2549e+00	 2.3929e+00
546	 1.2000e-02	 6.0000e-03	 5.9197e+00	 9.3438e-01
547	 1.5000e-02	 6.0000e-03	 5.7047e+00	 8.5050e+00
548	 1.8000e-02	 6.0000e-03	 5.7566e+00	 6.2421e+00
549	 2.1000e-02	 6.0000e-03	 5.7122e+00	 3.9480e+00
550	 2.4000e-02	 6.0000e-03	 5.4716e+00	 1.3334e+00
551	 2.7000e-02	 6.0000e-03	 4.6291e+00	 7.2575e+00
552	 3.0000e-02	 6.0000e-03	 5.0298e+00	 2.9376e+00
553	 3.3000e-02	 6.0000e-03	 5.0196e+00	 8.6671e+00
554	 3.6000e-02	 6.0000e-03	 4.4960e+00	 6.8940e+00
555	 3.9000e-02	 6.0000e-03	 4.5269e+00	 7.4594e+00
556	 4.2000e-02	 6.0000e-03	 4.6577e+00	 4.6883e+00
557	 4.5000e-02	 6.0000e-03	 4.2813e+00	 2.1674e+00
558	-4.5000e-02	 9.0000e-03	 4.4559e+00	 2.2302e+00
559	-4.2000e-02	 9.0000e-03	 4.5548e+00	 4.7636e+00
560	-3.9000e-02	 9.0000e-03	 4.6291e+00	 7.0034e+00
561	-3.6000e-02	 9.0000e-03	 4.8352e+00	 9.5805e-01
562	-3.3000e-02	 9.0000e-03	 4.3811e+00	 3.3629e+00
563	-3.0000e-02	 9.0000e-03	 4.7254e+00	 1.9797e+00
564	-2.7000e-02	 9.0000e-03	 5.3306e+00	 4.4256e+00
565	-2.4000e-02	 9.0000e-03	 5.3056e+00	 7.4351e+00
566	-2.1000e-02	 9.0000e-03	 5.4032e+00	 1.4570e+00
567	-1.8000e-02	 9.0000e-03	 5.7152e+00	 4.2439e+00
568	-1.5000e-02	 9.0000e-03	 5.7869e+00	 6.3940e+00
569	-1.2000e-02	 9.0000e-03	 5.8092e+00	 8.3581e+00
570	-9.0000e-03	 9.0000e-03	 5.9700e+00	 3.4665e-01
571	-6.0000e-03	 9.0000e-03	 6.1764e+00	 1.7394e+00
572	-3.0000e-03	 9.0000e-03	 6.1649e+00	 2.6072e+00
573	 0.0000e+00	 9.0000e-03	 6.1218e+00	 2.8587e+00
574	 3.0000e-03	 9.0000e-03	 6.1166e+00	 2.6312e+00
575	 6.0000e-03	 9.0000e-03	 6.1787e+00	 2.2187e+00
576	 9.0000e-03	 9.0000e-03	 6.0436e+00	 1.3354e+00
577	 1.2000e-02	 9.0000e-03	 5.7454e+00	 9.5958e+00
578	 1.5000e-02	 9.0000e-03	 5.7145e+00	 7.2529e+00
579	 1.8000e-02	 9.0000e-03	 5.7159e+00	 5.3362e+00
580	 2.1000e-02	 9.0000e-03	 5.5959e+00	 3.0802e+00
581	 2.4000e-02	 9.0000e-03	 5.0778e+00	 7.7529e-01
582	 2.7000e-02	 9.0000e-03	 4.8471e+00	 5.8631e+00
583	 3.0000e-02	 9.0000e-03	 5.2274e+00	 2.4195e+00
584	 3.3000e-02	 9.0000e-03	 4.9605e+00	 9.0586e+00
585	 3.6000e-02	 9.0000e-03	 4.4092e+00	 6.9538e+00
586	 3.9000e-02	 9.0000e-03	 4.5936e+00	 6.8348e+00
587	 4.2000e-02	 9.0000e-03	 4.8063e+00	 4.3352e+00
588	 4.5000e-02	 9.0000e-03	 4.4302e+00	 2.4200e+00
589	-4.5000e-02	 1.2000e-02	 4.4993e+00	 2.2759e+00
590	-4.2000e-02	 1.2000e-02	 4.5197e+00	 5.4954e+00
591	-3.9000e-02	 1.2000e-02	 4.3178e+00	 6.6780e+00
592	-3.6000e-02	 1.2000e-02	 4.7162e+00	 3.6558e+00
593	-3.3000e-02	 1.2000e-02	 4.6419e+00	 3.7380e+00
594	-3.0000e-02	 1.2000e-02	 4.2504e+00	 6.5879e+00
595	-2.7000e-02	 1.2000e-02	 4.9154e+00	 3.1818e+00
596	-2.4000e-02	 1.2000e-02	 5.1475e+00	 6.2727e+00
597	-2.1000e-02	 1.2000e-02	 5.2655e+00	 9.3640e+00
598	-1.8000e-02	 1.2000e-02	 5.4568e+00	 2.8218e+00
599	-1.5000e-02	 1.2000e-02	 5.6718e+00	 5.0512e+00
600	-1.2000e-02	 1.2000e-02	 5.8588e+00	 6.8858e+00
601	-9.0000e-03	 1.2000e-02	 5.9282e+00	 8.6592e+00
602	-6.0000e-03	 1.2000e-02	 5.9805e+00	 2.7006e-01
603	-3.0000e-03	 1.2000e-02	 5.9354e+00	 9.6561e-01
604	 0.0000e+00	 1.2000e-02	 5.9082e+00	 1.0491e+00
605	 3.0000e-03	 1.2000e-02	 6.0087e+00	 8.4267e-01
606	 6.0000e-03	 1.2000e-02	 5.9923e+00	 5.4716e-01
607	 9.0000e-03	 1.2000e-02	 5.8220e+00	 9.6622e+00
608	 1.2000e-02	 1.2000e-02	 5.6711e+00	 7.7496e+00
609	 1.5000e-02	 1.2000e-02	 5.8089e+00	 5.9630e+00
610	 1.8000e-02	 1.2000e-02	 5.6356e+00	 4.1873e+00
611	 2.1000e-02	 1.2000e-02	 5.1909e+00	 1.6270e+00
612	 2.4000e-02	 1.2000e-02	 4.8780e+00	 7.6435e+00
613	 2.7000e-02	 1.2000e-02	 5.0190e+00	 4.3576e+00
614	 3.0000e-02	 1.2000e-02	 5.0088e+00	 1.5369e+00
615	 3.3000e-02	 1.2000e-02	 4.5931e+00	 8.3584e+00
616	 3.6000e-02	 1.2000e-02	 4.5017e+00	 7.0505e+00
617	 3.9000e-02	 1.2000e-02	 4.7277e+00	 6.6369e+00
618	 4.2000e-02	 1.2000e-02	 4.5571e+00	 3.6035e+00
619	 4.5000e-02	 1.2000e-02	 4.2925e+00	 2.1062e+00
620	-4.5000e-02	 1.5000e-02	 4.4687e+00	 2.1168e+00
621	-4.2000e-02	 1.5000e-02	 4.5279e+00	 5.0989e+00
622	-3.9000e-02	 1.5000e-02	 4.2498e+00	 6.2781e+00
623	-3.6000e-02	 1.5000e-02	 4.4020e+00	 7.8233e+00
624	-3.3000e-02	 1.5000e-02	 4.6876e+00	 2.7012e+00
625	-3.0000e-02	 1.5000e-02	 4.5083e+00	 5.8053e+00
626	-2.7000e-02	 1.5000e-02	 4.5824e+00	 1.6357e+00
627	-2.4000e-02	 1.5000e-02	 5.0597e+00	 4.7024e+00
628	-2.1000e-02	 1.5000e-02	 5.0407e+00	 7.5093e+00
629	-1.8000e-02	 1.5000e-02	 5.1238e+00	 9.1302e-01
630	-1.5000e-02	 1.5000e-02	 5.4361e+00	 3.4642e+00
631	-1.2000e-02	 1.5000e-02	 5.7504e+00	 5.3375e+00
632	-9.0000e-03	 1.5000e-02	 5.7760e+00	 6.9216e+00
633	-6.0000e-03	 1.5000e-02	 5.7456e+00	 8.1773e+00
634	-3.0000e-03	 1.5000e-02	 5.7300e+00	 8.9705e+00
635	 0.0000e+00	 1.5000e-02	 5.8976e+00	 9.0856e+00
636	 3.0000e-03	 1.5000e-02	 5.9930e+00	 8.9465e+00
637	 6.0000e-03	 1.5000e-02	 5.8247e+00	 8.5461e+00
638	 9.0000e-03	 1.5000e-02	 5.5321e+00	 7.7897e+00
639	 1.2000e-02	 1.5000e-02	 5.5255e+00	 5.8920e+00
640	 1.5000e-02	 1.5000e-02	 5.6448e+00	 4.3080e+00
641	 1.8000e-02	 1.5000e-02	 5.3352e+00	 2.4826e+00
642	 2.1000e-02	 1.5000e-02	 4.8954e+00	 8.9275e+00
643	 2.4000e-02	 1.5000e-02	 4.9279e+00	 5.6623e+00
644	 2.7000e-02	 1.5000e-02	 5.0735e+00	 2.9731e+00
645	 3.0000e-02	 1.5000e-02	 4.5775e+00	 1.5366e+00
646	 3.3000e-02	 1.5000e-02	 4.1683e+00	 5.0331e+00
647	 3.6000e-02	 1.5000e-02	 4.6666e+00	 8.6431e+00
648	 3.9000e-02	 1.5000e-02	 4.7392e+00	 5.5466e+00
649	 4.2000e-02	 1.5000e-02	 4.4062e+00	 3.0794e+00
650	 4.5000e-02	 1.5000e-02	 4.2820e+00	 2.3314e+00
651	-4.5000e-02	 1.8000e-02	 4.3382e+00	 3.5790e+00
652	-4.2000e-02	 1.8000e-02	 4.5052e+00	 4.6327e+00
653	-3.9000e-02	 1.8000e-02	 4.1472e+00	 7.3023e+00
654	-3.6000e-02	 1.8000e-02	 4.2771e+00	 3.7879e+00
655	-3.3000e-02	 1.8000e-02	 4.5131e+00	 2.5622e+00
656	-3.0000e-02	 1.8000e-02	 4.7481e+00	 4.2041e+00
657	-2.7000e-02	 1.8000e-02	 4.4871e+00	 6.9459e+00
658	-2.4000e-02	 1.8000e-02	 4.5811e+00	 2.8953e+00
659	-2.1000e-02	 1.8000e-02	 4.9812e+00	 5.5354e+00
660	-1.8000e-02	 1.8000e-02	 5.1003e+00	 7.9173e+00
661	-1.5000e-02	 1.8000e-02	 5.1560e+00	 8.9264e-01
662	-1.2000e-02	 1.8000e-02	 5.4890e+00	 2.9971e+00
663	-9.0000e-03	 1.8000e-02	 5.5712e+00	 4.2794e+00
664	-6.0000e-03	 1.8000e-02	 5.4131e+00	 5.2652e+00
665	-3.0000e-03	 1.8000e-02	 5.3743e+00	 6.3937e+00
666	 0.0000e+00	 1.8000e-02	 5.5170e+00	 7.0541e+00
667	 3.0000e-03	 1.8000e-02	 5.6465e+00	 6.9581e+00
668	 6.0000e-03	 1.8000e-02	 5.4746e+00	 6.1642e+00
669	 9.0000e-03	 1.8000e-02	 5.2668e+00	 4.6866e+00
670	 1.2000e-02	 1.8000e-02	 5.3645e+00	 3.2952e+00
671	 1.5000e-02	 1.8000e-02	 5.3980e+00	 2.0326e+00
672	 1.8000e-02	 1.8000e-02	 5.0357e+00	 8.3780e+00
673	 2.1000e-02	 1.8000e-02	 4.8720e+00	 6.4637e+00
674	 2.4000e-02	 1.8000e-02	 5.0045e+00	 3.7560e+00
675	 2.7000e-02	 1.8000e-02	 4.7238e+00	 1.4100e+00
676	 3.0000e-02	 1.8000e-02	 4.2347e+00	 6.3210e+00
677	 3.3000e-02	 1.8000e-02	 4.2754e+00	 2.6838e+00
678	 3.6000e-02	 1.8000e-02	 4.5111e+00	 7.3330e+00
679	 3.9000e-02	 1.8000e-02	 4.5144e+00	 4.3776e+00
680	 4.2000e-02	 1.8000e-02	 4.3277e+00	 3.5509e+00
681	 4.5000e-02	 1.8000e-02	 4.3980e+00	 1.6635e+00
682	-4.5000e-02	 2.1000e-02	 4.3218e+00	 2.9293e+00
683	-4.2000e-02	 2.1000e-02	 4.3389e+00	 4.0481e+00
684	-3.9000e-02	 2.1000e-02	 4.3182e+00	 5.9885e+00
685	-3.6000e-02	 2.1000e-02	 4.3007e+00	 3.4185e+00
686	-3.3000e-02	 2.1000e-02	 4.1464e+00	 4.8497e+00
687	-3.0000e-02	 2.1000e-02	 4.4736e+00	 2.5618e+00
688	-2.7000e-02	 2.1000e-02	 4.5164e+00	 4.4542e+00
689	-2.4000e-02	 2.1000e-02	 4.2258e+00	 5.0420e+00
690	-2.1000e-02	 2.1000e-02	 4.9115e+00	 3.4152e+00
691	-1.8000e-02	 2.1000e-02	 5.1370e+00	 5.3137e+00
692	-1.5000e-02	 2.1000e-02	 5.0012e+00	 7.3382e+00
693	-1.2000e-02	 2.1000e-02	 5.0094e+00	 5.7778e+00
694	-9.0000e-03	 2.1000e-02	 5.2803e+00	 1.8387e+00
695	-6.0000e-03	 2.1000e-02	 5.5374e+00	 2.7002e+00
696	-3.0000e-03	 2.1000e-02	 5.4226e+00	 3.2186e+00
697	 0.0000e+00	 2.1000e-02	 5.1843e+00	 3.6476e+00
698	 3.0000e-03	 2.1000e-02	 5.1823e+00	 3.5307e+00
699	 6.0000e-03	 2.1000e-02	 5.3007e+00	 3.1295e+00
700	 9.0000e-03	 2.1000e-02	 5.2169e+00	 2.0201e+00
701	 1.2000e-02	 2.1000e-02	 5.1889e+00	 7.9468e-01
702	 1.5000e-02	 2.1000e-02	 5.1169e+00	 9.0915e+00
703	 1.8000e-02	 2.1000e-02	 4.9023e+00	 6.4857e+00
704	 2.1000e-02	 2.1000e-02	 4.9808e+00	 3.9263e+00
705	 2.4000e-02	 2.1000e-02	 4.8888e+00	 1.9994e+00
706	 2.7000e-02	 2.1000e-02	 4.2820e+00	 7.5445e+00
707	 3.0000e-02	 2.1000e-02	 4.2853e+00	 3.2304e+00
708	 3.3000e-02	 2.1000e-02	 4.4733e+00	 7.5531e+00
709	 3.6000e-02	 2.1000e-02	 4.3030e+00	 5.4930e+00
710	 3.9000e-02	 2.1000e-02	 4.1888e+00	 3.5991e+00
711	 4.2000e-02	 2.1000e-02	 4.2337e+00	 4.7258e+00
712	 4.5000e-02	 2.1000e-02	 4.4362e+00	 5.4179e+00
713	-4.5000e-02	 2.4000e-02	 4.3356e+00	 2.9251e+00
714	-4.2000e-02	 2.4000e-02	 4.1545e+00	 3.8760e+00
715	-3.9000e-02	 2.4000e-02	 4.3030e+00	 5.4440e+00
716	-3.6000e-02	 2.4000e-02	 4.2301e+00	 6.4482e+00
717	-3.3000e-02	 2.4000e-02	 4.2633e+00	 3.3728e+00
718	-3.0000e-02	 2.4000e-02	 4.3037e+00	 2.8189e+00
719	-2.7000e-02	 2.4000e-02	 4.5496e+00	 2.4866e+00
720	-2.4000e-02	 2.4000e-02	 4.3576e+00	 4.5167e+00
721	-2.1000e-02	 2.4000e-02	 4.4378e+00	 2.5717e+00
722	-1.8000e-02	 2.4000e-02	 4.9582e+00	 3.0677e+00
723	-1.5000e-02	 2.4000e-02	 5.1853e+00	 4.5433e+00
724	-1.2000e-02	 2.4000e-02	 4.8967e+00	 5.8302e+00
725	-9.0000e-03	 2.4000e-02	 4.7918e+00	 7.5909e+00
726	-6.0000e-03	 2.4000e-02	 4.8895e+00	 1.4468e+00
727	-3.0000e-03	 2.4000e-02	 5.0137e+00	 8.3577e-01
728	 0.0000e+00	 2.4000e-02	 5.0643e+00	 9.7087e-01
729	 3.0000e-03	 2.4000e-02	 5.1482e+00	 9.5641e-01
730	 6.0000e-03	 2.4000e-02	 5.0538e+00	 9.2618e+00
731	 9.0000e-03	 2.4000e-02	 5.1383e+00	 8.8538e+00
732	 1.2000e-02	 2.4000e-02	 5.1192e+00	 7.3552e+00
733	 1.5000e-02	 2.4000e-02	 5.1041e+00	 5.7698e+00
734	 1.8000e-02	 2.4000e-02	 4.9720e+00	 3.9401e+00
735	 2.1000e-02	 2.4000e-02	 4.6334e+00	 1.9757e+00
736	 2.4000e-02	 2.4000e-02	 4.2896e+00	 4.4398e+00
737	 2.7000e-02	 2.4000e-02	 4.3615e+00	 4.3152e+00
738	 3.0000e-02	 2.4000e-02	 4.3698e+00	 7.2266e+00
739	 3.3000e-02	 2.4000e-02	 4.6416e+00	 6.7046e+00
740	 3.6000e-02	 2.4000e-02	 4.3080e+00	 4.4809e+00
741	 3.9000e-02	 2.4000e-02	 4.3704e+00	 4.2580e+00
742	 4.2000e-02	 2.4000e-02	 4.3599e+00	 3.6262e+00
743	 4.5000e-02	 2.4000e-02	 4.2925e+00	 5.5817e+00
744	-4.5000e-02	 2.7000e-02	 4.3231e+00	 5.7231e+00
745	-4.2000e-02	 2.7000e-02	 4.1722e+00	 4.6646e+00
746	-3.9000e-02	 2.7000e-02	 4.3040e+00	 3.7159e+00
747	-3.6000e-02	 2.7000e-02	 4.2462e+00	 5.5788e+00
748	-3.3000e-02	 2.7000e-02	 4.2945e+00	 2.5931e+00
749	-3.0000e-02	 2.7000e-02	 4.3609e+00	 3.7871e+00
750	-2.7000e-02	 2.7000e-02	 4.4934e+00	 2.1087e+00
751	-2.4000e-02	 2.7000e-02	 4.4641e+00	 2.7831e+00
752	-2.1000e-02	 2.7000e-02	 4.3701e+00	 4.7258e+00
753	-1.8000e-02	 2.7000e-02	 4.4680e+00	 2.5196e+00
754	-1.5000e-02	 2.7000e-02	 4.9628e+00	 2.0714e+00
755	-1.2000e-02	 2.7000e-02	 5.2481e+00	 3.1826e+00
756	-9.0000e-03	 2.7000e-02	 5.2326e+00	 4.2692e+00
757	-6.0000e-03	 2.7000e-02	 5.0989e+00	 5.1837e+00
758	-3.0000e-03	 2.7000e-02	 4.9250e+00	 5.8703e+00
759	 0.0000e+00	 2.7000e-02	 4.9966e+00	 6.2296e+00
760	 3.0000e-03	 2.7000e-02	 5.1041e+00	 6.4995e+00
761	 6.0000e-03	 2.7000e-02	 4.9868e+00	 6.0023e+00
762	 9.0000e-03	 2.7000e-02	 5.0282e+00	 4.9881e+00
763	 1.2000e-02	 2.7000e-02	 5.2208e+00	 4.0959e+00
764	 1.5000e-02	 2.7000e-02	 5.0440e+00	 2.8643e+00
765	 1.8000e-02	 2.7000e-02	 4.6620e+00	 2.1661e+00
766	 2.1000e-02	 2.7000e-02	 4.1817e+00	 5.2238e+00
767	 2.4000e-02	 2.7000e-02	 4.3063e+00	 3.3790e+00
768	 2.7000e-02	 2.7000e-02	 4.3303e+00	 2.6651e+00
769	 3.0000e-02	 2.7000e-02	 4.3034e+00	 6.9637e+00
770	 3.3000e-02	 2.7000e-02	 4.3776e+00	 5.0987e+00
771	 3.6000e-02	 2.7000e-02	 4.3622e+00	 5.0446e+00
772	 3.9000e-02	 2.7000e-02	 4.3461e+00	 2.6342e+00
773	 4.2000e-02	 2.7000e-02	 4.2991e+00	 4.7544e+00
774	 4.5000e-02	 2.7000e-02	 4.2827e+00	 5.8062e+00
775	-4.5000e-02	 3.0000e-02	 4.3030e+00	 4.5824e+00
776	-4.2000e-02	 3.0000e-02	 4.2406e+00	 3.8310e+00
777	-3.9000e-02	 3.0000e-02	 4.2353e+00	 3.9809e+00
778	-3.6000e-02	 3.0000e-02	 4.2823e+00	 4.1091e+00
779	-3.3000e-02	 3.0000e-02	 4.4000e+00	 5.8358e+00
780	-3.0000e-02	 3.0000e-02	 4.3491e+00	 2.9369e+00
781	-2.7000e-02	 3.0000e-02	 4.2669e+00	 4.6206e+00
782	-2.4000e-02	 3.0000e-02	 4.3030e+00	 6.5120e+00
783	-2.1000e-02	 3.0000e-02	 4.3882e+00	 2.9744e+00
784	-1.8000e-02	 3.0000e-02	 4.2465e+00	 4.7412e+00
785	-1.5000e-02	 3.0000e-02	 4.3425e+00	 5.8192e+00
786	-1.2000e-02	 3.0000e-02	 4.6774e+00	 1.3512e+00
787	-9.0000e-03	 3.0000e-02	 5.0755e+00	 1.9843e+00
788	-6.0000e-03	 3.0000e-02	 5.2271e+00	 2.5661e+00
789	-3.0000e-03	 3.0000e-02	 5.2208e+00	 2.7545e+00
790	 0.0000e+00	 3.0000e-02	 5.3161e+00	 3.0026e+00
791	 3.0000e-03	 3.0000e-02	 5.2695e+00	 3.0957e+00
792	 6.0000e-03	 3.0000e-02	 5.0436e+00	 2.9058e+00
793	 9.0000e-03	 3.0000e-02	 4.9664e+00	 1.9205e+00
794	 1.2000e-02	 3.0000e-02	 4.8653e+00	 1.4222e+00
795	 1.5000e-02	 3.0000e-02	 4.3435e+00	 6.5988e+00
796	 1.8000e-02	 3.0000e-02	 4.2659e+00	 5.0601e+00
797	 2.1000e-02	 3.0000e-02	 4.4408e+00	 3.6781e+00
798	 2.4000e-02	 3.0000e-02	 4.2600e+00	 2.7949e+00
799	 2.7000e-02	 3.0000e-02	 4.2268e+00	 5.2961e+00
800	 3.0000e-02	 3.0000e-02	 4.1531e+00	 4.2084e+00
801	 3.3000e-02	 3.0000e-02	 4.1604e+00	 4.5831e+00
802	 3.6000e-02	 3.0000e-02	 4.2360e+00	 4.5101e+00
803	 3.9000e-02	 3.0000e-02	 4.1850e+00	 4.9315e+00
804	 4.2000e-02	 3.0000e-02	 4.2241e+00	 4.9940e+00
805	 4.5000e-02	 3.0000e-02	 4.2139e+00	 4.9578e+00
806	-4.5000e-02	 3.3000e-02	 4.2869e+00	 4.3533e+00
807	-4.2000e-02	 3.3000e-02	 4.2955e+00	 5.2100e+00
808	-3.9000e-02	 3.3000e-02	 4.2800e+00	 3.6525e+00
809	-3.6000e-02	 3.3000e-02	 4.1975e+00	 3.8708e+00
810	-3.3000e-02	 3.3000e-02	 4.2928e+00	 3.8382e+00
811	-3.0000e-02	 3.3000e-02	 4.1420e+00	 5.9381e+00
812	-2.7000e-02	 3.3000e-02	 4.4703e+00	 2.4612e+00
813	-2.4000e-02	 3.3000e-02	 4.5131e+00	 3.6949e+00
814	-2.1000e-02	 3.3000e-02	 4.1847e+00	 5.0062e+00
815	-1.8000e-02	 3.3000e-02	 4.3688e+00	 2.7176e+00
816	-1.5000e-02	 3.3000e-02	 4.3362e+00	 3.7278e+00
817	-1.2000e-02	 3.3000e-02	 4.3663e+00	 4.4358e+00
818	-9.0000e-03	 3.3000e-02	 4.2928e+00	 5.1192e+00
819	-6.0000e-03	 3.3000e-02	 4.2642e+00	 4.4915e+00
820	-3.0000e-03	 3.3000e-02	 4.5203e+00	 1.7105e+00
821	 0.0000e+00	 3.3000e-02	 4.7908e+00	 9.2978e-01
822	 3.0000e-03	 3.3000e-02	 4.8339e+00	 1.5119e+00
823	 6.0000e-03	 3.3000e-02	 4.4651e+00	 7.9247e+00
824	 9.0000e-03	 3.3000e-02	 4.2869e+00	 6.5623e+00
825	 1.2000e-02	 3.3000e-02	 4.4408e+00	 4.3043e+00
826	 1.5000e-02	 3.3000e-02	 4.6409e+00	 3.4862e+00
827	 1.8000e-02	 3.3000e-02	 4.5542e+00	 2.9356e+00
828	 2.1000e-02	 3.3000e-02	 4.2524e+00	 2.2643e+00
829	 2.4000e-02	 3.3000e-02	 4.3057e+00	 4.7797e+00
830	 2.7000e-02	 3.3000e-02	 4.2882e+00	 3.5483e+00
831	 3.0000e-02	 3.3000e-02	 4.1921e+00	 5.6001e+00
832	 3.3000e-02	 3.3000e-02	 4.2767e+00	 5.2724e+00
833	 3.6000e-02	 3.3000e-02	 4.2113e+00	 3.9975e+00
834	 3.9000e-02	 3.3000e-02	 4.2452e+00	 5.1748e+00
835	 4.2000e-02	 3.3000e-02	 4.3024e+00	 5.0324e+00
836	 4.5000e-02	 3.3000e-02	 4.2258e+00	 4.8214e+00
837	-4.5000e-02	 3.6000e-02	 4.2080e+00	 4.7136e+00
838	-4.2000e-02	 3.6000e-02	 4.2942e+00	 5.0127e+00
839	-3.9000e-02	 3.6000e-02	 4.2192e+00	 5.3631e+00
840	-3.6000e-02	 3.6000e-02	 4.2817e+00	 4.3428e+00
841	-3.3000e-02	 3.6000e-02	 4.2919e+00	 4.3057e+00
842	-3.0000e-02	 3.6000e-02	 4.2067e+00	 4.6676e+00
843	-2.7000e-02	 3.6000e-02	 4.2353e+00	 5.5058e+00
844	-2.4000e-02	 3.6000e-02	 4.4473e+00	 2.6759e+00
845	-2.1000e-02	 3.6000e-02	 4.5670e+00	 3.1729e+00
846	-1.8000e-02	 3.6000e-02	 4.3218e+00	 4.3934e+00
847	-1.5000e-02	 3.6000e-02	 4.2580e+00	 3.2919e+00
848	-1.2000e-02	 3.6000e-02	 4.5160e+00	 2.4504e+00
849	-9.0000e-03	 3.6000e-02	 4.8507e+00	 2.6805e+00
850	-6.0000e-03	 3.6000e-02	 4.9240e+00	 2.8475e+00
851	-3.0000e-03	 3.6000e-02	 4.6840e+00	 3.0141e+00
852	 0.0000e+00	 3.6000e-02	 4.5864e+00	 3.4346e+00
853	 3.0000e-03	 3.6000e-02	 4.6193e+00	 3.5818e+00
854	 6.0000e-03	 3.6000e-02	 4.7853e+00	 3.3576e+00
855	 9.0000e-03	 3.6000e-02	 4.8201e+00	 2.8656e+00
856	 1.2000e-02	 3.6000e-02	 4.7198e+00	 2.2150e+00
857	 1.5000e-02	 3.6000e-02	 4.4927e+00	 1.7861e+00
858	 1.8000e-02	 3.6000e-02	 4.4822e+00	 2.3771e+00
859	 2.1000e-02	 3.6000e-02	 4.2366e+00	 2.8472e+00
860	 2.4000e-02	 3.6000e-02	 4.5210e+00	 2.4466e+00
861	 2.7000e-02	 3.6000e-02	 4.4023e+00	 7.2579e+00
862	 3.0000e-02	 3.6000e-02	 4.3550e+00	 5.8684e+00
863	 3.3000e-02	 3.6000e-02	 4.2189e+00	 4.6820e+00
864	 3.6000e-02	 3.6000e-02	 4.2642e+00	 4.4224e+00
865	 3.9000e-02	 3.6000e-02	 4.2202e+00	 4.9000e+00
866	 4.2000e-02	 3.6000e-02	 4.3022e+00	 4.2153e+00
867	 4.5000e-02	 3.6000e-02	 4.2031e+00	 4.3226e+00
868	-4.5000e-02	 3.9000e-02	 4.2675e+00	 5.1235e+00
869	-4.2000e-02	 3.9000e-02	 4.3270e+00	 4.9969e+00
870	-3.9000e-02	 3.9000e-02	 4.4210e+00	 4.6038e+00
871	-3.6000e-02	 3.9000e-02	 4.2679e+00	 5.3027e+00
872	-3.3000e-02	 3.9000e-02	 4.3343e+00	 4.8137e+00
873	-3.0000e-02	 3.9000e-02	 4.2080e+00	 5.7606e+00
874	-2.7000e-02	 3.9000e-02	 4.2347e+00	 5.0587e+00
875	-2.4000e-02	 3.9000e-02	 4.2333e+00	 4.1688e+00
876	-2.1000e-02	 3.9000e-02	 4.2869e+00	 2.6409e+00
877	-1.8000e-02	 3.9000e-02	 4.6091e+00	 2.4668e+00
878	-1.5000e-02	 3.9000e-02	 4.5716e+00	 3.2216e+00
879	-1.2000e-02	 3.9000e-02	 4.4016e+00	 3.4592e+00
880	-9.0000e-03	 3.9000e-02	 4.3237e+00	 2.8587e+00
881	-6.0000e-03	 3.9000e-02	 4.6117e+00	 1.2766e+00
882	-3.0000e-03	 3.9000e-02	 4.6738e+00	 1.4495e+00
883	 0.0000e+00	 3.9000e-02	 4.7678e+00	 1.6004e+00
884	 3.0000e-03	 3.9000e-02	 4.6745e+00	 8.7864e+00
885	 6.0000e-03	 3.9000e-02	 4.5252e+00	 7.8317e+00
886	 9.0000e-03	 3.9000e-02	 4.5070e+00	 7.6313e+00
887	 1.2000e-02	 3.9000e-02	 4.2642e+00	 4.8983e+00
888	 1.5000e-02	 3.9000e-02	 4.3803e+00	 3.1877e+00
889	 1.8000e-02	 3.9000e-02	 4.4256e+00	 2.9923e+00
890	 2.1000e-02	 3.9000e-02	 4.3615e+00	 6.5738e+00
891	 2.4000e-02	 3.9000e-02	 4.3625e+00	 6.4453e+00
892	 2.7000e-02	 3.9000e-02	 4.2301e+00	 5.2231e+00
893	 3.0000e-02	 3.9000e-02	 4.3869e+00	 4.3444e+00
894	 3.3000e-02	 3.9000e-02	 4.2232e+00	 3.5121e+00
895	 3.6000e-02	 3.9000e-02	 4.3836e+00	 3.6384e+00
896	 3.9000e-02	 3.9000e-02	 4.2810e+00	 4.1867e+00
897	 4.2000e-02	 3.9000e-02	 4.2335e+00	 4.8023e+00
898	 4.5000e-02	 3.9000e-02	 4.2577e+00	 4.6584e+00
899	-4.5000e-02	 4.2000e-02	 4.2412e+00	 4.5302e+00
900	-4.2000e-02	 4.2000e-02	 4.2886e+00	 3.9023e+00
901	-3.9000e-02	 4.2000e-02	 4.2274e+00	 4.3241e+00
902	-3.6000e-02	 4.2000e-02	 4.1140e+00	 4.1032e+00
903	-3.3000e-02	 4.2000e-02	 4.2047e+00	 3.8885e+00
904	-3.0000e-02	 4.2000e-02	 4.2577e+00	 5.5554e+00
905	-2.7000e-02	 4.2000e-02	 4.2830e+00	 4.9453e+00
906	-2.4000e-02	 4.2000e-02	 4.2665e+00	 7.0304e+00
907	-2.1000e-02	 4.2000e-02	 4.3254e+00	 2.7436e+00
908	-1.8000e-02	 4.2000e-02	 4.4595e+00	 1.9351e+00
909	-1.5000e-02	 4.2000e-02	 4.6416e+00	 1.7213e+00
910	-1.2000e-02	 4.2000e-02	 4.6087e+00	 1.9922e+00
911	-9.0000e-03	 4.2000e-02	 4.5328e+00	 2.1694e+00
912	-6.0000e-03	 4.2000e-02	 4.2777e+00	 2.2026e+00
913	-3.0000e-03	 4.2000e-02	 4.2840e+00	 5.2224e+00
914	 0.0000e+00	 4.2000e-02	 4.1752e+00	 7.8933e+00
915	 3.0000e-03	 4.2000e-02	 4.3941e+00	 7.3151e+00
916	 6.0000e-03	 4.2000e-02	 4.3247e+00	 7.1392e+00
917	 9.0000e-03	 4.2000e-02	 4.2879e+00	 6.8161e+00
918	 1.2000e-02	 4.2000e-02	 4.3842e+00	 7.4318e+00
919	 1.5000e-02	 4.2000e-02	 4.3760e+00	 7.7178e+00
920	 1.8000e-02	 4.2000e-02	 4.4690e+00	 7.0011e+00
921	 2.1000e-02	 4.2000e-02	 4.2445e+00	 5.8253e+00
922	 2.4000e-02	 4.2000e-02	 4.3224e+00	 4.8738e+00
923	 2.7000e-02	 4.2000e-02	 4.2189e+00	 4.6202e+00
924	 3.0000e-02	 4.2000e-02	 4.2830e+00	 3.4637e+00
925	 3.3000e-02	 4.2000e-02	 4.3550e+00	 5.3671e+00
926	 3.6000e-02	 4.2000e-02	 4.3336e+00	 4.9204e+00
927	 3.9000e-02	 4.2000e-02	 4.2833e+00	 5.3677e+00
928	 4.2000e-02	 4.2000e-02	 4.3540e+00	 4.6357e+00
929	 4.5000e-02	 4.2000e-02	 4.2656e+00	 3.9829e+00
930	-4.5000e-02	 4.5000e-02	 4.3629e+00	 5.3352e+00
931	-4.2000e-02	 4.5000e-02	 4.2248e+00	 5.7259e+00
932	-3.9000e-02	 4.5000e-02	 4.1242e+00	 4.6163e+00
933	-3.6000e-02	 4.5000e-02	 4.2123e+00	 3.6147e+00
934	-3.3000e-02	 4.5000e-02	 4.1229e+00	 4.0193e+00
935	-3.0000e-02	 4.5000e-02	 4.3112e+00	 5.1814e+00
936	-2.7000e-02	 4.5000e-02	 4.1597e+00	 6.0715e+00
937	-2.4000e-02	 4.5000e-02	 4.3418e+00	 6.6665e+00
938	-2.1000e-02	 4.5000e-02	 4.5376e+00	 7.9909e+00
939	-1.8000e-02	 4.5000e-02	 4.6015e+00	 7.0297e+00
940	-1.5000e-02	 4.5000e-02	 4.8086e+00	 1.7864e+00
941	-1.2000e-02	 4.5000e-02	 4.7452e+00	 1.2927e+00
942	-9.0000e-03	 4.5000e-02	 4.6239e+00	 1.6191e+00
943	-6.0000e-03	 4.5000e-02	 4.4922e+00	 7.5731e+00
944	-3.0000e-03	 4.5000e-02	 4.2853e+00	 6.2162e+00
945	 0.0000e+00	 4.5000e-02	 4.2162e+00	 6.3062e+00
946	 3.0000e-03	 4.5000e-02	 4.3957e+00	 5.8782e+00
947	 6.0000e-03	 4.5000e-02	 4.3001e+00	 5.6968e+00
948	 9.0000e-03	 4.5000e-02	 4.3846e+00	 5.3566e+00
949	 1.2000e-02	 4.5000e-02	 4.4092e+00	 5.2044e+00
950	 1.5000e-02	 4.5000e-02	 4.3323e+00	 5.3799e+00
951	 1.8000e-02	 4.5000e-02	 4.3070e+00	 5.6659e+00
952	 2.1000e-02	 4.5000e-02	 4.3182e+00	 5.6787e+00
953	 2.4000e-02	 4.5000e-02	 4.2662e+00	 4.9092e+00
954	 2.7000e-02	 4.5000e-02	 4.2264e+00	 3.9710e+00
955	 3.0000e-02	 4.5000e-02	 4.3218e+00	 3.8382e+00
956	 3.3000e-02	 4.5000e-02	 4.2514e+00	 5.8332e+00
957	 3.6000e-02	 4.5000e-02	 4.2567e+00	 5.2256e+00
958	 3.9000e-02	 4.5000e-02	 4.2501e+00	 4.1706e+00
959	 4.2000e-02	 4.5000e-02	 4.4404e+00	 4.4191e+00
960	 4.5000e-02	 4.5000e-02	 4.1798e+00	 5.1462e+00
