	x (m)	y (m)	Mesure ch1 (V)	Mesure ch2 (V)
0	-1.5000e-02	-1.5000e-02	 4.6324e+00	 5.7280e+00
1	-1.4000e-02	-1.5000e-02	 4.7261e+00	 6.4915e+00
2	-1.3000e-02	-1.5000e-02	 4.5575e+00	 7.7759e+00
3	-1.2000e-02	-1.5000e-02	 4.6220e+00	 2.0923e+00
4	-1.1000e-02	-1.5000e-02	 4.9582e+00	 1.5303e+00
5	-1.0000e-02	-1.5000e-02	 5.3278e+00	 2.3084e+00
6	-9.0000e-03	-1.5000e-02	 5.5245e+00	 2.9924e+00
7	-8.0000e-03	-1.5000e-02	 5.6008e+00	 3.7278e+00
8	-7.0000e-03	-1.5000e-02	 5.6846e+00	 4.3931e+00
9	-6.0000e-03	-1.5000e-02	 5.6777e+00	 4.9444e+00
10	-5.0000e-03	-1.5000e-02	 5.7093e+00	 5.5380e+00
11	-4.0000e-03	-1.5000e-02	 5.8092e+00	 6.2060e+00
12	-3.0000e-03	-1.5000e-02	 5.9315e+00	 6.7207e+00
13	-2.0000e-03	-1.5000e-02	 5.9930e+00	 7.0324e+00
14	-1.0000e-03	-1.5000e-02	 5.9315e+00	 7.1205e+00
15	 0.0000e+00	-1.5000e-02	 5.9535e+00	 7.1997e+00
16	 1.0000e-03	-1.5000e-02	 5.9285e+00	 7.1800e+00
17	 2.0000e-03	-1.5000e-02	 5.9466e+00	 7.1783e+00
18	 3.0000e-03	-1.5000e-02	 5.9026e+00	 7.0666e+00
19	 4.0000e-03	-1.5000e-02	 5.9246e+00	 6.8743e+00
20	 5.0000e-03	-1.5000e-02	 5.8776e+00	 6.5311e+00
21	 6.0000e-03	-1.5000e-02	 5.7724e+00	 6.0193e+00
22	 7.0000e-03	-1.5000e-02	 5.7408e+00	 5.4499e+00
23	 8.0000e-03	-1.5000e-02	 5.7366e+00	 4.7882e+00
24	 9.0000e-03	-1.5000e-02	 5.6738e+00	 4.1617e+00
25	 1.0000e-02	-1.5000e-02	 5.6146e+00	 3.6640e+00
26	 1.1000e-02	-1.5000e-02	 5.4864e+00	 2.9823e+00
27	 1.2000e-02	-1.5000e-02	 5.2612e+00	 2.3107e+00
28	 1.3000e-02	-1.5000e-02	 5.0075e+00	 1.5372e+00
29	 1.4000e-02	-1.5000e-02	 4.7047e+00	 1.3709e+00
30	 1.5000e-02	-1.5000e-02	 4.5752e+00	 7.5827e+00
31	-1.5000e-02	-1.4000e-02	 4.6981e+00	 6.3835e+00
32	-1.4000e-02	-1.4000e-02	 4.5920e+00	 7.6836e+00
33	-1.3000e-02	-1.4000e-02	 4.5556e+00	 7.6303e+00
34	-1.2000e-02	-1.4000e-02	 4.8618e+00	 1.6730e+00
35	-1.1000e-02	-1.4000e-02	 5.2340e+00	 2.4635e+00
36	-1.0000e-02	-1.4000e-02	 5.5226e+00	 3.2653e+00
37	-9.0000e-03	-1.4000e-02	 5.6846e+00	 4.0131e+00
38	-8.0000e-03	-1.4000e-02	 5.6636e+00	 4.7001e+00
39	-7.0000e-03	-1.4000e-02	 5.6715e+00	 5.3977e+00
40	-6.0000e-03	-1.4000e-02	 5.7481e+00	 6.1849e+00
41	-5.0000e-03	-1.4000e-02	 5.8145e+00	 6.8388e+00
42	-4.0000e-03	-1.4000e-02	 5.9410e+00	 7.3775e+00
43	-3.0000e-03	-1.4000e-02	 6.0110e+00	 7.7500e+00
44	-2.0000e-03	-1.4000e-02	 6.0475e+00	 8.0448e+00
45	-1.0000e-03	-1.4000e-02	 6.0331e+00	 8.2828e+00
46	 0.0000e+00	-1.4000e-02	 5.9604e+00	 8.4022e+00
47	 1.0000e-03	-1.4000e-02	 5.9857e+00	 8.3502e+00
48	 2.0000e-03	-1.4000e-02	 6.0045e+00	 8.2930e+00
49	 3.0000e-03	-1.4000e-02	 6.0087e+00	 8.2131e+00
50	 4.0000e-03	-1.4000e-02	 6.0199e+00	 8.0067e+00
51	 5.0000e-03	-1.4000e-02	 5.8986e+00	 7.6579e+00
52	 6.0000e-03	-1.4000e-02	 5.8483e+00	 7.1431e+00
53	 7.0000e-03	-1.4000e-02	 5.7921e+00	 6.6372e+00
54	 8.0000e-03	-1.4000e-02	 5.7277e+00	 5.8447e+00
55	 9.0000e-03	-1.4000e-02	 5.7099e+00	 5.2146e+00
56	 1.0000e-02	-1.4000e-02	 5.7454e+00	 4.5571e+00
57	 1.1000e-02	-1.4000e-02	 5.6652e+00	 3.8478e+00
58	 1.2000e-02	-1.4000e-02	 5.4289e+00	 3.2676e+00
59	 1.3000e-02	-1.4000e-02	 5.2326e+00	 2.5263e+00
60	 1.4000e-02	-1.4000e-02	 4.8950e+00	 1.8403e+00
61	 1.5000e-02	-1.4000e-02	 4.5183e+00	 4.7052e+00
62	-1.5000e-02	-1.3000e-02	 4.7083e+00	 7.2059e+00
63	-1.4000e-02	-1.3000e-02	 4.5558e+00	 8.4114e+00
64	-1.3000e-02	-1.3000e-02	 4.7938e+00	 1.5911e+00
65	-1.2000e-02	-1.3000e-02	 5.2037e+00	 2.7232e+00
66	-1.1000e-02	-1.3000e-02	 5.5213e+00	 3.4333e+00
67	-1.0000e-02	-1.3000e-02	 5.6583e+00	 4.2258e+00
68	-9.0000e-03	-1.3000e-02	 5.7428e+00	 4.9894e+00
69	-8.0000e-03	-1.3000e-02	 5.7694e+00	 5.7642e+00
70	-7.0000e-03	-1.3000e-02	 5.7576e+00	 6.5018e+00
71	-6.0000e-03	-1.3000e-02	 5.8033e+00	 7.2589e+00
72	-5.0000e-03	-1.3000e-02	 5.9433e+00	 7.9380e+00
73	-4.0000e-03	-1.3000e-02	 6.0400e+00	 8.3874e+00
74	-3.0000e-03	-1.3000e-02	 6.0722e+00	 8.8127e+00
75	-2.0000e-03	-1.3000e-02	 6.0860e+00	 9.1227e+00
76	-1.0000e-03	-1.3000e-02	 6.0298e+00	 9.3229e+00
77	 0.0000e+00	-1.3000e-02	 6.0403e+00	 9.5123e+00
78	 1.0000e-03	-1.3000e-02	 6.0166e+00	 9.5149e+00
79	 2.0000e-03	-1.3000e-02	 6.0406e+00	 9.4117e+00
80	 3.0000e-03	-1.3000e-02	 6.0633e+00	 9.3144e+00
81	 4.0000e-03	-1.3000e-02	 6.0613e+00	 9.1516e+00
82	 5.0000e-03	-1.3000e-02	 5.9709e+00	 8.7795e+00
83	 6.0000e-03	-1.3000e-02	 5.8828e+00	 8.2825e+00
84	 7.0000e-03	-1.3000e-02	 5.8145e+00	 7.7184e+00
85	 8.0000e-03	-1.3000e-02	 5.7306e+00	 7.0018e+00
86	 9.0000e-03	-1.3000e-02	 5.7145e+00	 6.1629e+00
87	 1.0000e-02	-1.3000e-02	 5.7359e+00	 5.3858e+00
88	 1.1000e-02	-1.3000e-02	 5.7339e+00	 4.7067e+00
89	 1.2000e-02	-1.3000e-02	 5.6120e+00	 4.0371e+00
90	 1.3000e-02	-1.3000e-02	 5.4203e+00	 3.3567e+00
91	 1.4000e-02	-1.3000e-02	 5.1179e+00	 2.5963e+00
92	 1.5000e-02	-1.3000e-02	 4.7386e+00	 1.6556e+00
93	-1.5000e-02	-1.2000e-02	 4.5236e+00	 8.2414e+00
94	-1.4000e-02	-1.2000e-02	 4.6101e+00	 1.4708e+00
95	-1.3000e-02	-1.2000e-02	 5.0896e+00	 2.4172e+00
96	-1.2000e-02	-1.2000e-02	 5.4736e+00	 3.5021e+00
97	-1.1000e-02	-1.2000e-02	 5.6560e+00	 4.2580e+00
98	-1.0000e-02	-1.2000e-02	 5.7730e+00	 5.0719e+00
99	-9.0000e-03	-1.2000e-02	 5.7635e+00	 5.8602e+00
100	-8.0000e-03	-1.2000e-02	 5.8072e+00	 6.7040e+00
101	-7.0000e-03	-1.2000e-02	 5.7987e+00	 7.5836e+00
102	-6.0000e-03	-1.2000e-02	 5.9282e+00	 8.3469e+00
103	-5.0000e-03	-1.2000e-02	 6.0212e+00	 8.9639e+00
104	-4.0000e-03	-1.2000e-02	 6.0843e+00	 9.3956e+00
105	-3.0000e-03	-1.2000e-02	 6.1310e+00	 9.7601e+00
106	-2.0000e-03	-1.2000e-02	 6.1264e+00	 2.1615e-01
107	-1.0000e-03	-1.2000e-02	 6.1031e+00	 4.2735e-01
108	 0.0000e+00	-1.2000e-02	 6.1159e+00	 6.0830e-01
109	 1.0000e-03	-1.2000e-02	 6.0745e+00	 7.0034e-01
110	 2.0000e-03	-1.2000e-02	 6.0860e+00	 5.0804e-01
111	 3.0000e-03	-1.2000e-02	 6.1198e+00	 4.0006e-01
112	 4.0000e-03	-1.2000e-02	 6.0564e+00	 2.9323e-01
113	 5.0000e-03	-1.2000e-02	 6.0258e+00	 9.6835e+00
114	 6.0000e-03	-1.2000e-02	 5.9575e+00	 9.2591e+00
115	 7.0000e-03	-1.2000e-02	 5.8963e+00	 8.7378e+00
116	 8.0000e-03	-1.2000e-02	 5.7980e+00	 8.0412e+00
117	 9.0000e-03	-1.2000e-02	 5.7027e+00	 7.1622e+00
118	 1.0000e-02	-1.2000e-02	 5.7392e+00	 6.2905e+00
119	 1.1000e-02	-1.2000e-02	 5.7964e+00	 5.5686e+00
120	 1.2000e-02	-1.2000e-02	 5.7359e+00	 4.8812e+00
121	 1.3000e-02	-1.2000e-02	 5.5742e+00	 3.9631e+00
122	 1.4000e-02	-1.2000e-02	 5.3355e+00	 3.3120e+00
123	 1.5000e-02	-1.2000e-02	 4.9631e+00	 2.3091e+00
124	-1.5000e-02	-1.1000e-02	 4.7050e+00	 8.5547e+00
125	-1.4000e-02	-1.1000e-02	 4.8194e+00	 1.8781e+00
126	-1.3000e-02	-1.1000e-02	 5.3786e+00	 3.1522e+00
127	-1.2000e-02	-1.1000e-02	 5.6409e+00	 4.1354e+00
128	-1.1000e-02	-1.1000e-02	 5.7550e+00	 4.9825e+00
129	-1.0000e-02	-1.1000e-02	 5.8056e+00	 5.8250e+00
130	-9.0000e-03	-1.1000e-02	 5.7823e+00	 6.5988e+00
131	-8.0000e-03	-1.1000e-02	 5.8283e+00	 7.5919e+00
132	-7.0000e-03	-1.1000e-02	 5.8779e+00	 8.5157e+00
133	-6.0000e-03	-1.1000e-02	 6.0032e+00	 9.2651e+00
134	-5.0000e-03	-1.1000e-02	 6.1360e+00	 9.7483e+00
135	-4.0000e-03	-1.1000e-02	 6.1504e+00	 2.7367e-01
136	-3.0000e-03	-1.1000e-02	 6.1899e+00	 7.0297e-01
137	-2.0000e-03	-1.1000e-02	 6.2221e+00	 1.0547e+00
138	-1.0000e-03	-1.1000e-02	 6.2464e+00	 1.4712e+00
139	 0.0000e+00	-1.1000e-02	 6.2513e+00	 1.6105e+00
140	 1.0000e-03	-1.1000e-02	 6.2300e+00	 1.6447e+00
141	 2.0000e-03	-1.1000e-02	 6.2214e+00	 1.5579e+00
142	 3.0000e-03	-1.1000e-02	 6.2191e+00	 1.3785e+00
143	 4.0000e-03	-1.1000e-02	 6.1317e+00	 1.0912e+00
144	 5.0000e-03	-1.1000e-02	 6.0932e+00	 6.7174e-01
145	 6.0000e-03	-1.1000e-02	 6.0104e+00	 2.3423e-01
146	 7.0000e-03	-1.1000e-02	 6.0071e+00	 9.5843e+00
147	 8.0000e-03	-1.1000e-02	 5.8782e+00	 9.0077e+00
148	 9.0000e-03	-1.1000e-02	 5.7767e+00	 8.2583e+00
149	 1.0000e-02	-1.1000e-02	 5.7208e+00	 7.2881e+00
150	 1.1000e-02	-1.1000e-02	 5.7514e+00	 6.3092e+00
151	 1.2000e-02	-1.1000e-02	 5.7803e+00	 5.5236e+00
152	 1.3000e-02	-1.1000e-02	 5.6777e+00	 4.7189e+00
153	 1.4000e-02	-1.1000e-02	 5.4752e+00	 3.8964e+00
154	 1.5000e-02	-1.1000e-02	 5.1554e+00	 2.8176e+00
155	-1.5000e-02	-1.0000e-02	 4.6702e+00	 1.3956e+00
156	-1.4000e-02	-1.0000e-02	 5.0502e+00	 2.7896e+00
157	-1.3000e-02	-1.0000e-02	 5.5992e+00	 3.9944e+00
158	-1.2000e-02	-1.0000e-02	 5.7957e+00	 4.8313e+00
159	-1.1000e-02	-1.0000e-02	 5.8592e+00	 5.6718e+00
160	-1.0000e-02	-1.0000e-02	 5.8293e+00	 6.5021e+00
161	-9.0000e-03	-1.0000e-02	 5.8365e+00	 7.3808e+00
162	-8.0000e-03	-1.0000e-02	 5.8687e+00	 8.3956e+00
163	-7.0000e-03	-1.0000e-02	 5.9614e+00	 9.3259e+00
164	-6.0000e-03	-1.0000e-02	 6.0807e+00	 7.2700e+00
165	-5.0000e-03	-1.0000e-02	 6.1981e+00	 5.6162e-01
166	-4.0000e-03	-1.0000e-02	 6.2346e+00	 1.0932e+00
167	-3.0000e-03	-1.0000e-02	 6.2622e+00	 1.5379e+00
168	-2.0000e-03	-1.0000e-02	 6.3585e+00	 1.9317e+00
169	-1.0000e-03	-1.0000e-02	 6.4157e+00	 2.3416e+00
170	 0.0000e+00	-1.0000e-02	 6.4758e+00	 2.5096e+00
171	 1.0000e-03	-1.0000e-02	 6.4614e+00	 2.4695e+00
172	 2.0000e-03	-1.0000e-02	 6.4321e+00	 2.3814e+00
173	 3.0000e-03	-1.0000e-02	 6.3664e+00	 2.2670e+00
174	 4.0000e-03	-1.0000e-02	 6.2776e+00	 1.9669e+00
175	 5.0000e-03	-1.0000e-02	 6.1899e+00	 1.5349e+00
176	 6.0000e-03	-1.0000e-02	 6.0982e+00	 1.0146e+00
177	 7.0000e-03	-1.0000e-02	 6.0584e+00	 4.1140e-01
178	 8.0000e-03	-1.0000e-02	 5.9614e+00	 9.7259e+00
179	 9.0000e-03	-1.0000e-02	 5.8358e+00	 9.0356e+00
180	 1.0000e-02	-1.0000e-02	 5.7819e+00	 8.1158e+00
181	 1.1000e-02	-1.0000e-02	 5.7474e+00	 7.1619e+00
182	 1.2000e-02	-1.0000e-02	 5.7609e+00	 6.1652e+00
183	 1.3000e-02	-1.0000e-02	 5.7155e+00	 5.3658e+00
184	 1.4000e-02	-1.0000e-02	 5.5807e+00	 4.5058e+00
185	 1.5000e-02	-1.0000e-02	 5.4433e+00	 3.6193e+00
186	-1.5000e-02	-9.0000e-03	 4.7514e+00	 1.9363e+00
187	-1.4000e-02	-9.0000e-03	 5.3615e+00	 3.4073e+00
188	-1.3000e-02	-9.0000e-03	 5.7175e+00	 4.5108e+00
189	-1.2000e-02	-9.0000e-03	 5.8615e+00	 5.4309e+00
190	-1.1000e-02	-9.0000e-03	 5.9009e+00	 6.2349e+00
191	-1.0000e-02	-9.0000e-03	 5.9032e+00	 7.0777e+00
192	-9.0000e-03	-9.0000e-03	 5.9078e+00	 8.1313e+00
193	-8.0000e-03	-9.0000e-03	 5.9624e+00	 9.1270e+00
194	-7.0000e-03	-9.0000e-03	 6.0995e+00	 1.1173e+00
195	-6.0000e-03	-9.0000e-03	 6.1882e+00	 7.2401e-01
196	-5.0000e-03	-9.0000e-03	 6.2914e+00	 1.3440e+00
197	-4.0000e-03	-9.0000e-03	 6.3519e+00	 1.8853e+00
198	-3.0000e-03	-9.0000e-03	 6.4180e+00	 2.2923e+00
199	-2.0000e-03	-9.0000e-03	 6.5242e+00	 2.6305e+00
200	-1.0000e-03	-9.0000e-03	 6.5932e+00	 3.0161e+00
201	 0.0000e+00	-9.0000e-03	 6.6501e+00	 3.1982e+00
202	 1.0000e-03	-9.0000e-03	 6.6616e+00	 3.1673e+00
203	 2.0000e-03	-9.0000e-03	 6.6280e+00	 3.1124e+00
204	 3.0000e-03	-9.0000e-03	 6.5219e+00	 3.0086e+00
205	 4.0000e-03	-9.0000e-03	 6.4140e+00	 2.6749e+00
206	 5.0000e-03	-9.0000e-03	 6.3214e+00	 2.2933e+00
207	 6.0000e-03	-9.0000e-03	 6.2369e+00	 1.8222e+00
208	 7.0000e-03	-9.0000e-03	 6.1553e+00	 1.2187e+00
209	 8.0000e-03	-9.0000e-03	 6.0383e+00	 5.5571e-01
210	 9.0000e-03	-9.0000e-03	 5.9213e+00	 9.6980e+00
211	 1.0000e-02	-9.0000e-03	 5.8174e+00	 8.9127e+00
212	 1.1000e-02	-9.0000e-03	 5.7382e+00	 7.8560e+00
213	 1.2000e-02	-9.0000e-03	 5.7734e+00	 6.8749e+00
214	 1.3000e-02	-9.0000e-03	 5.7645e+00	 5.9815e+00
215	 1.4000e-02	-9.0000e-03	 5.7264e+00	 5.1153e+00
216	 1.5000e-02	-9.0000e-03	 5.5614e+00	 4.1065e+00
217	-1.5000e-02	-8.0000e-03	 5.0154e+00	 2.8938e+00
218	-1.4000e-02	-8.0000e-03	 5.5255e+00	 3.9904e+00
219	-1.3000e-02	-8.0000e-03	 5.8312e+00	 4.9861e+00
220	-1.2000e-02	-8.0000e-03	 5.9246e+00	 5.9644e+00
221	-1.1000e-02	-8.0000e-03	 5.9335e+00	 6.7809e+00
222	-1.0000e-02	-8.0000e-03	 5.9450e+00	 7.7220e+00
223	-9.0000e-03	-8.0000e-03	 5.9808e+00	 8.7059e+00
224	-8.0000e-03	-8.0000e-03	 6.0436e+00	 9.6840e+00
225	-7.0000e-03	-8.0000e-03	 6.1527e+00	 6.9081e-01
226	-6.0000e-03	-8.0000e-03	 6.2665e+00	 1.4488e+00
227	-5.0000e-03	-8.0000e-03	 6.3700e+00	 2.0333e+00
228	-4.0000e-03	-8.0000e-03	 6.4653e+00	 2.5408e+00
229	-3.0000e-03	-8.0000e-03	 6.5685e+00	 2.8968e+00
230	-2.0000e-03	-8.0000e-03	 6.6688e+00	 3.2390e+00
231	-1.0000e-03	-8.0000e-03	 6.7355e+00	 3.6091e+00
232	 0.0000e+00	-8.0000e-03	 6.7493e+00	 3.8004e+00
233	 1.0000e-03	-8.0000e-03	 6.7641e+00	 3.8146e+00
234	 2.0000e-03	-8.0000e-03	 6.7303e+00	 3.7820e+00
235	 3.0000e-03	-8.0000e-03	 6.6198e+00	 3.5808e+00
236	 4.0000e-03	-8.0000e-03	 6.5465e+00	 3.2926e+00
237	 5.0000e-03	-8.0000e-03	 6.4502e+00	 2.9415e+00
238	 6.0000e-03	-8.0000e-03	 6.3355e+00	 2.5201e+00
239	 7.0000e-03	-8.0000e-03	 6.2319e+00	 1.9376e+00
240	 8.0000e-03	-8.0000e-03	 6.1044e+00	 1.2434e+00
241	 9.0000e-03	-8.0000e-03	 5.9775e+00	 4.2751e-01
242	 1.0000e-02	-8.0000e-03	 5.8559e+00	 9.5550e+00
243	 1.1000e-02	-8.0000e-03	 5.7747e+00	 8.5905e+00
244	 1.2000e-02	-8.0000e-03	 5.7707e+00	 7.4282e+00
245	 1.3000e-02	-8.0000e-03	 5.8164e+00	 6.4772e+00
246	 1.4000e-02	-8.0000e-03	 5.8023e+00	 5.5679e+00
247	 1.5000e-02	-8.0000e-03	 5.6353e+00	 4.6294e+00
248	-1.5000e-02	-7.0000e-03	 5.2954e+00	 3.4014e+00
249	-1.4000e-02	-7.0000e-03	 5.6462e+00	 4.5243e+00
250	-1.3000e-02	-7.0000e-03	 5.8934e+00	 5.3934e+00
251	-1.2000e-02	-7.0000e-03	 5.9450e+00	 6.3036e+00
252	-1.1000e-02	-7.0000e-03	 5.9354e+00	 7.2263e+00
253	-1.0000e-02	-7.0000e-03	 5.9732e+00	 8.1993e+00
254	-9.0000e-03	-7.0000e-03	 6.0232e+00	 9.2595e+00
255	-8.0000e-03	-7.0000e-03	 6.1001e+00	 3.1936e-01
256	-7.0000e-03	-7.0000e-03	 6.2287e+00	 1.2483e+00
257	-6.0000e-03	-7.0000e-03	 6.3536e+00	 2.0366e+00
258	-5.0000e-03	-7.0000e-03	 6.4502e+00	 2.5579e+00
259	-4.0000e-03	-7.0000e-03	 6.5482e+00	 3.0549e+00
260	-3.0000e-03	-7.0000e-03	 6.6728e+00	 3.4379e+00
261	-2.0000e-03	-7.0000e-03	 6.7674e+00	 3.8274e+00
262	-1.0000e-03	-7.0000e-03	 6.8075e+00	 4.1265e+00
263	 0.0000e+00	-7.0000e-03	 6.7917e+00	 4.3527e+00
264	 1.0000e-03	-7.0000e-03	 6.7917e+00	 4.3497e+00
265	 2.0000e-03	-7.0000e-03	 6.7655e+00	 4.3149e+00
266	 3.0000e-03	-7.0000e-03	 6.7158e+00	 4.1324e+00
267	 4.0000e-03	-7.0000e-03	 6.6606e+00	 3.7968e+00
268	 5.0000e-03	-7.0000e-03	 6.5518e+00	 3.4273e+00
269	 6.0000e-03	-7.0000e-03	 6.4285e+00	 3.0404e+00
270	 7.0000e-03	-7.0000e-03	 6.3102e+00	 2.5270e+00
271	 8.0000e-03	-7.0000e-03	 6.2096e+00	 1.8472e+00
272	 9.0000e-03	-7.0000e-03	 6.0317e+00	 1.0435e+00
273	 1.0000e-02	-7.0000e-03	 5.8924e+00	 4.0253e-01
274	 1.1000e-02	-7.0000e-03	 5.8184e+00	 9.0185e+00
275	 1.2000e-02	-7.0000e-03	 5.8043e+00	 8.0034e+00
276	 1.3000e-02	-7.0000e-03	 5.8122e+00	 6.9699e+00
277	 1.4000e-02	-7.0000e-03	 5.8227e+00	 6.0170e+00
278	 1.5000e-02	-7.0000e-03	 5.7579e+00	 5.0620e+00
279	-1.5000e-02	-6.0000e-03	 5.3983e+00	 3.5963e+00
280	-1.4000e-02	-6.0000e-03	 5.7201e+00	 4.8987e+00
281	-1.3000e-02	-6.0000e-03	 5.9272e+00	 5.7290e+00
282	-1.2000e-02	-6.0000e-03	 5.9512e+00	 6.6737e+00
283	-1.1000e-02	-6.0000e-03	 5.9637e+00	 7.6343e+00
284	-1.0000e-02	-6.0000e-03	 5.9841e+00	 8.6405e+00
285	-9.0000e-03	-6.0000e-03	 6.0396e+00	 9.7420e+00
286	-8.0000e-03	-6.0000e-03	 6.2014e+00	 8.5319e-01
287	-7.0000e-03	-6.0000e-03	 6.3177e+00	 1.8252e+00
288	-6.0000e-03	-6.0000e-03	 6.4334e+00	 2.4954e+00
289	-5.0000e-03	-6.0000e-03	 6.5146e+00	 2.9441e+00
290	-4.0000e-03	-6.0000e-03	 6.6353e+00	 3.4595e+00
291	-3.0000e-03	-6.0000e-03	 6.7398e+00	 3.8885e+00
292	-2.0000e-03	-6.0000e-03	 6.8312e+00	 4.2521e+00
293	-1.0000e-03	-6.0000e-03	 6.8657e+00	 4.5509e+00
294	 0.0000e+00	-6.0000e-03	 6.8516e+00	 4.7402e+00
295	 1.0000e-03	-6.0000e-03	 6.8535e+00	 4.7596e+00
296	 2.0000e-03	-6.0000e-03	 6.8302e+00	 4.7100e+00
297	 3.0000e-03	-6.0000e-03	 6.7763e+00	 4.5476e+00
298	 4.0000e-03	-6.0000e-03	 6.7362e+00	 4.2471e+00
299	 5.0000e-03	-6.0000e-03	 6.6448e+00	 3.8803e+00
300	 6.0000e-03	-6.0000e-03	 6.5025e+00	 3.4382e+00
301	 7.0000e-03	-6.0000e-03	 6.3703e+00	 2.9228e+00
302	 8.0000e-03	-6.0000e-03	 6.2701e+00	 2.3242e+00
303	 9.0000e-03	-6.0000e-03	 6.1478e+00	 1.4754e+00
304	 1.0000e-02	-6.0000e-03	 5.9552e+00	 5.3352e-01
305	 1.1000e-02	-6.0000e-03	 5.8500e+00	 9.4468e+00
306	 1.2000e-02	-6.0000e-03	 5.8204e+00	 8.4393e+00
307	 1.3000e-02	-6.0000e-03	 5.8375e+00	 7.3447e+00
308	 1.4000e-02	-6.0000e-03	 5.8753e+00	 6.3674e+00
309	 1.5000e-02	-6.0000e-03	 5.8148e+00	 5.4256e+00
310	-1.5000e-02	-5.0000e-03	 5.5324e+00	 4.0864e+00
311	-1.4000e-02	-5.0000e-03	 5.7638e+00	 5.1159e+00
312	-1.3000e-02	-5.0000e-03	 5.9335e+00	 6.0196e+00
313	-1.2000e-02	-5.0000e-03	 5.9723e+00	 6.9522e+00
314	-1.1000e-02	-5.0000e-03	 5.9916e+00	 7.9860e+00
315	-1.0000e-02	-5.0000e-03	 6.0094e+00	 8.9883e+00
316	-9.0000e-03	-5.0000e-03	 6.0623e+00	 2.2338e-01
317	-8.0000e-03	-5.0000e-03	 6.2671e+00	 1.2595e+00
318	-7.0000e-03	-5.0000e-03	 6.3950e+00	 2.1956e+00
319	-6.0000e-03	-5.0000e-03	 6.4910e+00	 2.8057e+00
320	-5.0000e-03	-5.0000e-03	 6.5685e+00	 3.2883e+00
321	-4.0000e-03	-5.0000e-03	 6.6902e+00	 3.7567e+00
322	-3.0000e-03	-5.0000e-03	 6.8019e+00	 4.2047e+00
323	-2.0000e-03	-5.0000e-03	 6.8789e+00	 4.6248e+00
324	-1.0000e-03	-5.0000e-03	 6.9377e+00	 4.9299e+00
325	 0.0000e+00	-5.0000e-03	 6.9439e+00	 5.0739e+00
326	 1.0000e-03	-5.0000e-03	 6.9311e+00	 5.0850e+00
327	 2.0000e-03	-5.0000e-03	 6.9160e+00	 5.0495e+00
328	 3.0000e-03	-5.0000e-03	 6.8611e+00	 4.9217e+00
329	 4.0000e-03	-5.0000e-03	 6.7901e+00	 4.6153e+00
330	 5.0000e-03	-5.0000e-03	 6.6905e+00	 4.2077e+00
331	 6.0000e-03	-5.0000e-03	 6.5376e+00	 3.7620e+00
332	 7.0000e-03	-5.0000e-03	 6.4233e+00	 3.2896e+00
333	 8.0000e-03	-5.0000e-03	 6.3207e+00	 2.7058e+00
334	 9.0000e-03	-5.0000e-03	 6.2441e+00	 1.9133e+00
335	 1.0000e-02	-5.0000e-03	 6.0294e+00	 9.1039e-01
336	 1.1000e-02	-5.0000e-03	 5.8733e+00	 9.6829e+00
337	 1.2000e-02	-5.0000e-03	 5.7921e+00	 8.6546e+00
338	 1.3000e-02	-5.0000e-03	 5.8513e+00	 7.6372e+00
339	 1.4000e-02	-5.0000e-03	 5.8874e+00	 6.7428e+00
340	 1.5000e-02	-5.0000e-03	 5.8756e+00	 5.7293e+00
341	-1.5000e-02	-4.0000e-03	 5.6113e+00	 4.3270e+00
342	-1.4000e-02	-4.0000e-03	 5.8943e+00	 5.3894e+00
343	-1.3000e-02	-4.0000e-03	 6.0124e+00	 6.3812e+00
344	-1.2000e-02	-4.0000e-03	 6.0143e+00	 7.2612e+00
345	-1.1000e-02	-4.0000e-03	 6.0153e+00	 8.2168e+00
346	-1.0000e-02	-4.0000e-03	 6.0239e+00	 9.3564e+00
347	-9.0000e-03	-4.0000e-03	 6.1175e+00	 5.3763e-01
348	-8.0000e-03	-4.0000e-03	 6.3121e+00	 1.6441e+00
349	-7.0000e-03	-4.0000e-03	 6.4814e+00	 2.4836e+00
350	-6.0000e-03	-4.0000e-03	 6.5275e+00	 3.0750e+00
351	-5.0000e-03	-4.0000e-03	 6.6017e+00	 3.5105e+00
352	-4.0000e-03	-4.0000e-03	 6.7253e+00	 3.9737e+00
353	-3.0000e-03	-4.0000e-03	 6.8368e+00	 4.5058e+00
354	-2.0000e-03	-4.0000e-03	 6.9397e+00	 4.9391e+00
355	-1.0000e-03	-4.0000e-03	 6.9946e+00	 5.2471e+00
356	 0.0000e+00	-4.0000e-03	 7.0100e+00	 5.3911e+00
357	 1.0000e-03	-4.0000e-03	 7.0251e+00	 5.3950e+00
358	 2.0000e-03	-4.0000e-03	 7.0084e+00	 5.3612e+00
359	 3.0000e-03	-4.0000e-03	 6.9357e+00	 5.2139e+00
360	 4.0000e-03	-4.0000e-03	 6.8483e+00	 4.8750e+00
361	 5.0000e-03	-4.0000e-03	 6.7161e+00	 4.4431e+00
362	 6.0000e-03	-4.0000e-03	 6.5646e+00	 3.9977e+00
363	 7.0000e-03	-4.0000e-03	 6.4377e+00	 3.5690e+00
364	 8.0000e-03	-4.0000e-03	 6.3647e+00	 3.0375e+00
365	 9.0000e-03	-4.0000e-03	 6.2849e+00	 2.2716e+00
366	 1.0000e-02	-4.0000e-03	 6.1432e+00	 1.2891e+00
367	 1.1000e-02	-4.0000e-03	 5.9101e+00	 3.1411e-01
368	 1.2000e-02	-4.0000e-03	 5.8240e+00	 8.9873e+00
369	 1.3000e-02	-4.0000e-03	 5.7803e+00	 7.9285e+00
370	 1.4000e-02	-4.0000e-03	 5.8914e+00	 6.8953e+00
371	 1.5000e-02	-4.0000e-03	 5.9548e+00	 5.9752e+00
372	-1.5000e-02	-3.0000e-03	 5.6899e+00	 4.6091e+00
373	-1.4000e-02	-3.0000e-03	 5.9486e+00	 5.5627e+00
374	-1.3000e-02	-3.0000e-03	 6.0488e+00	 6.5432e+00
375	-1.2000e-02	-3.0000e-03	 6.0041e+00	 7.4768e+00
376	-1.1000e-02	-3.0000e-03	 6.0183e+00	 8.4935e+00
377	-1.0000e-02	-3.0000e-03	 6.0663e+00	 9.6161e+00
378	-9.0000e-03	-3.0000e-03	 6.1514e+00	 8.3445e-01
379	-8.0000e-03	-3.0000e-03	 6.3723e+00	 1.9241e+00
380	-7.0000e-03	-3.0000e-03	 6.5192e+00	 2.7640e+00
381	-6.0000e-03	-3.0000e-03	 6.5794e+00	 3.2659e+00
382	-5.0000e-03	-3.0000e-03	 6.6501e+00	 3.6887e+00
383	-4.0000e-03	-3.0000e-03	 6.7671e+00	 4.1485e+00
384	-3.0000e-03	-3.0000e-03	 6.8779e+00	 4.6827e+00
385	-2.0000e-03	-3.0000e-03	 6.9686e+00	 5.1133e+00
386	-1.0000e-03	-3.0000e-03	 7.0399e+00	 5.4420e+00
387	 0.0000e+00	-3.0000e-03	 7.0603e+00	 5.5781e+00
388	 1.0000e-03	-3.0000e-03	 7.0738e+00	 5.6199e+00
389	 2.0000e-03	-3.0000e-03	 7.0551e+00	 5.5811e+00
390	 3.0000e-03	-3.0000e-03	 6.9844e+00	 5.4000e+00
391	 4.0000e-03	-3.0000e-03	 6.9071e+00	 5.0384e+00
392	 5.0000e-03	-3.0000e-03	 6.7638e+00	 4.5861e+00
393	 6.0000e-03	-3.0000e-03	 6.6080e+00	 4.0959e+00
394	 7.0000e-03	-3.0000e-03	 6.4680e+00	 3.7613e+00
395	 8.0000e-03	-3.0000e-03	 6.3858e+00	 3.2719e+00
396	 9.0000e-03	-3.0000e-03	 6.3789e+00	 2.5470e+00
397	 1.0000e-02	-3.0000e-03	 6.2099e+00	 1.5816e+00
398	 1.1000e-02	-3.0000e-03	 5.9509e+00	 4.5677e-01
399	 1.2000e-02	-3.0000e-03	 5.7901e+00	 9.2522e+00
400	 1.3000e-02	-3.0000e-03	 5.7596e+00	 8.0701e+00
401	 1.4000e-02	-3.0000e-03	 5.8894e+00	 7.0044e+00
402	 1.5000e-02	-3.0000e-03	 5.9897e+00	 6.1152e+00
403	-1.5000e-02	-2.0000e-03	 5.6833e+00	 4.7218e+00
404	-1.4000e-02	-2.0000e-03	 5.9844e+00	 5.6955e+00
405	-1.3000e-02	-2.0000e-03	 6.0518e+00	 6.6534e+00
406	-1.2000e-02	-2.0000e-03	 5.9870e+00	 7.6247e+00
407	-1.1000e-02	-2.0000e-03	 6.0163e+00	 8.6444e+00
408	-1.0000e-02	-2.0000e-03	 6.0804e+00	 9.7499e+00
409	-9.0000e-03	-2.0000e-03	 6.1820e+00	 1.0310e+00
410	-8.0000e-03	-2.0000e-03	 6.4012e+00	 2.0523e+00
411	-7.0000e-03	-2.0000e-03	 6.5485e+00	 2.8386e+00
412	-6.0000e-03	-2.0000e-03	 6.6139e+00	 3.3895e+00
413	-5.0000e-03	-2.0000e-03	 6.6915e+00	 3.7616e+00
414	-4.0000e-03	-2.0000e-03	 6.8079e+00	 4.2422e+00
415	-3.0000e-03	-2.0000e-03	 6.9058e+00	 4.7682e+00
416	-2.0000e-03	-2.0000e-03	 6.9972e+00	 5.2224e+00
417	-1.0000e-03	-2.0000e-03	 7.0629e+00	 5.5364e+00
418	 0.0000e+00	-2.0000e-03	 7.0942e+00	 5.6754e+00
419	 1.0000e-03	-2.0000e-03	 7.1070e+00	 5.6942e+00
420	 2.0000e-03	-2.0000e-03	 7.0912e+00	 5.6675e+00
421	 3.0000e-03	-2.0000e-03	 7.0225e+00	 5.4693e+00
422	 4.0000e-03	-2.0000e-03	 6.9410e+00	 5.1228e+00
423	 5.0000e-03	-2.0000e-03	 6.8079e+00	 4.6751e+00
424	 6.0000e-03	-2.0000e-03	 6.6668e+00	 4.2383e+00
425	 7.0000e-03	-2.0000e-03	 6.4837e+00	 3.9109e+00
426	 8.0000e-03	-2.0000e-03	 6.3970e+00	 3.5167e+00
427	 9.0000e-03	-2.0000e-03	 6.3861e+00	 2.7364e+00
428	 1.0000e-02	-2.0000e-03	 6.2569e+00	 1.7910e+00
429	 1.1000e-02	-2.0000e-03	 5.9792e+00	 6.3000e-01
430	 1.2000e-02	-2.0000e-03	 5.8072e+00	 9.4649e+00
431	 1.3000e-02	-2.0000e-03	 5.7507e+00	 8.2802e+00
432	 1.4000e-02	-2.0000e-03	 5.8322e+00	 7.1303e+00
433	 1.5000e-02	-2.0000e-03	 5.9584e+00	 6.3154e+00
434	-1.5000e-02	-1.0000e-03	 5.6909e+00	 4.7846e+00
435	-1.4000e-02	-1.0000e-03	 6.0160e+00	 5.7471e+00
436	-1.3000e-02	-1.0000e-03	 6.0991e+00	 6.6280e+00
437	-1.2000e-02	-1.0000e-03	 6.0561e+00	 7.5669e+00
438	-1.1000e-02	-1.0000e-03	 5.9887e+00	 8.6438e+00
439	-1.0000e-02	-1.0000e-03	 6.0344e+00	 9.8334e+00
440	-9.0000e-03	-1.0000e-03	 6.1626e+00	 1.1464e+00
441	-8.0000e-03	-1.0000e-03	 6.3950e+00	 2.1398e+00
442	-7.0000e-03	-1.0000e-03	 6.5321e+00	 2.8723e+00
443	-6.0000e-03	-1.0000e-03	 6.6116e+00	 3.3922e+00
444	-5.0000e-03	-1.0000e-03	 6.6885e+00	 3.7807e+00
445	-4.0000e-03	-1.0000e-03	 6.7885e+00	 4.3076e+00
446	-3.0000e-03	-1.0000e-03	 6.8687e+00	 4.8500e+00
447	-2.0000e-03	-1.0000e-03	 6.9824e+00	 5.2428e+00
448	-1.0000e-03	-1.0000e-03	 7.0649e+00	 5.5334e+00
449	 0.0000e+00	-1.0000e-03	 7.0929e+00	 5.6721e+00
450	 1.0000e-03	-1.0000e-03	 7.1063e+00	 5.7027e+00
451	 2.0000e-03	-1.0000e-03	 7.1149e+00	 5.6790e+00
452	 3.0000e-03	-1.0000e-03	 7.0396e+00	 5.5206e+00
453	 4.0000e-03	-1.0000e-03	 6.9453e+00	 5.1751e+00
454	 5.0000e-03	-1.0000e-03	 6.7980e+00	 4.7626e+00
455	 6.0000e-03	-1.0000e-03	 6.6481e+00	 4.3316e+00
456	 7.0000e-03	-1.0000e-03	 6.4604e+00	 3.9852e+00
457	 8.0000e-03	-1.0000e-03	 6.3730e+00	 3.5138e+00
458	 9.0000e-03	-1.0000e-03	 6.3950e+00	 2.7834e+00
459	 1.0000e-02	-1.0000e-03	 6.2530e+00	 1.8554e+00
460	 1.1000e-02	-1.0000e-03	 6.0314e+00	 7.6082e-01
461	 1.2000e-02	-1.0000e-03	 5.8053e+00	 9.5737e+00
462	 1.3000e-02	-1.0000e-03	 5.7635e+00	 8.3026e+00
463	 1.4000e-02	-1.0000e-03	 5.8631e+00	 7.2260e+00
464	 1.5000e-02	-1.0000e-03	 5.9496e+00	 6.3674e+00
465	-1.5000e-02	 0.0000e+00	 5.6665e+00	 4.8405e+00
466	-1.4000e-02	 0.0000e+00	 6.0009e+00	 5.7300e+00
467	-1.3000e-02	 0.0000e+00	 6.0541e+00	 6.6057e+00
468	-1.2000e-02	 0.0000e+00	 6.0594e+00	 7.5508e+00
469	-1.1000e-02	 0.0000e+00	 6.0041e+00	 8.5790e+00
470	-1.0000e-02	 0.0000e+00	 6.0101e+00	 9.7923e+00
471	-9.0000e-03	 0.0000e+00	 6.1563e+00	 1.1375e+00
472	-8.0000e-03	 0.0000e+00	 6.3582e+00	 2.1260e+00
473	-7.0000e-03	 0.0000e+00	 6.5071e+00	 2.8610e+00
474	-6.0000e-03	 0.0000e+00	 6.5919e+00	 3.3830e+00
475	-5.0000e-03	 0.0000e+00	 6.6770e+00	 3.8395e+00
476	-4.0000e-03	 0.0000e+00	 6.7454e+00	 4.3770e+00
477	-3.0000e-03	 0.0000e+00	 6.8424e+00	 4.8783e+00
478	-2.0000e-03	 0.0000e+00	 6.9426e+00	 5.2711e+00
479	-1.0000e-03	 0.0000e+00	 7.0292e+00	 5.5449e+00
480	 0.0000e+00	 0.0000e+00	 7.0744e+00	 5.6813e+00
481	 1.0000e-03	 0.0000e+00	 7.0850e+00	 5.6882e+00
482	 2.0000e-03	 0.0000e+00	 7.0774e+00	 5.6764e+00
483	 3.0000e-03	 0.0000e+00	 7.0087e+00	 5.5541e+00
484	 4.0000e-03	 0.0000e+00	 6.9091e+00	 5.2681e+00
485	 5.0000e-03	 0.0000e+00	 6.7562e+00	 4.8316e+00
486	 6.0000e-03	 0.0000e+00	 6.6116e+00	 4.3790e+00
487	 7.0000e-03	 0.0000e+00	 6.4535e+00	 3.9579e+00
488	 8.0000e-03	 0.0000e+00	 6.3664e+00	 3.4891e+00
489	 9.0000e-03	 0.0000e+00	 6.3733e+00	 2.7170e+00
490	 1.0000e-02	 0.0000e+00	 6.2359e+00	 1.7854e+00
491	 1.1000e-02	 0.0000e+00	 6.0324e+00	 6.8391e-01
492	 1.2000e-02	 0.0000e+00	 5.8095e+00	 9.6230e+00
493	 1.3000e-02	 0.0000e+00	 5.7408e+00	 8.3538e+00
494	 1.4000e-02	 0.0000e+00	 5.8644e+00	 7.1783e+00
495	 1.5000e-02	 0.0000e+00	 5.9578e+00	 6.2862e+00
496	-1.5000e-02	 1.0000e-03	 5.6757e+00	 4.8671e+00
497	-1.4000e-02	 1.0000e-03	 5.9726e+00	 5.6955e+00
498	-1.3000e-02	 1.0000e-03	 6.0732e+00	 6.5143e+00
499	-1.2000e-02	 1.0000e-03	 6.0337e+00	 7.4166e+00
500	-1.1000e-02	 1.0000e-03	 5.9985e+00	 8.5590e+00
501	-1.0000e-02	 1.0000e-03	 6.0140e+00	 9.7680e+00
502	-9.0000e-03	 1.0000e-03	 6.1567e+00	 1.0156e+00
503	-8.0000e-03	 1.0000e-03	 6.3187e+00	 2.0362e+00
504	-7.0000e-03	 1.0000e-03	 6.4604e+00	 2.7719e+00
505	-6.0000e-03	 1.0000e-03	 6.5820e+00	 3.3458e+00
506	-5.0000e-03	 1.0000e-03	 6.6718e+00	 3.8645e+00
507	-4.0000e-03	 1.0000e-03	 6.7454e+00	 4.3494e+00
508	-3.0000e-03	 1.0000e-03	 6.8263e+00	 4.8553e+00
509	-2.0000e-03	 1.0000e-03	 6.9140e+00	 5.2172e+00
510	-1.0000e-03	 1.0000e-03	 6.9834e+00	 5.4644e+00
511	 0.0000e+00	 1.0000e-03	 7.0123e+00	 5.6047e+00
512	 1.0000e-03	 1.0000e-03	 7.0196e+00	 5.6005e+00
513	 2.0000e-03	 1.0000e-03	 7.0163e+00	 5.5834e+00
514	 3.0000e-03	 1.0000e-03	 6.9656e+00	 5.4877e+00
515	 4.0000e-03	 1.0000e-03	 6.8654e+00	 5.1863e+00
516	 5.0000e-03	 1.0000e-03	 6.7303e+00	 4.7977e+00
517	 6.0000e-03	 1.0000e-03	 6.5958e+00	 4.3560e+00
518	 7.0000e-03	 1.0000e-03	 6.4824e+00	 3.8668e+00
519	 8.0000e-03	 1.0000e-03	 6.4180e+00	 3.3287e+00
520	 9.0000e-03	 1.0000e-03	 6.3805e+00	 2.5839e+00
521	 1.0000e-02	 1.0000e-03	 6.2300e+00	 1.6832e+00
522	 1.1000e-02	 1.0000e-03	 6.0252e+00	 5.9318e-01
523	 1.2000e-02	 1.0000e-03	 5.8388e+00	 9.5520e+00
524	 1.3000e-02	 1.0000e-03	 5.7283e+00	 8.3926e+00
525	 1.4000e-02	 1.0000e-03	 5.8187e+00	 7.1099e+00
526	 1.5000e-02	 1.0000e-03	 5.9348e+00	 6.1646e+00
527	-1.5000e-02	 2.0000e-03	 5.6205e+00	 4.7580e+00
528	-1.4000e-02	 2.0000e-03	 5.9732e+00	 5.5676e+00
529	-1.3000e-02	 2.0000e-03	 6.0508e+00	 6.3174e+00
530	-1.2000e-02	 2.0000e-03	 6.0317e+00	 7.2796e+00
531	-1.1000e-02	 2.0000e-03	 5.9676e+00	 8.3989e+00
532	-1.0000e-02	 2.0000e-03	 6.0045e+00	 9.6595e+00
533	-9.0000e-03	 2.0000e-03	 6.1333e+00	 8.4004e-01
534	-8.0000e-03	 2.0000e-03	 6.2957e+00	 1.8475e+00
535	-7.0000e-03	 2.0000e-03	 6.4275e+00	 2.6069e+00
536	-6.0000e-03	 2.0000e-03	 6.5584e+00	 3.2048e+00
537	-5.0000e-03	 2.0000e-03	 6.6465e+00	 3.7156e+00
538	-4.0000e-03	 2.0000e-03	 6.7329e+00	 4.2488e+00
539	-3.0000e-03	 2.0000e-03	 6.7980e+00	 4.6988e+00
540	-2.0000e-03	 2.0000e-03	 6.8693e+00	 5.0686e+00
541	-1.0000e-03	 2.0000e-03	 6.9163e+00	 5.2902e+00
542	 0.0000e+00	 2.0000e-03	 6.9298e+00	 5.4210e+00
543	 1.0000e-03	 2.0000e-03	 6.9351e+00	 5.4217e+00
544	 2.0000e-03	 2.0000e-03	 6.9380e+00	 5.4019e+00
545	 3.0000e-03	 2.0000e-03	 6.8999e+00	 5.2691e+00
546	 4.0000e-03	 2.0000e-03	 6.8223e+00	 4.9976e+00
547	 5.0000e-03	 2.0000e-03	 6.7165e+00	 4.6419e+00
548	 6.0000e-03	 2.0000e-03	 6.6133e+00	 4.2182e+00
549	 7.0000e-03	 2.0000e-03	 6.5110e+00	 3.7150e+00
550	 8.0000e-03	 2.0000e-03	 6.3981e+00	 3.1420e+00
551	 9.0000e-03	 2.0000e-03	 6.3338e+00	 2.3728e+00
552	 1.0000e-02	 2.0000e-03	 6.1839e+00	 1.5109e+00
553	 1.1000e-02	 2.0000e-03	 6.0288e+00	 5.0180e-01
554	 1.2000e-02	 2.0000e-03	 5.7819e+00	 9.4511e+00
555	 1.3000e-02	 2.0000e-03	 5.7228e+00	 8.1487e+00
556	 1.4000e-02	 2.0000e-03	 5.8585e+00	 7.0077e+00
557	 1.5000e-02	 2.0000e-03	 5.9012e+00	 6.0400e+00
558	-1.5000e-02	 3.0000e-03	 5.5456e+00	 4.5680e+00
559	-1.4000e-02	 3.0000e-03	 5.8812e+00	 5.3967e+00
560	-1.3000e-02	 3.0000e-03	 6.0225e+00	 6.1501e+00
561	-1.2000e-02	 3.0000e-03	 6.0301e+00	 7.1441e+00
562	-1.1000e-02	 3.0000e-03	 5.9545e+00	 8.2368e+00
563	-1.0000e-02	 3.0000e-03	 5.9811e+00	 9.4876e+00
564	-9.0000e-03	 3.0000e-03	 6.0968e+00	 5.6787e-01
565	-8.0000e-03	 3.0000e-03	 6.2610e+00	 1.5034e+00
566	-7.0000e-03	 3.0000e-03	 6.3762e+00	 2.3623e+00
567	-6.0000e-03	 3.0000e-03	 6.5192e+00	 2.9494e+00
568	-5.0000e-03	 3.0000e-03	 6.6077e+00	 3.5115e+00
569	-4.0000e-03	 3.0000e-03	 6.6961e+00	 4.0249e+00
570	-3.0000e-03	 3.0000e-03	 6.7704e+00	 4.4786e+00
571	-2.0000e-03	 3.0000e-03	 6.8292e+00	 4.8063e+00
572	-1.0000e-03	 3.0000e-03	 6.8588e+00	 5.0492e+00
573	 0.0000e+00	 3.0000e-03	 6.8726e+00	 5.1695e+00
574	 1.0000e-03	 3.0000e-03	 6.8657e+00	 5.1998e+00
575	 2.0000e-03	 3.0000e-03	 6.8720e+00	 5.1748e+00
576	 3.0000e-03	 3.0000e-03	 6.8447e+00	 5.0518e+00
577	 4.0000e-03	 3.0000e-03	 6.7937e+00	 4.7793e+00
578	 5.0000e-03	 3.0000e-03	 6.7069e+00	 4.4066e+00
579	 6.0000e-03	 3.0000e-03	 6.5932e+00	 3.9339e+00
580	 7.0000e-03	 3.0000e-03	 6.4719e+00	 3.4267e+00
581	 8.0000e-03	 3.0000e-03	 6.3953e+00	 2.8297e+00
582	 9.0000e-03	 3.0000e-03	 6.2829e+00	 2.1309e+00
583	 1.0000e-02	 3.0000e-03	 6.1360e+00	 1.2598e+00
584	 1.1000e-02	 3.0000e-03	 5.9407e+00	 3.2232e-01
585	 1.2000e-02	 3.0000e-03	 5.7655e+00	 9.2230e+00
586	 1.3000e-02	 3.0000e-03	 5.7438e+00	 7.9600e+00
587	 1.4000e-02	 3.0000e-03	 5.8651e+00	 6.9022e+00
588	 1.5000e-02	 3.0000e-03	 5.9164e+00	 5.9249e+00
589	-1.5000e-02	 4.0000e-03	 5.4384e+00	 4.4148e+00
590	-1.4000e-02	 4.0000e-03	 5.8161e+00	 5.2238e+00
591	-1.3000e-02	 4.0000e-03	 5.9404e+00	 6.0087e+00
592	-1.2000e-02	 4.0000e-03	 5.9321e+00	 6.8532e+00
593	-1.1000e-02	 4.0000e-03	 5.9318e+00	 7.9788e+00
594	-1.0000e-02	 4.0000e-03	 5.9667e+00	 9.1632e+00
595	-9.0000e-03	 4.0000e-03	 6.0850e+00	 3.0589e-01
596	-8.0000e-03	 4.0000e-03	 6.2277e+00	 1.1732e+00
597	-7.0000e-03	 4.0000e-03	 6.3342e+00	 2.0444e+00
598	-6.0000e-03	 4.0000e-03	 6.4620e+00	 2.6542e+00
599	-5.0000e-03	 4.0000e-03	 6.5666e+00	 3.2469e+00
600	-4.0000e-03	 4.0000e-03	 6.6563e+00	 3.7370e+00
601	-3.0000e-03	 4.0000e-03	 6.7299e+00	 4.1469e+00
602	-2.0000e-03	 4.0000e-03	 6.7786e+00	 4.4809e+00
603	-1.0000e-03	 4.0000e-03	 6.8233e+00	 4.7452e+00
604	 0.0000e+00	 4.0000e-03	 6.8358e+00	 4.8927e+00
605	 1.0000e-03	 4.0000e-03	 6.8361e+00	 4.9187e+00
606	 2.0000e-03	 4.0000e-03	 6.8351e+00	 4.8645e+00
607	 3.0000e-03	 4.0000e-03	 6.8010e+00	 4.6857e+00
608	 4.0000e-03	 4.0000e-03	 6.7490e+00	 4.4342e+00
609	 5.0000e-03	 4.0000e-03	 6.6612e+00	 4.0292e+00
610	 6.0000e-03	 4.0000e-03	 6.5268e+00	 3.6394e+00
611	 7.0000e-03	 4.0000e-03	 6.4318e+00	 3.0917e+00
612	 8.0000e-03	 4.0000e-03	 6.3388e+00	 2.5135e+00
613	 9.0000e-03	 4.0000e-03	 6.2076e+00	 1.7769e+00
614	 1.0000e-02	 4.0000e-03	 6.0580e+00	 1.0511e+00
615	 1.1000e-02	 4.0000e-03	 5.8260e+00	 3.7163e-01
616	 1.2000e-02	 4.0000e-03	 5.6787e+00	 8.9219e+00
617	 1.3000e-02	 4.0000e-03	 5.7675e+00	 7.6339e+00
618	 1.4000e-02	 4.0000e-03	 5.8710e+00	 6.6261e+00
619	 1.5000e-02	 4.0000e-03	 5.8766e+00	 5.7145e+00
620	-1.5000e-02	 5.0000e-03	 5.2106e+00	 3.9487e+00
621	-1.4000e-02	 5.0000e-03	 5.6652e+00	 4.9654e+00
622	-1.3000e-02	 5.0000e-03	 5.8457e+00	 5.7346e+00
623	-1.2000e-02	 5.0000e-03	 5.9180e+00	 6.6267e+00
624	-1.1000e-02	 5.0000e-03	 5.9183e+00	 7.6099e+00
625	-1.0000e-02	 5.0000e-03	 5.9262e+00	 8.8223e+00
626	-9.0000e-03	 5.0000e-03	 5.9995e+00	 9.7374e+00
627	-8.0000e-03	 5.0000e-03	 6.1350e+00	 7.4439e-01
628	-7.0000e-03	 5.0000e-03	 6.2704e+00	 1.6293e+00
629	-6.0000e-03	 5.0000e-03	 6.3940e+00	 2.2870e+00
630	-5.0000e-03	 5.0000e-03	 6.4936e+00	 2.8468e+00
631	-4.0000e-03	 5.0000e-03	 6.5695e+00	 3.2929e+00
632	-3.0000e-03	 5.0000e-03	 6.6330e+00	 3.6749e+00
633	-2.0000e-03	 5.0000e-03	 6.6869e+00	 4.0289e+00
634	-1.0000e-03	 5.0000e-03	 6.7602e+00	 4.3149e+00
635	 0.0000e+00	 5.0000e-03	 6.8220e+00	 4.5006e+00
636	 1.0000e-03	 5.0000e-03	 6.8365e+00	 4.5321e+00
637	 2.0000e-03	 5.0000e-03	 6.8000e+00	 4.4743e+00
638	 3.0000e-03	 5.0000e-03	 6.7030e+00	 4.2912e+00
639	 4.0000e-03	 5.0000e-03	 6.6133e+00	 3.9188e+00
640	 5.0000e-03	 5.0000e-03	 6.5442e+00	 3.5194e+00
641	 6.0000e-03	 5.0000e-03	 6.4528e+00	 3.1121e+00
642	 7.0000e-03	 5.0000e-03	 6.3753e+00	 2.6115e+00
643	 8.0000e-03	 5.0000e-03	 6.2799e+00	 2.1007e+00
644	 9.0000e-03	 5.0000e-03	 6.1412e+00	 1.4235e+00
645	 1.0000e-02	 5.0000e-03	 5.9506e+00	 6.6320e-01
646	 1.1000e-02	 5.0000e-03	 5.7040e+00	 9.6618e+00
647	 1.2000e-02	 5.0000e-03	 5.6636e+00	 8.4311e+00
648	 1.3000e-02	 5.0000e-03	 5.7563e+00	 7.2832e+00
649	 1.4000e-02	 5.0000e-03	 5.8293e+00	 6.3976e+00
650	 1.5000e-02	 5.0000e-03	 5.7707e+00	 5.4871e+00
651	-1.5000e-02	 6.0000e-03	 4.9552e+00	 3.6265e+00
652	-1.4000e-02	 6.0000e-03	 5.4900e+00	 4.5111e+00
653	-1.3000e-02	 6.0000e-03	 5.7855e+00	 5.3742e+00
654	-1.2000e-02	 6.0000e-03	 5.8049e+00	 6.2457e+00
655	-1.1000e-02	 6.0000e-03	 5.8648e+00	 7.2115e+00
656	-1.0000e-02	 6.0000e-03	 5.8773e+00	 8.2631e+00
657	-9.0000e-03	 6.0000e-03	 5.9239e+00	 9.3311e+00
658	-8.0000e-03	 6.0000e-03	 6.0646e+00	 3.3810e-01
659	-7.0000e-03	 6.0000e-03	 6.1747e+00	 1.1530e+00
660	-6.0000e-03	 6.0000e-03	 6.3187e+00	 1.8452e+00
661	-5.0000e-03	 6.0000e-03	 6.4075e+00	 2.3219e+00
662	-4.0000e-03	 6.0000e-03	 6.4499e+00	 2.7525e+00
663	-3.0000e-03	 6.0000e-03	 6.4880e+00	 3.1571e+00
664	-2.0000e-03	 6.0000e-03	 6.5557e+00	 3.5174e+00
665	-1.0000e-03	 6.0000e-03	 6.6497e+00	 3.7676e+00
666	 0.0000e+00	 6.0000e-03	 6.7467e+00	 3.9069e+00
667	 1.0000e-03	 6.0000e-03	 6.7763e+00	 3.9460e+00
668	 2.0000e-03	 6.0000e-03	 6.7145e+00	 3.9197e+00
669	 3.0000e-03	 6.0000e-03	 6.5791e+00	 3.7962e+00
670	 4.0000e-03	 6.0000e-03	 6.4443e+00	 3.4431e+00
671	 5.0000e-03	 6.0000e-03	 6.3575e+00	 2.9625e+00
672	 6.0000e-03	 6.0000e-03	 6.3536e+00	 2.4635e+00
673	 7.0000e-03	 6.0000e-03	 6.3230e+00	 2.0836e+00
674	 8.0000e-03	 6.0000e-03	 6.2290e+00	 1.6178e+00
675	 9.0000e-03	 6.0000e-03	 6.0285e+00	 9.4950e-01
676	 1.0000e-02	 6.0000e-03	 5.7941e+00	 2.8912e-01
677	 1.1000e-02	 6.0000e-03	 5.6511e+00	 9.2010e+00
678	 1.2000e-02	 6.0000e-03	 5.6077e+00	 7.8381e+00
679	 1.3000e-02	 6.0000e-03	 5.7076e+00	 6.7839e+00
680	 1.4000e-02	 6.0000e-03	 5.8168e+00	 5.9943e+00
681	 1.5000e-02	 6.0000e-03	 5.6905e+00	 5.1764e+00
682	-1.5000e-02	 7.0000e-03	 4.8017e+00	 2.7262e+00
683	-1.4000e-02	 7.0000e-03	 5.3079e+00	 4.0581e+00
684	-1.3000e-02	 7.0000e-03	 5.6688e+00	 4.9996e+00
685	-1.2000e-02	 7.0000e-03	 5.7727e+00	 5.8953e+00
686	-1.1000e-02	 7.0000e-03	 5.7855e+00	 6.7687e+00
687	-1.0000e-02	 7.0000e-03	 5.8542e+00	 7.6614e+00
688	-9.0000e-03	 7.0000e-03	 5.8677e+00	 8.7897e+00
689	-8.0000e-03	 7.0000e-03	 5.9384e+00	 9.7483e+00
690	-7.0000e-03	 7.0000e-03	 6.0600e+00	 6.3690e-01
691	-6.0000e-03	 7.0000e-03	 6.2040e+00	 1.2499e+00
692	-5.0000e-03	 7.0000e-03	 6.2931e+00	 1.7687e+00
693	-4.0000e-03	 7.0000e-03	 6.3394e+00	 2.1907e+00
694	-3.0000e-03	 7.0000e-03	 6.3818e+00	 2.5898e+00
695	-2.0000e-03	 7.0000e-03	 6.4509e+00	 2.9182e+00
696	-1.0000e-03	 7.0000e-03	 6.5206e+00	 3.1601e+00
697	 0.0000e+00	 7.0000e-03	 6.5850e+00	 3.2850e+00
698	 1.0000e-03	 7.0000e-03	 6.6126e+00	 3.3478e+00
699	 2.0000e-03	 7.0000e-03	 6.5676e+00	 3.3885e+00
700	 3.0000e-03	 7.0000e-03	 6.4446e+00	 3.2574e+00
701	 4.0000e-03	 7.0000e-03	 6.2970e+00	 2.9099e+00
702	 5.0000e-03	 7.0000e-03	 6.2181e+00	 2.3902e+00
703	 6.0000e-03	 7.0000e-03	 6.2497e+00	 1.8607e+00
704	 7.0000e-03	 7.0000e-03	 6.2770e+00	 1.4745e+00
705	 8.0000e-03	 7.0000e-03	 6.1379e+00	 1.0172e+00
706	 9.0000e-03	 7.0000e-03	 5.9200e+00	 4.9851e-01
707	 1.0000e-02	 7.0000e-03	 5.7382e+00	 9.6523e+00
708	 1.1000e-02	 7.0000e-03	 5.5525e+00	 8.4761e+00
709	 1.2000e-02	 7.0000e-03	 5.6366e+00	 7.2132e+00
710	 1.3000e-02	 7.0000e-03	 5.7691e+00	 6.2293e+00
711	 1.4000e-02	 7.0000e-03	 5.7612e+00	 5.5650e+00
712	 1.5000e-02	 7.0000e-03	 5.5656e+00	 4.9125e+00
713	-1.5000e-02	 8.0000e-03	 4.4957e+00	 1.9611e+00
714	-1.4000e-02	 8.0000e-03	 5.0408e+00	 3.3784e+00
715	-1.3000e-02	 8.0000e-03	 5.4772e+00	 4.4358e+00
716	-1.2000e-02	 8.0000e-03	 5.6925e+00	 5.4197e+00
717	-1.1000e-02	 8.0000e-03	 5.8016e+00	 6.2658e+00
718	-1.0000e-02	 8.0000e-03	 5.8217e+00	 7.1379e+00
719	-9.0000e-03	 8.0000e-03	 5.8707e+00	 8.1050e+00
720	-8.0000e-03	 8.0000e-03	 5.8664e+00	 9.1270e+00
721	-7.0000e-03	 8.0000e-03	 5.9489e+00	 4.5249e-01
722	-6.0000e-03	 8.0000e-03	 6.0834e+00	 6.7700e-01
723	-5.0000e-03	 8.0000e-03	 6.1629e+00	 1.2131e+00
724	-4.0000e-03	 8.0000e-03	 6.2500e+00	 1.6092e+00
725	-3.0000e-03	 8.0000e-03	 6.2704e+00	 1.9156e+00
726	-2.0000e-03	 8.0000e-03	 6.3358e+00	 2.2407e+00
727	-1.0000e-03	 8.0000e-03	 6.3874e+00	 2.5198e+00
728	 0.0000e+00	 8.0000e-03	 6.3979e+00	 2.7229e+00
729	 1.0000e-03	 8.0000e-03	 6.3966e+00	 2.7620e+00
730	 2.0000e-03	 8.0000e-03	 6.3601e+00	 2.7919e+00
731	 3.0000e-03	 8.0000e-03	 6.2832e+00	 2.6197e+00
732	 4.0000e-03	 8.0000e-03	 6.1724e+00	 2.2482e+00
733	 5.0000e-03	 8.0000e-03	 6.1412e+00	 1.7525e+00
734	 6.0000e-03	 8.0000e-03	 6.1208e+00	 1.3183e+00
735	 7.0000e-03	 8.0000e-03	 6.1337e+00	 9.4227e-01
736	 8.0000e-03	 8.0000e-03	 6.0245e+00	 5.3730e-01
737	 9.0000e-03	 8.0000e-03	 5.8615e+00	 9.7302e+00
738	 1.0000e-02	 8.0000e-03	 5.6383e+00	 9.0211e+00
739	 1.1000e-02	 8.0000e-03	 5.5265e+00	 7.8180e+00
740	 1.2000e-02	 8.0000e-03	 5.6462e+00	 6.7253e+00
741	 1.3000e-02	 8.0000e-03	 5.7375e+00	 5.6672e+00
742	 1.4000e-02	 8.0000e-03	 5.7017e+00	 5.0068e+00
743	 1.5000e-02	 8.0000e-03	 5.4588e+00	 4.5621e+00
744	-1.5000e-02	 9.0000e-03	 4.3974e+00	 8.1576e+00
745	-1.4000e-02	 9.0000e-03	 4.6904e+00	 2.4491e+00
746	-1.3000e-02	 9.0000e-03	 5.1909e+00	 3.9174e+00
747	-1.2000e-02	 9.0000e-03	 5.5150e+00	 4.9256e+00
748	-1.1000e-02	 9.0000e-03	 5.7221e+00	 5.7589e+00
749	-1.0000e-02	 9.0000e-03	 5.7560e+00	 6.6146e+00
750	-9.0000e-03	 9.0000e-03	 5.8214e+00	 7.4719e+00
751	-8.0000e-03	 9.0000e-03	 5.8076e+00	 8.3693e+00
752	-7.0000e-03	 9.0000e-03	 5.8447e+00	 9.2476e+00
753	-6.0000e-03	 9.0000e-03	 5.9114e+00	 9.7305e+00
754	-5.0000e-03	 9.0000e-03	 6.0252e+00	 5.3697e-01
755	-4.0000e-03	 9.0000e-03	 6.1110e+00	 8.6174e-01
756	-3.0000e-03	 9.0000e-03	 6.1613e+00	 1.1760e+00
757	-2.0000e-03	 9.0000e-03	 6.2096e+00	 1.4511e+00
758	-1.0000e-03	 9.0000e-03	 6.2231e+00	 1.7384e+00
759	 0.0000e+00	 9.0000e-03	 6.1941e+00	 2.0425e+00
760	 1.0000e-03	 9.0000e-03	 6.1724e+00	 2.1010e+00
761	 2.0000e-03	 9.0000e-03	 6.1136e+00	 2.0619e+00
762	 3.0000e-03	 9.0000e-03	 6.0765e+00	 1.7956e+00
763	 4.0000e-03	 9.0000e-03	 6.0268e+00	 1.3518e+00
764	 5.0000e-03	 9.0000e-03	 6.0889e+00	 9.3340e-01
765	 6.0000e-03	 9.0000e-03	 6.0765e+00	 6.1290e-01
766	 7.0000e-03	 9.0000e-03	 6.0472e+00	 2.9734e-01
767	 8.0000e-03	 9.0000e-03	 5.8986e+00	 9.7437e+00
768	 9.0000e-03	 9.0000e-03	 5.6994e+00	 9.2233e+00
769	 1.0000e-02	 9.0000e-03	 5.5130e+00	 8.2003e+00
770	 1.1000e-02	 9.0000e-03	 5.5097e+00	 6.9775e+00
771	 1.2000e-02	 9.0000e-03	 5.6639e+00	 5.9460e+00
772	 1.3000e-02	 9.0000e-03	 5.6974e+00	 5.1892e+00
773	 1.4000e-02	 9.0000e-03	 5.6370e+00	 4.5137e+00
774	 1.5000e-02	 9.0000e-03	 5.2921e+00	 4.1446e+00
775	-1.5000e-02	 1.0000e-02	 4.7419e+00	 8.3127e+00
776	-1.4000e-02	 1.0000e-02	 4.4473e+00	 1.8807e+00
777	-1.3000e-02	 1.0000e-02	 4.7925e+00	 3.1726e+00
778	-1.2000e-02	 1.0000e-02	 5.2928e+00	 4.3592e+00
779	-1.1000e-02	 1.0000e-02	 5.5755e+00	 5.1422e+00
780	-1.0000e-02	 1.0000e-02	 5.6771e+00	 6.0078e+00
781	-9.0000e-03	 1.0000e-02	 5.7530e+00	 6.7964e+00
782	-8.0000e-03	 1.0000e-02	 5.7730e+00	 7.4798e+00
783	-7.0000e-03	 1.0000e-02	 5.7954e+00	 8.3157e+00
784	-6.0000e-03	 1.0000e-02	 5.7727e+00	 9.0067e+00
785	-5.0000e-03	 1.0000e-02	 5.8680e+00	 9.6727e+00
786	-4.0000e-03	 1.0000e-02	 5.9673e+00	 3.1772e-01
787	-3.0000e-03	 1.0000e-02	 6.0189e+00	 4.2718e-01
788	-2.0000e-03	 1.0000e-02	 6.0673e+00	 7.0823e-01
789	-1.0000e-03	 1.0000e-02	 6.0311e+00	 9.7317e-01
790	 0.0000e+00	 1.0000e-02	 5.9925e+00	 1.2983e+00
791	 1.0000e-03	 1.0000e-02	 5.9453e+00	 1.2611e+00
792	 2.0000e-03	 1.0000e-02	 5.8723e+00	 1.1974e+00
793	 3.0000e-03	 1.0000e-02	 5.8746e+00	 8.7127e-01
794	 4.0000e-03	 1.0000e-02	 5.9059e+00	 4.3836e-01
795	 5.0000e-03	 1.0000e-02	 5.9828e+00	 3.1148e-01
796	 6.0000e-03	 1.0000e-02	 5.9578e+00	 9.7565e+00
797	 7.0000e-03	 1.0000e-02	 5.9016e+00	 9.4353e+00
798	 8.0000e-03	 1.0000e-02	 5.7293e+00	 9.0021e+00
799	 9.0000e-03	 1.0000e-02	 5.5318e+00	 8.2947e+00
800	 1.0000e-02	 1.0000e-02	 5.4542e+00	 7.1783e+00
801	 1.1000e-02	 1.0000e-02	 5.5042e+00	 6.1764e+00
802	 1.2000e-02	 1.0000e-02	 5.6373e+00	 5.3020e+00
803	 1.3000e-02	 1.0000e-02	 5.6057e+00	 4.6797e+00
804	 1.4000e-02	 1.0000e-02	 5.4539e+00	 4.0466e+00
805	 1.5000e-02	 1.0000e-02	 4.9981e+00	 3.9339e+00
806	-1.5000e-02	 1.1000e-02	 4.7057e+00	 7.9597e+00
807	-1.4000e-02	 1.1000e-02	 4.5982e+00	 7.8841e+00
808	-1.3000e-02	 1.1000e-02	 4.5151e+00	 2.4093e+00
809	-1.2000e-02	 1.1000e-02	 5.0604e+00	 3.5246e+00
810	-1.1000e-02	 1.1000e-02	 5.4019e+00	 4.4789e+00
811	-1.0000e-02	 1.1000e-02	 5.5600e+00	 5.2981e+00
812	-9.0000e-03	 1.1000e-02	 5.6642e+00	 5.9703e+00
813	-8.0000e-03	 1.1000e-02	 5.7507e+00	 6.5906e+00
814	-7.0000e-03	 1.1000e-02	 5.7011e+00	 7.3565e+00
815	-6.0000e-03	 1.1000e-02	 5.6537e+00	 8.0406e+00
816	-5.0000e-03	 1.1000e-02	 5.7165e+00	 8.6306e+00
817	-4.0000e-03	 1.1000e-02	 5.8062e+00	 9.0882e+00
818	-3.0000e-03	 1.1000e-02	 5.8638e+00	 9.5244e+00
819	-2.0000e-03	 1.1000e-02	 5.8838e+00	 9.7388e+00
820	-1.0000e-03	 1.1000e-02	 5.8802e+00	 4.0680e-01
821	 0.0000e+00	 1.1000e-02	 5.7803e+00	 3.9530e-01
822	 1.0000e-03	 1.1000e-02	 5.7277e+00	 4.7517e-01
823	 2.0000e-03	 1.1000e-02	 5.7011e+00	 3.9957e-01
824	 3.0000e-03	 1.1000e-02	 5.7290e+00	 9.7503e+00
825	 4.0000e-03	 1.1000e-02	 5.8030e+00	 9.5658e+00
826	 5.0000e-03	 1.1000e-02	 5.8473e+00	 9.2621e+00
827	 6.0000e-03	 1.1000e-02	 5.8187e+00	 8.9876e+00
828	 7.0000e-03	 1.1000e-02	 5.7208e+00	 8.4643e+00
829	 8.0000e-03	 1.1000e-02	 5.5883e+00	 7.9788e+00
830	 9.0000e-03	 1.1000e-02	 5.4338e+00	 7.1047e+00
831	 1.0000e-02	 1.1000e-02	 5.4519e+00	 6.0958e+00
832	 1.1000e-02	 1.1000e-02	 5.5166e+00	 5.1932e+00
833	 1.2000e-02	 1.1000e-02	 5.6355e+00	 4.5091e+00
834	 1.3000e-02	 1.1000e-02	 5.5305e+00	 4.0542e+00
835	 1.4000e-02	 1.1000e-02	 5.2162e+00	 3.7787e+00
836	 1.5000e-02	 1.1000e-02	 4.7524e+00	 3.5697e+00
837	-1.5000e-02	 1.2000e-02	 4.6291e+00	 7.4982e+00
838	-1.4000e-02	 1.2000e-02	 4.5614e+00	 8.3464e+00
839	-1.3000e-02	 1.2000e-02	 4.5167e+00	 1.3413e+00
840	-1.2000e-02	 1.2000e-02	 4.7977e+00	 2.7219e+00
841	-1.1000e-02	 1.2000e-02	 5.1324e+00	 3.8386e+00
842	-1.0000e-02	 1.2000e-02	 5.3950e+00	 4.3773e+00
843	-9.0000e-03	 1.2000e-02	 5.6005e+00	 5.2494e+00
844	-8.0000e-03	 1.2000e-02	 5.6761e+00	 5.8194e+00
845	-7.0000e-03	 1.2000e-02	 5.6172e+00	 6.3789e+00
846	-6.0000e-03	 1.2000e-02	 5.6153e+00	 7.0389e+00
847	-5.0000e-03	 1.2000e-02	 5.5827e+00	 7.6349e+00
848	-4.0000e-03	 1.2000e-02	 5.6679e+00	 8.1231e+00
849	-3.0000e-03	 1.2000e-02	 5.7583e+00	 8.5093e+00
850	-2.0000e-03	 1.2000e-02	 5.8118e+00	 8.8479e+00
851	-1.0000e-03	 1.2000e-02	 5.7451e+00	 9.0540e+00
852	 0.0000e+00	 1.2000e-02	 5.6662e+00	 9.1000e+00
853	 1.0000e-03	 1.2000e-02	 5.5742e+00	 9.1027e+00
854	 2.0000e-03	 1.2000e-02	 5.5992e+00	 8.9255e+00
855	 3.0000e-03	 1.2000e-02	 5.6616e+00	 8.6865e+00
856	 4.0000e-03	 1.2000e-02	 5.7119e+00	 8.4774e+00
857	 5.0000e-03	 1.2000e-02	 5.7648e+00	 8.2102e+00
858	 6.0000e-03	 1.2000e-02	 5.6948e+00	 7.9056e+00
859	 7.0000e-03	 1.2000e-02	 5.6080e+00	 7.4738e+00
860	 8.0000e-03	 1.2000e-02	 5.5012e+00	 6.7687e+00
861	 9.0000e-03	 1.2000e-02	 5.4486e+00	 5.9724e+00
862	 1.0000e-02	 1.2000e-02	 5.4220e+00	 5.0749e+00
863	 1.1000e-02	 1.2000e-02	 5.4943e+00	 4.5558e+00
864	 1.2000e-02	 1.2000e-02	 5.5354e+00	 3.8284e+00
865	 1.3000e-02	 1.2000e-02	 5.3677e+00	 3.3770e+00
866	 1.4000e-02	 1.2000e-02	 5.0453e+00	 2.9819e+00
867	 1.5000e-02	 1.2000e-02	 4.5164e+00	 3.5404e+00
868	-1.5000e-02	 1.3000e-02	 4.5673e+00	 7.0925e+00
869	-1.4000e-02	 1.3000e-02	 4.4082e+00	 7.6533e+00
870	-1.3000e-02	 1.3000e-02	 4.4569e+00	 7.7002e+00
871	-1.2000e-02	 1.3000e-02	 4.5246e+00	 1.6224e+00
872	-1.1000e-02	 1.3000e-02	 4.9733e+00	 3.0025e+00
873	-1.0000e-02	 1.3000e-02	 5.2441e+00	 3.6397e+00
874	-9.0000e-03	 1.3000e-02	 5.4604e+00	 4.2919e+00
875	-8.0000e-03	 1.3000e-02	 5.5551e+00	 4.8175e+00
876	-7.0000e-03	 1.3000e-02	 5.5627e+00	 5.4667e+00
877	-6.0000e-03	 1.3000e-02	 5.5525e+00	 6.0064e+00
878	-5.0000e-03	 1.3000e-02	 5.5886e+00	 6.5833e+00
879	-4.0000e-03	 1.3000e-02	 5.6192e+00	 7.0636e+00
880	-3.0000e-03	 1.3000e-02	 5.6928e+00	 7.4962e+00
881	-2.0000e-03	 1.3000e-02	 5.7070e+00	 7.7904e+00
882	-1.0000e-03	 1.3000e-02	 5.6133e+00	 7.8709e+00
883	 0.0000e+00	 1.3000e-02	 5.5768e+00	 7.8085e+00
884	 1.0000e-03	 1.3000e-02	 5.5351e+00	 7.6218e+00
885	 2.0000e-03	 1.3000e-02	 5.6034e+00	 7.5051e+00
886	 3.0000e-03	 1.3000e-02	 5.6192e+00	 7.5498e+00
887	 4.0000e-03	 1.3000e-02	 5.6968e+00	 7.4380e+00
888	 5.0000e-03	 1.3000e-02	 5.7076e+00	 7.2378e+00
889	 6.0000e-03	 1.3000e-02	 5.6536e+00	 7.0095e+00
890	 7.0000e-03	 1.3000e-02	 5.5166e+00	 6.5222e+00
891	 8.0000e-03	 1.3000e-02	 5.4519e+00	 5.8437e+00
892	 9.0000e-03	 1.3000e-02	 5.3661e+00	 5.0936e+00
893	 1.0000e-02	 1.3000e-02	 5.4335e+00	 4.2587e+00
894	 1.1000e-02	 1.3000e-02	 5.3566e+00	 3.6449e+00
895	 1.2000e-02	 1.3000e-02	 5.2990e+00	 3.0681e+00
896	 1.3000e-02	 1.3000e-02	 5.1383e+00	 2.6016e+00
897	 1.4000e-02	 1.3000e-02	 4.6884e+00	 2.3138e+00
898	 1.5000e-02	 1.3000e-02	 4.2596e+00	 3.8741e+00
899	-1.5000e-02	 1.4000e-02	 4.3168e+00	 5.8069e+00
900	-1.4000e-02	 1.4000e-02	 4.5065e+00	 6.8938e+00
901	-1.3000e-02	 1.4000e-02	 4.4805e+00	 7.5665e+00
902	-1.2000e-02	 1.4000e-02	 4.4401e+00	 7.7569e+00
903	-1.1000e-02	 1.4000e-02	 4.5458e+00	 1.6503e+00
904	-1.0000e-02	 1.4000e-02	 4.8625e+00	 2.5480e+00
905	-9.0000e-03	 1.4000e-02	 5.1955e+00	 3.3419e+00
906	-8.0000e-03	 1.4000e-02	 5.4611e+00	 3.9372e+00
907	-7.0000e-03	 1.4000e-02	 5.4414e+00	 4.4168e+00
908	-6.0000e-03	 1.4000e-02	 5.5088e+00	 4.8339e+00
909	-5.0000e-03	 1.4000e-02	 5.4769e+00	 5.4687e+00
910	-4.0000e-03	 1.4000e-02	 5.5285e+00	 6.1011e+00
911	-3.0000e-03	 1.4000e-02	 5.5272e+00	 6.5971e+00
912	-2.0000e-03	 1.4000e-02	 5.5880e+00	 6.8483e+00
913	-1.0000e-03	 1.4000e-02	 5.5347e+00	 6.9929e+00
914	 0.0000e+00	 1.4000e-02	 5.4828e+00	 6.8217e+00
915	 1.0000e-03	 1.4000e-02	 5.5209e+00	 6.6208e+00
916	 2.0000e-03	 1.4000e-02	 5.5932e+00	 6.5058e+00
917	 3.0000e-03	 1.4000e-02	 5.6284e+00	 6.4883e+00
918	 4.0000e-03	 1.4000e-02	 5.6235e+00	 6.5058e+00
919	 5.0000e-03	 1.4000e-02	 5.6297e+00	 6.3237e+00
920	 6.0000e-03	 1.4000e-02	 5.5775e+00	 6.0015e+00
921	 7.0000e-03	 1.4000e-02	 5.4098e+00	 5.4864e+00
922	 8.0000e-03	 1.4000e-02	 5.3263e+00	 4.6830e+00
923	 9.0000e-03	 1.4000e-02	 5.2744e+00	 4.0164e+00
924	 1.0000e-02	 1.4000e-02	 5.2402e+00	 3.2413e+00
925	 1.1000e-02	 1.4000e-02	 5.2366e+00	 2.6263e+00
926	 1.2000e-02	 1.4000e-02	 5.1544e+00	 1.9176e+00
927	 1.3000e-02	 1.4000e-02	 4.7741e+00	 1.5188e+00
928	 1.4000e-02	 1.4000e-02	 4.4447e+00	 2.1864e+00
929	 1.5000e-02	 1.4000e-02	 4.2590e+00	 5.3151e+00
930	-1.5000e-02	 1.5000e-02	 4.1827e+00	 4.4901e+00
931	-1.4000e-02	 1.5000e-02	 4.3947e+00	 5.7066e+00
932	-1.3000e-02	 1.5000e-02	 4.5568e+00	 6.5110e+00
933	-1.2000e-02	 1.5000e-02	 4.5752e+00	 7.7049e+00
934	-1.1000e-02	 1.5000e-02	 4.4920e+00	 8.5540e+00
935	-1.0000e-02	 1.5000e-02	 4.6935e+00	 1.7644e+00
936	-9.0000e-03	 1.5000e-02	 4.8060e+00	 2.1335e+00
937	-8.0000e-03	 1.5000e-02	 5.1679e+00	 2.7219e+00
938	-7.0000e-03	 1.5000e-02	 5.3151e+00	 3.1864e+00
939	-6.0000e-03	 1.5000e-02	 5.4401e+00	 3.6371e+00
940	-5.0000e-03	 1.5000e-02	 5.3069e+00	 4.2103e+00
941	-4.0000e-03	 1.5000e-02	 5.3119e+00	 4.7741e+00
942	-3.0000e-03	 1.5000e-02	 5.2451e+00	 5.3040e+00
943	-2.0000e-03	 1.5000e-02	 5.3063e+00	 5.7343e+00
944	-1.0000e-03	 1.5000e-02	 5.3822e+00	 5.7803e+00
945	 0.0000e+00	 1.5000e-02	 5.3845e+00	 5.7103e+00
946	 1.0000e-03	 1.5000e-02	 5.4741e+00	 5.5807e+00
947	 2.0000e-03	 1.5000e-02	 5.4963e+00	 5.4631e+00
948	 3.0000e-03	 1.5000e-02	 5.5331e+00	 5.5153e+00
949	 4.0000e-03	 1.5000e-02	 5.4101e+00	 5.4348e+00
950	 5.0000e-03	 1.5000e-02	 5.3303e+00	 5.1544e+00
951	 6.0000e-03	 1.5000e-02	 5.3286e+00	 4.6110e+00
952	 7.0000e-03	 1.5000e-02	 5.2510e+00	 4.0088e+00
953	 8.0000e-03	 1.5000e-02	 5.2356e+00	 3.2163e+00
954	 9.0000e-03	 1.5000e-02	 5.2537e+00	 2.6128e+00
955	 1.0000e-02	 1.5000e-02	 5.1942e+00	 1.8794e+00
956	 1.1000e-02	 1.5000e-02	 5.1633e+00	 1.1665e+00
957	 1.2000e-02	 1.5000e-02	 5.0371e+00	 9.4983e-01
958	 1.3000e-02	 1.5000e-02	 4.7254e+00	 7.9183e+00
959	 1.4000e-02	 1.5000e-02	 4.4171e+00	 7.8739e+00
960	 1.5000e-02	 1.5000e-02	 4.1729e+00	 5.3730e+00
