	x (m)	y (m)	Mesure ch1 (V)	Mesure ch2 (V)
0	-1.5000e-02	-1.5000e-02	 4.4026e+00	 4.7453e+00
1	-1.4000e-02	-1.5000e-02	 4.5387e+00	 4.5768e+00
2	-1.3000e-02	-1.5000e-02	 4.4598e+00	 4.5420e+00
3	-1.2000e-02	-1.5000e-02	 4.3103e+00	 5.5042e+00
4	-1.1000e-02	-1.5000e-02	 4.4690e+00	 6.6345e+00
5	-1.0000e-02	-1.5000e-02	 4.6659e+00	 1.3541e+00
6	-9.0000e-03	-1.5000e-02	 5.0492e+00	 1.7575e+00
7	-8.0000e-03	-1.5000e-02	 5.2632e+00	 2.3334e+00
8	-7.0000e-03	-1.5000e-02	 5.3020e+00	 3.1126e+00
9	-6.0000e-03	-1.5000e-02	 5.4539e+00	 3.7948e+00
10	-5.0000e-03	-1.5000e-02	 5.5370e+00	 4.3260e+00
11	-4.0000e-03	-1.5000e-02	 5.6915e+00	 5.0680e+00
12	-3.0000e-03	-1.5000e-02	 5.8454e+00	 5.4759e+00
13	-2.0000e-03	-1.5000e-02	 5.8526e+00	 5.7829e+00
14	-1.0000e-03	-1.5000e-02	 5.8487e+00	 6.0311e+00
15	 0.0000e+00	-1.5000e-02	 5.8480e+00	 6.0567e+00
16	 1.0000e-03	-1.5000e-02	 5.8470e+00	 6.0679e+00
17	 2.0000e-03	-1.5000e-02	 5.9068e+00	 6.0186e+00
18	 3.0000e-03	-1.5000e-02	 5.9177e+00	 5.9545e+00
19	 4.0000e-03	-1.5000e-02	 5.8299e+00	 5.8487e+00
20	 5.0000e-03	-1.5000e-02	 5.7569e+00	 5.5495e+00
21	 6.0000e-03	-1.5000e-02	 5.5765e+00	 4.9184e+00
22	 7.0000e-03	-1.5000e-02	 5.5525e+00	 4.2182e+00
23	 8.0000e-03	-1.5000e-02	 5.5288e+00	 3.4908e+00
24	 9.0000e-03	-1.5000e-02	 5.4838e+00	 2.9234e+00
25	 1.0000e-02	-1.5000e-02	 5.3497e+00	 2.4606e+00
26	 1.1000e-02	-1.5000e-02	 5.0992e+00	 2.3492e+00
27	 1.2000e-02	-1.5000e-02	 4.5690e+00	 2.0527e+00
28	 1.3000e-02	-1.5000e-02	 4.2665e+00	 5.1107e+00
29	 1.4000e-02	-1.5000e-02	 4.6972e+00	 5.7264e+00
30	 1.5000e-02	-1.5000e-02	 4.9263e+00	 5.2780e+00
31	-1.5000e-02	-1.4000e-02	 4.4572e+00	 5.1669e+00
32	-1.4000e-02	-1.4000e-02	 4.4930e+00	 5.1205e+00
33	-1.3000e-02	-1.4000e-02	 4.4016e+00	 5.9200e+00
34	-1.2000e-02	-1.4000e-02	 4.3425e+00	 6.6044e+00
35	-1.1000e-02	-1.4000e-02	 4.6166e+00	 1.7338e+00
36	-1.0000e-02	-1.4000e-02	 4.9693e+00	 1.8853e+00
37	-9.0000e-03	-1.4000e-02	 5.2793e+00	 2.7998e+00
38	-8.0000e-03	-1.4000e-02	 5.4332e+00	 3.5904e+00
39	-7.0000e-03	-1.4000e-02	 5.4683e+00	 4.2859e+00
40	-6.0000e-03	-1.4000e-02	 5.5374e+00	 5.1583e+00
41	-5.0000e-03	-1.4000e-02	 5.7070e+00	 5.7152e+00
42	-4.0000e-03	-1.4000e-02	 5.8138e+00	 6.2753e+00
43	-3.0000e-03	-1.4000e-02	 5.8986e+00	 6.6478e+00
44	-2.0000e-03	-1.4000e-02	 5.9565e+00	 6.9656e+00
45	-1.0000e-03	-1.4000e-02	 5.9440e+00	 7.1694e+00
46	 0.0000e+00	-1.4000e-02	 5.9397e+00	 7.3838e+00
47	 1.0000e-03	-1.4000e-02	 5.9443e+00	 7.3177e+00
48	 2.0000e-03	-1.4000e-02	 5.9762e+00	 7.2266e+00
49	 3.0000e-03	-1.4000e-02	 6.0344e+00	 7.1356e+00
50	 4.0000e-03	-1.4000e-02	 5.9824e+00	 6.9758e+00
51	 5.0000e-03	-1.4000e-02	 5.8914e+00	 6.7875e+00
52	 6.0000e-03	-1.4000e-02	 5.6971e+00	 6.4545e+00
53	 7.0000e-03	-1.4000e-02	 5.5423e+00	 5.6281e+00
54	 8.0000e-03	-1.4000e-02	 5.5775e+00	 4.7106e+00
55	 9.0000e-03	-1.4000e-02	 5.5423e+00	 3.8806e+00
56	 1.0000e-02	-1.4000e-02	 5.5745e+00	 3.3300e+00
57	 1.1000e-02	-1.4000e-02	 5.3737e+00	 2.8337e+00
58	 1.2000e-02	-1.4000e-02	 5.0716e+00	 2.7554e+00
59	 1.3000e-02	-1.4000e-02	 4.5381e+00	 3.2807e+00
60	 1.4000e-02	-1.4000e-02	 4.4851e+00	 5.3852e+00
61	 1.5000e-02	-1.4000e-02	 4.9565e+00	 5.5360e+00
62	-1.5000e-02	-1.3000e-02	 4.5939e+00	 5.4036e+00
63	-1.4000e-02	-1.3000e-02	 4.6584e+00	 5.8207e+00
64	-1.3000e-02	-1.3000e-02	 4.2264e+00	 6.4397e+00
65	-1.2000e-02	-1.3000e-02	 4.3997e+00	 2.3386e+00
66	-1.1000e-02	-1.3000e-02	 4.9628e+00	 2.2229e+00
67	-1.0000e-02	-1.3000e-02	 5.2021e+00	 2.8912e+00
68	-9.0000e-03	-1.3000e-02	 5.5002e+00	 3.8494e+00
69	-8.0000e-03	-1.3000e-02	 5.5939e+00	 4.5903e+00
70	-7.0000e-03	-1.3000e-02	 5.6015e+00	 5.4565e+00
71	-6.0000e-03	-1.3000e-02	 5.6685e+00	 6.2832e+00
72	-5.0000e-03	-1.3000e-02	 5.7911e+00	 6.8568e+00
73	-4.0000e-03	-1.3000e-02	 5.8911e+00	 7.4341e+00
74	-3.0000e-03	-1.3000e-02	 5.9765e+00	 7.8404e+00
75	-2.0000e-03	-1.3000e-02	 5.9653e+00	 8.0968e+00
76	-1.0000e-03	-1.3000e-02	 6.0429e+00	 8.4239e+00
77	 0.0000e+00	-1.3000e-02	 6.0104e+00	 8.5899e+00
78	 1.0000e-03	-1.3000e-02	 5.9575e+00	 8.6605e+00
79	 2.0000e-03	-1.3000e-02	 5.9443e+00	 8.4265e+00
80	 3.0000e-03	-1.3000e-02	 6.0101e+00	 8.2434e+00
81	 4.0000e-03	-1.3000e-02	 6.0446e+00	 8.0327e+00
82	 5.0000e-03	-1.3000e-02	 5.9946e+00	 7.7865e+00
83	 6.0000e-03	-1.3000e-02	 5.8861e+00	 7.5172e+00
84	 7.0000e-03	-1.3000e-02	 5.6596e+00	 6.9643e+00
85	 8.0000e-03	-1.3000e-02	 5.5393e+00	 6.0534e+00
86	 9.0000e-03	-1.3000e-02	 5.4562e+00	 5.0114e+00
87	 1.0000e-02	-1.3000e-02	 5.5229e+00	 4.1065e+00
88	 1.1000e-02	-1.3000e-02	 5.5952e+00	 3.5647e+00
89	 1.2000e-02	-1.3000e-02	 5.4078e+00	 3.3402e+00
90	 1.3000e-02	-1.3000e-02	 5.0952e+00	 3.3922e+00
91	 1.4000e-02	-1.3000e-02	 4.5282e+00	 4.1489e+00
92	 1.5000e-02	-1.3000e-02	 4.7596e+00	 5.7066e+00
93	-1.5000e-02	-1.2000e-02	 4.5930e+00	 6.0087e+00
94	-1.4000e-02	-1.2000e-02	 4.6304e+00	 6.6494e+00
95	-1.3000e-02	-1.2000e-02	 4.3826e+00	 6.2388e+00
96	-1.2000e-02	-1.2000e-02	 4.6834e+00	 2.2519e+00
97	-1.1000e-02	-1.2000e-02	 5.1965e+00	 3.1040e+00
98	-1.0000e-02	-1.2000e-02	 5.4733e+00	 3.7965e+00
99	-9.0000e-03	-1.2000e-02	 5.5972e+00	 4.7336e+00
100	-8.0000e-03	-1.2000e-02	 5.6378e+00	 5.6619e+00
101	-7.0000e-03	-1.2000e-02	 5.6797e+00	 6.5778e+00
102	-6.0000e-03	-1.2000e-02	 5.8273e+00	 7.3249e+00
103	-5.0000e-03	-1.2000e-02	 5.9552e+00	 7.9091e+00
104	-4.0000e-03	-1.2000e-02	 6.0055e+00	 8.3916e+00
105	-3.0000e-03	-1.2000e-02	 6.0107e+00	 8.9771e+00
106	-2.0000e-03	-1.2000e-02	 6.0097e+00	 9.3242e+00
107	-1.0000e-03	-1.2000e-02	 6.0334e+00	 9.6776e+00
108	 0.0000e+00	-1.2000e-02	 6.0525e+00	 9.7937e+00
109	 1.0000e-03	-1.2000e-02	 6.0385e+00	 9.6871e+00
110	 2.0000e-03	-1.2000e-02	 5.9443e+00	 9.7499e+00
111	 3.0000e-03	-1.2000e-02	 5.9719e+00	 9.5497e+00
112	 4.0000e-03	-1.2000e-02	 6.0265e+00	 9.1717e+00
113	 5.0000e-03	-1.2000e-02	 6.0515e+00	 8.8265e+00
114	 6.0000e-03	-1.2000e-02	 5.9907e+00	 8.4975e+00
115	 7.0000e-03	-1.2000e-02	 5.8779e+00	 8.0563e+00
116	 8.0000e-03	-1.2000e-02	 5.6304e+00	 7.3575e+00
117	 9.0000e-03	-1.2000e-02	 5.4032e+00	 6.3292e+00
118	 1.0000e-02	-1.2000e-02	 5.4634e+00	 4.9365e+00
119	 1.1000e-02	-1.2000e-02	 5.6780e+00	 4.2376e+00
120	 1.2000e-02	-1.2000e-02	 5.6639e+00	 3.8823e+00
121	 1.3000e-02	-1.2000e-02	 5.4792e+00	 3.6952e+00
122	 1.4000e-02	-1.2000e-02	 4.9121e+00	 3.8852e+00
123	 1.5000e-02	-1.2000e-02	 4.7948e+00	 4.8027e+00
124	-1.5000e-02	-1.1000e-02	 4.7366e+00	 6.8964e+00
125	-1.4000e-02	-1.1000e-02	 4.5667e+00	 7.2559e+00
126	-1.3000e-02	-1.1000e-02	 4.3530e+00	 2.0753e+00
127	-1.2000e-02	-1.1000e-02	 5.0495e+00	 3.0967e+00
128	-1.1000e-02	-1.1000e-02	 5.4900e+00	 3.8405e+00
129	-1.0000e-02	-1.1000e-02	 5.6376e+00	 4.8010e+00
130	-9.0000e-03	-1.1000e-02	 5.6192e+00	 5.6179e+00
131	-8.0000e-03	-1.1000e-02	 5.6577e+00	 6.7178e+00
132	-7.0000e-03	-1.1000e-02	 5.8314e+00	 7.6260e+00
133	-6.0000e-03	-1.1000e-02	 5.9157e+00	 8.3384e+00
134	-5.0000e-03	-1.1000e-02	 5.9972e+00	 8.9830e+00
135	-4.0000e-03	-1.1000e-02	 5.9989e+00	 9.5951e+00
136	-3.0000e-03	-1.1000e-02	 6.0160e+00	 2.2470e-01
137	-2.0000e-03	-1.1000e-02	 6.0876e+00	 6.1027e-01
138	-1.0000e-03	-1.1000e-02	 6.1662e+00	 9.3866e-01
139	 0.0000e+00	-1.1000e-02	 6.2148e+00	 1.2444e+00
140	 1.0000e-03	-1.1000e-02	 6.2191e+00	 1.3459e+00
141	 2.0000e-03	-1.1000e-02	 6.1527e+00	 1.2621e+00
142	 3.0000e-03	-1.1000e-02	 6.0561e+00	 9.5378e-01
143	 4.0000e-03	-1.1000e-02	 5.9769e+00	 4.7287e-01
144	 5.0000e-03	-1.1000e-02	 5.9966e+00	 9.7752e+00
145	 6.0000e-03	-1.1000e-02	 6.0232e+00	 9.3831e+00
146	 7.0000e-03	-1.1000e-02	 6.0068e+00	 8.9015e+00
147	 8.0000e-03	-1.1000e-02	 5.8592e+00	 8.3828e+00
148	 9.0000e-03	-1.1000e-02	 5.5229e+00	 7.6356e+00
149	 1.0000e-02	-1.1000e-02	 5.4269e+00	 6.1780e+00
150	 1.1000e-02	-1.1000e-02	 5.6379e+00	 4.9845e+00
151	 1.2000e-02	-1.1000e-02	 5.7326e+00	 4.3316e+00
152	 1.3000e-02	-1.1000e-02	 5.6465e+00	 4.0410e+00
153	 1.4000e-02	-1.1000e-02	 5.3937e+00	 4.0420e+00
154	 1.5000e-02	-1.1000e-02	 4.9707e+00	 4.5861e+00
155	-1.5000e-02	-1.0000e-02	 4.4394e+00	 7.4531e+00
156	-1.4000e-02	-1.0000e-02	 4.3724e+00	 7.2102e+00
157	-1.3000e-02	-1.0000e-02	 4.7527e+00	 2.8524e+00
158	-1.2000e-02	-1.0000e-02	 5.2974e+00	 3.7189e+00
159	-1.1000e-02	-1.0000e-02	 5.5758e+00	 4.6594e+00
160	-1.0000e-02	-1.0000e-02	 5.7083e+00	 5.5975e+00
161	-9.0000e-03	-1.0000e-02	 5.6869e+00	 6.5206e+00
162	-8.0000e-03	-1.0000e-02	 5.7770e+00	 7.5524e+00
163	-7.0000e-03	-1.0000e-02	 5.8989e+00	 8.3989e+00
164	-6.0000e-03	-1.0000e-02	 5.9772e+00	 9.2240e+00
165	-5.0000e-03	-1.0000e-02	 6.0235e+00	 2.5362e-01
166	-4.0000e-03	-1.0000e-02	 6.1024e+00	 7.0691e-01
167	-3.0000e-03	-1.0000e-02	 6.1757e+00	 1.2476e+00
168	-2.0000e-03	-1.0000e-02	 6.2579e+00	 1.6848e+00
169	-1.0000e-03	-1.0000e-02	 6.3835e+00	 1.9429e+00
170	 0.0000e+00	-1.0000e-02	 6.4512e+00	 2.1339e+00
171	 1.0000e-03	-1.0000e-02	 6.4433e+00	 2.2489e+00
172	 2.0000e-03	-1.0000e-02	 6.3749e+00	 2.2233e+00
173	 3.0000e-03	-1.0000e-02	 6.2888e+00	 2.0839e+00
174	 4.0000e-03	-1.0000e-02	 6.1616e+00	 1.6283e+00
175	 5.0000e-03	-1.0000e-02	 6.0196e+00	 9.8205e-01
176	 6.0000e-03	-1.0000e-02	 6.0419e+00	 2.9931e-01
177	 7.0000e-03	-1.0000e-02	 6.0620e+00	 9.7039e+00
178	 8.0000e-03	-1.0000e-02	 5.9716e+00	 9.1707e+00
179	 9.0000e-03	-1.0000e-02	 5.7527e+00	 8.5974e+00
180	 1.0000e-02	-1.0000e-02	 5.4535e+00	 7.3108e+00
181	 1.1000e-02	-1.0000e-02	 5.5627e+00	 5.8812e+00
182	 1.2000e-02	-1.0000e-02	 5.7224e+00	 5.0157e+00
183	 1.3000e-02	-1.0000e-02	 5.7869e+00	 4.4687e+00
184	 1.4000e-02	-1.0000e-02	 5.5923e+00	 4.2274e+00
185	 1.5000e-02	-1.0000e-02	 5.1554e+00	 4.4164e+00
186	-1.5000e-02	-9.0000e-03	 4.4431e+00	 7.9945e+00
187	-1.4000e-02	-9.0000e-03	 4.4631e+00	 2.4264e+00
188	-1.3000e-02	-9.0000e-03	 5.1623e+00	 3.3136e+00
189	-1.2000e-02	-9.0000e-03	 5.5262e+00	 4.3675e+00
190	-1.1000e-02	-9.0000e-03	 5.7491e+00	 5.3937e+00
191	-1.0000e-02	-9.0000e-03	 5.7352e+00	 6.3960e+00
192	-9.0000e-03	-9.0000e-03	 5.8421e+00	 7.2621e+00
193	-8.0000e-03	-9.0000e-03	 5.8302e+00	 8.2500e+00
194	-7.0000e-03	-9.0000e-03	 5.9838e+00	 9.1901e+00
195	-6.0000e-03	-9.0000e-03	 6.0511e+00	 2.5001e-01
196	-5.0000e-03	-9.0000e-03	 6.1711e+00	 9.3225e-01
197	-4.0000e-03	-9.0000e-03	 6.2648e+00	 1.5793e+00
198	-3.0000e-03	-9.0000e-03	 6.3355e+00	 2.1246e+00
199	-2.0000e-03	-9.0000e-03	 6.4390e+00	 2.5602e+00
200	-1.0000e-03	-9.0000e-03	 6.5626e+00	 2.7558e+00
201	 0.0000e+00	-9.0000e-03	 6.6195e+00	 2.9185e+00
202	 1.0000e-03	-9.0000e-03	 6.5991e+00	 2.9938e+00
203	 2.0000e-03	-9.0000e-03	 6.5603e+00	 2.9395e+00
204	 3.0000e-03	-9.0000e-03	 6.5107e+00	 2.8758e+00
205	 4.0000e-03	-9.0000e-03	 6.3404e+00	 2.6266e+00
206	 5.0000e-03	-9.0000e-03	 6.1491e+00	 2.0362e+00
207	 6.0000e-03	-9.0000e-03	 6.1287e+00	 1.1914e+00
208	 7.0000e-03	-9.0000e-03	 6.1511e+00	 6.1849e-01
209	 8.0000e-03	-9.0000e-03	 6.1113e+00	 9.6017e+00
210	 9.0000e-03	-9.0000e-03	 5.8966e+00	 9.3880e+00
211	 1.0000e-02	-9.0000e-03	 5.5840e+00	 8.2095e+00
212	 1.1000e-02	-9.0000e-03	 5.5295e+00	 6.7911e+00
213	 1.2000e-02	-9.0000e-03	 5.6827e+00	 5.5873e+00
214	 1.3000e-02	-9.0000e-03	 5.8247e+00	 4.8803e+00
215	 1.4000e-02	-9.0000e-03	 5.7786e+00	 4.4868e+00
216	 1.5000e-02	-9.0000e-03	 5.4703e+00	 4.3214e+00
217	-1.5000e-02	-8.0000e-03	 4.3251e+00	 6.6550e+00
218	-1.4000e-02	-8.0000e-03	 4.7774e+00	 2.4866e+00
219	-1.3000e-02	-8.0000e-03	 5.3516e+00	 3.8405e+00
220	-1.2000e-02	-8.0000e-03	 5.6176e+00	 4.9174e+00
221	-1.1000e-02	-8.0000e-03	 5.7398e+00	 6.0101e+00
222	-1.0000e-02	-8.0000e-03	 5.8069e+00	 7.0409e+00
223	-9.0000e-03	-8.0000e-03	 5.9016e+00	 7.8986e+00
224	-8.0000e-03	-8.0000e-03	 5.9213e+00	 8.8841e+00
225	-7.0000e-03	-8.0000e-03	 6.0104e+00	 9.7427e+00
226	-6.0000e-03	-8.0000e-03	 6.1350e+00	 9.5904e-01
227	-5.0000e-03	-8.0000e-03	 6.3230e+00	 1.6832e+00
228	-4.0000e-03	-8.0000e-03	 6.4420e+00	 2.3173e+00
229	-3.0000e-03	-8.0000e-03	 6.5120e+00	 2.8314e+00
230	-2.0000e-03	-8.0000e-03	 6.5676e+00	 3.1890e+00
231	-1.0000e-03	-8.0000e-03	 6.6879e+00	 3.4310e+00
232	 0.0000e+00	-8.0000e-03	 6.7490e+00	 3.5960e+00
233	 1.0000e-03	-8.0000e-03	 6.7424e+00	 3.6453e+00
234	 2.0000e-03	-8.0000e-03	 6.7260e+00	 3.5828e+00
235	 3.0000e-03	-8.0000e-03	 6.6747e+00	 3.5591e+00
236	 4.0000e-03	-8.0000e-03	 6.4883e+00	 3.3931e+00
237	 5.0000e-03	-8.0000e-03	 6.2908e+00	 2.8758e+00
238	 6.0000e-03	-8.0000e-03	 6.2342e+00	 2.0181e+00
239	 7.0000e-03	-8.0000e-03	 6.2185e+00	 1.3426e+00
240	 8.0000e-03	-8.0000e-03	 6.1330e+00	 7.2434e-01
241	 9.0000e-03	-8.0000e-03	 6.0130e+00	 4.9128e-01
242	 1.0000e-02	-8.0000e-03	 5.6741e+00	 8.9620e+00
243	 1.1000e-02	-8.0000e-03	 5.5058e+00	 7.7003e+00
244	 1.2000e-02	-8.0000e-03	 5.6435e+00	 6.3158e+00
245	 1.3000e-02	-8.0000e-03	 5.8237e+00	 5.3576e+00
246	 1.4000e-02	-8.0000e-03	 5.8789e+00	 4.8037e+00
247	 1.5000e-02	-8.0000e-03	 5.6452e+00	 4.4417e+00
248	-1.5000e-02	-7.0000e-03	 4.4434e+00	 2.7272e+00
249	-1.4000e-02	-7.0000e-03	 5.1061e+00	 3.0884e+00
250	-1.3000e-02	-7.0000e-03	 5.4900e+00	 4.2120e+00
251	-1.2000e-02	-7.0000e-03	 5.6948e+00	 5.4904e+00
252	-1.1000e-02	-7.0000e-03	 5.7563e+00	 6.5577e+00
253	-1.0000e-02	-7.0000e-03	 5.8713e+00	 7.4955e+00
254	-9.0000e-03	-7.0000e-03	 5.9529e+00	 8.4741e+00
255	-8.0000e-03	-7.0000e-03	 5.9298e+00	 9.5340e+00
256	-7.0000e-03	-7.0000e-03	 6.0735e+00	 6.7865e-01
257	-6.0000e-03	-7.0000e-03	 6.2688e+00	 1.6230e+00
258	-5.0000e-03	-7.0000e-03	 6.4134e+00	 2.3952e+00
259	-4.0000e-03	-7.0000e-03	 6.5547e+00	 3.0227e+00
260	-3.0000e-03	-7.0000e-03	 6.6340e+00	 3.4270e+00
261	-2.0000e-03	-7.0000e-03	 6.7046e+00	 3.7514e+00
262	-1.0000e-03	-7.0000e-03	 6.8059e+00	 4.0841e+00
263	 0.0000e+00	-7.0000e-03	 6.8539e+00	 4.2817e+00
264	 1.0000e-03	-7.0000e-03	 6.8388e+00	 4.3237e+00
265	 2.0000e-03	-7.0000e-03	 6.8447e+00	 4.2672e+00
266	 3.0000e-03	-7.0000e-03	 6.7832e+00	 4.1696e+00
267	 4.0000e-03	-7.0000e-03	 6.5971e+00	 3.9276e+00
268	 5.0000e-03	-7.0000e-03	 6.4433e+00	 3.4665e+00
269	 6.0000e-03	-7.0000e-03	 6.3733e+00	 2.8541e+00
270	 7.0000e-03	-7.0000e-03	 6.2674e+00	 2.0540e+00
271	 8.0000e-03	-7.0000e-03	 6.2093e+00	 1.3466e+00
272	 9.0000e-03	-7.0000e-03	 6.0827e+00	 5.8036e-01
273	 1.0000e-02	-7.0000e-03	 5.8247e+00	 9.5757e+00
274	 1.1000e-02	-7.0000e-03	 5.5643e+00	 8.3423e+00
275	 1.2000e-02	-7.0000e-03	 5.6570e+00	 6.9114e+00
276	 1.3000e-02	-7.0000e-03	 5.8039e+00	 5.8046e+00
277	 1.4000e-02	-7.0000e-03	 5.9328e+00	 5.1465e+00
278	 1.5000e-02	-7.0000e-03	 5.8158e+00	 4.6511e+00
279	-1.5000e-02	-6.0000e-03	 4.6170e+00	 2.3761e+00
280	-1.4000e-02	-6.0000e-03	 5.2040e+00	 3.6339e+00
281	-1.3000e-02	-6.0000e-03	 5.5351e+00	 4.8224e+00
282	-1.2000e-02	-6.0000e-03	 5.6754e+00	 5.9164e+00
283	-1.1000e-02	-6.0000e-03	 5.8020e+00	 6.9794e+00
284	-1.0000e-02	-6.0000e-03	 5.8930e+00	 7.9252e+00
285	-9.0000e-03	-6.0000e-03	 5.9535e+00	 9.0202e+00
286	-8.0000e-03	-6.0000e-03	 5.9795e+00	 2.6940e-01
287	-7.0000e-03	-6.0000e-03	 6.1652e+00	 1.2312e+00
288	-6.0000e-03	-6.0000e-03	 6.3670e+00	 2.1611e+00
289	-5.0000e-03	-6.0000e-03	 6.5271e+00	 2.9579e+00
290	-4.0000e-03	-6.0000e-03	 6.6287e+00	 3.4914e+00
291	-3.0000e-03	-6.0000e-03	 6.7125e+00	 3.9408e+00
292	-2.0000e-03	-6.0000e-03	 6.8013e+00	 4.2869e+00
293	-1.0000e-03	-6.0000e-03	 6.8940e+00	 4.6363e+00
294	 0.0000e+00	-6.0000e-03	 6.9361e+00	 4.8839e+00
295	 1.0000e-03	-6.0000e-03	 6.9186e+00	 4.9637e+00
296	 2.0000e-03	-6.0000e-03	 6.8963e+00	 4.8549e+00
297	 3.0000e-03	-6.0000e-03	 6.8641e+00	 4.7047e+00
298	 4.0000e-03	-6.0000e-03	 6.6977e+00	 4.3977e+00
299	 5.0000e-03	-6.0000e-03	 6.5432e+00	 3.9691e+00
300	 6.0000e-03	-6.0000e-03	 6.4377e+00	 3.4490e+00
301	 7.0000e-03	-6.0000e-03	 6.3246e+00	 2.6651e+00
302	 8.0000e-03	-6.0000e-03	 6.2043e+00	 1.8374e+00
303	 9.0000e-03	-6.0000e-03	 6.0991e+00	 1.0172e+00
304	 1.0000e-02	-6.0000e-03	 5.8789e+00	 3.1739e-01
305	 1.1000e-02	-6.0000e-03	 5.6524e+00	 8.8614e+00
306	 1.2000e-02	-6.0000e-03	 5.6416e+00	 7.3907e+00
307	 1.3000e-02	-6.0000e-03	 5.8345e+00	 6.3013e+00
308	 1.4000e-02	-6.0000e-03	 5.9604e+00	 5.4647e+00
309	 1.5000e-02	-6.0000e-03	 5.9246e+00	 4.8385e+00
310	-1.5000e-02	-5.0000e-03	 4.8132e+00	 3.1157e+00
311	-1.4000e-02	-5.0000e-03	 5.3720e+00	 3.8892e+00
312	-1.3000e-02	-5.0000e-03	 5.5610e+00	 5.2086e+00
313	-1.2000e-02	-5.0000e-03	 5.7730e+00	 6.3108e+00
314	-1.1000e-02	-5.0000e-03	 5.8579e+00	 7.3325e+00
315	-1.0000e-02	-5.0000e-03	 5.9522e+00	 8.2454e+00
316	-9.0000e-03	-5.0000e-03	 5.9614e+00	 9.5027e+00
317	-8.0000e-03	-5.0000e-03	 6.0778e+00	 7.3420e-01
318	-7.0000e-03	-5.0000e-03	 6.2619e+00	 1.7733e+00
319	-6.0000e-03	-5.0000e-03	 6.4482e+00	 2.6033e+00
320	-5.0000e-03	-5.0000e-03	 6.5725e+00	 3.3327e+00
321	-4.0000e-03	-5.0000e-03	 6.6612e+00	 3.8846e+00
322	-3.0000e-03	-5.0000e-03	 6.7674e+00	 4.3510e+00
323	-2.0000e-03	-5.0000e-03	 6.9022e+00	 4.7333e+00
324	-1.0000e-03	-5.0000e-03	 6.9893e+00	 5.0854e+00
325	 0.0000e+00	-5.0000e-03	 7.0110e+00	 5.3020e+00
326	 1.0000e-03	-5.0000e-03	 6.9890e+00	 5.3924e+00
327	 2.0000e-03	-5.0000e-03	 6.9693e+00	 5.2556e+00
328	 3.0000e-03	-5.0000e-03	 6.9430e+00	 5.0956e+00
329	 4.0000e-03	-5.0000e-03	 6.8207e+00	 4.8375e+00
330	 5.0000e-03	-5.0000e-03	 6.6402e+00	 4.4536e+00
331	 6.0000e-03	-5.0000e-03	 6.4821e+00	 3.9191e+00
332	 7.0000e-03	-5.0000e-03	 6.3759e+00	 3.1897e+00
333	 8.0000e-03	-5.0000e-03	 6.2471e+00	 2.3054e+00
334	 9.0000e-03	-5.0000e-03	 6.1376e+00	 1.4514e+00
335	 1.0000e-02	-5.0000e-03	 5.9384e+00	 5.1758e-01
336	 1.1000e-02	-5.0000e-03	 5.7228e+00	 9.4192e+00
337	 1.2000e-02	-5.0000e-03	 5.6583e+00	 7.7828e+00
338	 1.3000e-02	-5.0000e-03	 5.8401e+00	 6.7175e+00
339	 1.4000e-02	-5.0000e-03	 5.9035e+00	 5.7862e+00
340	 1.5000e-02	-5.0000e-03	 5.9174e+00	 5.0436e+00
341	-1.5000e-02	-4.0000e-03	 5.0124e+00	 3.3304e+00
342	-1.4000e-02	-4.0000e-03	 5.4496e+00	 4.4736e+00
343	-1.3000e-02	-4.0000e-03	 5.6764e+00	 5.4167e+00
344	-1.2000e-02	-4.0000e-03	 5.8230e+00	 6.6251e+00
345	-1.1000e-02	-4.0000e-03	 5.8996e+00	 7.6408e+00
346	-1.0000e-02	-4.0000e-03	 5.9778e+00	 8.6500e+00
347	-9.0000e-03	-4.0000e-03	 6.0515e+00	 9.7529e+00
348	-8.0000e-03	-4.0000e-03	 6.1356e+00	 1.1997e+00
349	-7.0000e-03	-4.0000e-03	 6.3483e+00	 2.1792e+00
350	-6.0000e-03	-4.0000e-03	 6.5317e+00	 3.0312e+00
351	-5.0000e-03	-4.0000e-03	 6.6251e+00	 3.6686e+00
352	-4.0000e-03	-4.0000e-03	 6.6921e+00	 4.2389e+00
353	-3.0000e-03	-4.0000e-03	 6.8397e+00	 4.6712e+00
354	-2.0000e-03	-4.0000e-03	 6.9755e+00	 5.0762e+00
355	-1.0000e-03	-4.0000e-03	 7.0807e+00	 5.3973e+00
356	 0.0000e+00	-4.0000e-03	 7.1099e+00	 5.5880e+00
357	 1.0000e-03	-4.0000e-03	 7.0708e+00	 5.6340e+00
358	 2.0000e-03	-4.0000e-03	 7.0698e+00	 5.5104e+00
359	 3.0000e-03	-4.0000e-03	 7.0350e+00	 5.3753e+00
360	 4.0000e-03	-4.0000e-03	 6.8943e+00	 5.1130e+00
361	 5.0000e-03	-4.0000e-03	 6.6997e+00	 4.7777e+00
362	 6.0000e-03	-4.0000e-03	 6.5291e+00	 4.3540e+00
363	 7.0000e-03	-4.0000e-03	 6.4400e+00	 3.6219e+00
364	 8.0000e-03	-4.0000e-03	 6.3618e+00	 2.7712e+00
365	 9.0000e-03	-4.0000e-03	 6.2198e+00	 1.7759e+00
366	 1.0000e-02	-4.0000e-03	 5.9936e+00	 8.6272e-01
367	 1.1000e-02	-4.0000e-03	 5.6774e+00	 9.6638e+00
368	 1.2000e-02	-4.0000e-03	 5.6646e+00	 8.2329e+00
369	 1.3000e-02	-4.0000e-03	 5.7905e+00	 7.0945e+00
370	 1.4000e-02	-4.0000e-03	 5.9321e+00	 6.0081e+00
371	 1.5000e-02	-4.0000e-03	 5.9828e+00	 5.2349e+00
372	-1.5000e-02	-3.0000e-03	 5.0768e+00	 3.6007e+00
373	-1.4000e-02	-3.0000e-03	 5.5683e+00	 4.5916e+00
374	-1.3000e-02	-3.0000e-03	 5.7780e+00	 5.6774e+00
375	-1.2000e-02	-3.0000e-03	 5.8588e+00	 6.8365e+00
376	-1.1000e-02	-3.0000e-03	 5.9213e+00	 8.0070e+00
377	-1.0000e-02	-3.0000e-03	 5.9979e+00	 9.0057e+00
378	-9.0000e-03	-3.0000e-03	 6.0557e+00	 3.6341e-01
379	-8.0000e-03	-3.0000e-03	 6.2448e+00	 1.5405e+00
380	-7.0000e-03	-3.0000e-03	 6.4473e+00	 2.4244e+00
381	-6.0000e-03	-3.0000e-03	 6.6169e+00	 3.2216e+00
382	-5.0000e-03	-3.0000e-03	 6.6566e+00	 3.8340e+00
383	-4.0000e-03	-3.0000e-03	 6.7165e+00	 4.3537e+00
384	-3.0000e-03	-3.0000e-03	 6.8723e+00	 4.8355e+00
385	-2.0000e-03	-3.0000e-03	 7.0294e+00	 5.2589e+00
386	-1.0000e-03	-3.0000e-03	 7.1326e+00	 5.5669e+00
387	 0.0000e+00	-3.0000e-03	 7.1593e+00	 5.7730e+00
388	 1.0000e-03	-3.0000e-03	 7.1336e+00	 5.7846e+00
389	 2.0000e-03	-3.0000e-03	 7.1392e+00	 5.6965e+00
390	 3.0000e-03	-3.0000e-03	 7.0899e+00	 5.5679e+00
391	 4.0000e-03	-3.0000e-03	 6.9334e+00	 5.3286e+00
392	 5.0000e-03	-3.0000e-03	 6.7204e+00	 4.9805e+00
393	 6.0000e-03	-3.0000e-03	 6.5462e+00	 4.5719e+00
394	 7.0000e-03	-3.0000e-03	 6.4903e+00	 3.9480e+00
395	 8.0000e-03	-3.0000e-03	 6.4512e+00	 3.0799e+00
396	 9.0000e-03	-3.0000e-03	 6.2908e+00	 2.1016e+00
397	 1.0000e-02	-3.0000e-03	 6.0978e+00	 1.1717e+00
398	 1.1000e-02	-3.0000e-03	 5.8513e+00	 3.3646e-01
399	 1.2000e-02	-3.0000e-03	 5.6294e+00	 8.6503e+00
400	 1.3000e-02	-3.0000e-03	 5.7320e+00	 7.2434e+00
401	 1.4000e-02	-3.0000e-03	 5.9216e+00	 6.2007e+00
402	 1.5000e-02	-3.0000e-03	 6.0258e+00	 5.3529e+00
403	-1.5000e-02	-2.0000e-03	 5.1238e+00	 3.9181e+00
404	-1.4000e-02	-2.0000e-03	 5.5755e+00	 4.7721e+00
405	-1.3000e-02	-2.0000e-03	 5.7852e+00	 5.7398e+00
406	-1.2000e-02	-2.0000e-03	 5.8881e+00	 6.8933e+00
407	-1.1000e-02	-2.0000e-03	 5.9568e+00	 8.1070e+00
408	-1.0000e-02	-2.0000e-03	 6.0225e+00	 9.2039e+00
409	-9.0000e-03	-2.0000e-03	 6.0949e+00	 4.8799e-01
410	-8.0000e-03	-2.0000e-03	 6.2770e+00	 1.7088e+00
411	-7.0000e-03	-2.0000e-03	 6.5015e+00	 2.5987e+00
412	-6.0000e-03	-2.0000e-03	 6.6412e+00	 3.3399e+00
413	-5.0000e-03	-2.0000e-03	 6.6645e+00	 3.9086e+00
414	-4.0000e-03	-2.0000e-03	 6.7175e+00	 4.4503e+00
415	-3.0000e-03	-2.0000e-03	 6.8713e+00	 4.9496e+00
416	-2.0000e-03	-2.0000e-03	 7.0297e+00	 5.3977e+00
417	-1.0000e-03	-2.0000e-03	 7.1290e+00	 5.7145e+00
418	 0.0000e+00	-2.0000e-03	 7.1685e+00	 5.9042e+00
419	 1.0000e-03	-2.0000e-03	 7.1504e+00	 5.9141e+00
420	 2.0000e-03	-2.0000e-03	 7.1550e+00	 5.8260e+00
421	 3.0000e-03	-2.0000e-03	 7.1067e+00	 5.6629e+00
422	 4.0000e-03	-2.0000e-03	 6.9558e+00	 5.4059e+00
423	 5.0000e-03	-2.0000e-03	 6.7102e+00	 5.0630e+00
424	 6.0000e-03	-2.0000e-03	 6.5518e+00	 4.6594e+00
425	 7.0000e-03	-2.0000e-03	 6.5169e+00	 4.1137e+00
426	 8.0000e-03	-2.0000e-03	 6.5012e+00	 3.2924e+00
427	 9.0000e-03	-2.0000e-03	 6.3661e+00	 2.2831e+00
428	 1.0000e-02	-2.0000e-03	 6.1961e+00	 1.4409e+00
429	 1.1000e-02	-2.0000e-03	 5.8401e+00	 4.9851e-01
430	 1.2000e-02	-2.0000e-03	 5.5732e+00	 8.8604e+00
431	 1.3000e-02	-2.0000e-03	 5.7244e+00	 7.3900e+00
432	 1.4000e-02	-2.0000e-03	 5.8884e+00	 6.3089e+00
433	 1.5000e-02	-2.0000e-03	 6.0541e+00	 5.3710e+00
434	-1.5000e-02	-1.0000e-03	 5.0637e+00	 3.9073e+00
435	-1.4000e-02	-1.0000e-03	 5.5798e+00	 4.9887e+00
436	-1.3000e-02	-1.0000e-03	 5.7970e+00	 5.9262e+00
437	-1.2000e-02	-1.0000e-03	 5.9141e+00	 6.9479e+00
438	-1.1000e-02	-1.0000e-03	 5.9607e+00	 7.9909e+00
439	-1.0000e-02	-1.0000e-03	 5.9729e+00	 9.2506e+00
440	-9.0000e-03	-1.0000e-03	 6.1087e+00	 5.8628e-01
441	-8.0000e-03	-1.0000e-03	 6.3217e+00	 1.7792e+00
442	-7.0000e-03	-1.0000e-03	 6.4864e+00	 2.6861e+00
443	-6.0000e-03	-1.0000e-03	 6.6264e+00	 3.4244e+00
444	-5.0000e-03	-1.0000e-03	 6.6609e+00	 3.9957e+00
445	-4.0000e-03	-1.0000e-03	 6.7313e+00	 4.5621e+00
446	-3.0000e-03	-1.0000e-03	 6.8828e+00	 5.0666e+00
447	-2.0000e-03	-1.0000e-03	 7.0172e+00	 5.4986e+00
448	-1.0000e-03	-1.0000e-03	 7.1152e+00	 5.7836e+00
449	 0.0000e+00	-1.0000e-03	 7.1451e+00	 5.9391e+00
450	 1.0000e-03	-1.0000e-03	 7.1382e+00	 5.9584e+00
451	 2.0000e-03	-1.0000e-03	 7.1491e+00	 5.8503e+00
452	 3.0000e-03	-1.0000e-03	 7.1007e+00	 5.6965e+00
453	 4.0000e-03	-1.0000e-03	 6.9535e+00	 5.4848e+00
454	 5.0000e-03	-1.0000e-03	 6.7329e+00	 5.1248e+00
455	 6.0000e-03	-1.0000e-03	 6.5492e+00	 4.7567e+00
456	 7.0000e-03	-1.0000e-03	 6.5189e+00	 4.1969e+00
457	 8.0000e-03	-1.0000e-03	 6.4847e+00	 3.4073e+00
458	 9.0000e-03	-1.0000e-03	 6.3647e+00	 2.3870e+00
459	 1.0000e-02	-1.0000e-03	 6.2250e+00	 1.5294e+00
460	 1.1000e-02	-1.0000e-03	 5.9203e+00	 6.6320e-01
461	 1.2000e-02	-1.0000e-03	 5.4667e+00	 9.0188e+00
462	 1.3000e-02	-1.0000e-03	 5.6370e+00	 7.3335e+00
463	 1.4000e-02	-1.0000e-03	 5.9456e+00	 6.1948e+00
464	 1.5000e-02	-1.0000e-03	 6.0962e+00	 5.4476e+00
465	-1.5000e-02	 0.0000e+00	 5.0311e+00	 4.0325e+00
466	-1.4000e-02	 0.0000e+00	 5.5252e+00	 4.9284e+00
467	-1.3000e-02	 0.0000e+00	 5.7550e+00	 5.8782e+00
468	-1.2000e-02	 0.0000e+00	 5.9604e+00	 6.8808e+00
469	-1.1000e-02	 0.0000e+00	 5.9358e+00	 7.9410e+00
470	-1.0000e-02	 0.0000e+00	 5.9667e+00	 9.2536e+00
471	-9.0000e-03	 0.0000e+00	 6.0893e+00	 5.8365e-01
472	-8.0000e-03	 0.0000e+00	 6.2886e+00	 1.8081e+00
473	-7.0000e-03	 0.0000e+00	 6.4489e+00	 2.7262e+00
474	-6.0000e-03	 0.0000e+00	 6.5896e+00	 3.4484e+00
475	-5.0000e-03	 0.0000e+00	 6.6645e+00	 4.0443e+00
476	-4.0000e-03	 0.0000e+00	 6.7362e+00	 4.6156e+00
477	-3.0000e-03	 0.0000e+00	 6.8798e+00	 5.1268e+00
478	-2.0000e-03	 0.0000e+00	 7.0077e+00	 5.5265e+00
479	-1.0000e-03	 0.0000e+00	 7.0925e+00	 5.7964e+00
480	 0.0000e+00	 0.0000e+00	 7.1228e+00	 5.9193e+00
481	 1.0000e-03	 0.0000e+00	 7.1211e+00	 5.9157e+00
482	 2.0000e-03	 0.0000e+00	 7.1320e+00	 5.8473e+00
483	 3.0000e-03	 0.0000e+00	 7.0915e+00	 5.7451e+00
484	 4.0000e-03	 0.0000e+00	 6.9568e+00	 5.5268e+00
485	 5.0000e-03	 0.0000e+00	 6.7559e+00	 5.2192e+00
486	 6.0000e-03	 0.0000e+00	 6.5672e+00	 4.8365e+00
487	 7.0000e-03	 0.0000e+00	 6.4831e+00	 4.2580e+00
488	 8.0000e-03	 0.0000e+00	 6.4216e+00	 3.3392e+00
489	 9.0000e-03	 0.0000e+00	 6.3499e+00	 2.3327e+00
490	 1.0000e-02	 0.0000e+00	 6.2168e+00	 1.5363e+00
491	 1.1000e-02	 0.0000e+00	 5.8871e+00	 7.7167e-01
492	 1.2000e-02	 0.0000e+00	 5.4463e+00	 9.0659e+00
493	 1.3000e-02	 0.0000e+00	 5.6110e+00	 7.2033e+00
494	 1.4000e-02	 0.0000e+00	 5.9515e+00	 6.1429e+00
495	 1.5000e-02	 0.0000e+00	 6.1291e+00	 5.4647e+00
496	-1.5000e-02	 1.0000e-03	 5.0558e+00	 3.9622e+00
497	-1.4000e-02	 1.0000e-03	 5.5479e+00	 4.8852e+00
498	-1.3000e-02	 1.0000e-03	 5.7763e+00	 5.8641e+00
499	-1.2000e-02	 1.0000e-03	 5.8674e+00	 6.7796e+00
500	-1.1000e-02	 1.0000e-03	 5.9180e+00	 7.9344e+00
501	-1.0000e-02	 1.0000e-03	 5.9653e+00	 9.1319e+00
502	-9.0000e-03	 1.0000e-03	 5.9985e+00	 5.3467e-01
503	-8.0000e-03	 1.0000e-03	 6.2438e+00	 1.7468e+00
504	-7.0000e-03	 1.0000e-03	 6.4242e+00	 2.6394e+00
505	-6.0000e-03	 1.0000e-03	 6.5731e+00	 3.3682e+00
506	-5.0000e-03	 1.0000e-03	 6.6527e+00	 3.9480e+00
507	-4.0000e-03	 1.0000e-03	 6.7454e+00	 4.5118e+00
508	-3.0000e-03	 1.0000e-03	 6.8677e+00	 5.0657e+00
509	-2.0000e-03	 1.0000e-03	 6.9854e+00	 5.4687e+00
510	-1.0000e-03	 1.0000e-03	 7.0551e+00	 5.7487e+00
511	 0.0000e+00	 1.0000e-03	 7.0741e+00	 5.8717e+00
512	 1.0000e-03	 1.0000e-03	 7.0896e+00	 5.8848e+00
513	 2.0000e-03	 1.0000e-03	 7.0945e+00	 5.8062e+00
514	 3.0000e-03	 1.0000e-03	 7.0521e+00	 5.6951e+00
515	 4.0000e-03	 1.0000e-03	 6.9522e+00	 5.4864e+00
516	 5.0000e-03	 1.0000e-03	 6.7697e+00	 5.2123e+00
517	 6.0000e-03	 1.0000e-03	 6.5669e+00	 4.7553e+00
518	 7.0000e-03	 1.0000e-03	 6.4354e+00	 4.0999e+00
519	 8.0000e-03	 1.0000e-03	 6.3822e+00	 3.1555e+00
520	 9.0000e-03	 1.0000e-03	 6.3546e+00	 2.1838e+00
521	 1.0000e-02	 1.0000e-03	 6.1715e+00	 1.4505e+00
522	 1.1000e-02	 1.0000e-03	 5.8878e+00	 5.7806e-01
523	 1.2000e-02	 1.0000e-03	 5.5278e+00	 8.9547e+00
524	 1.3000e-02	 1.0000e-03	 5.6120e+00	 7.1116e+00
525	 1.4000e-02	 1.0000e-03	 5.9552e+00	 6.0449e+00
526	 1.5000e-02	 1.0000e-03	 6.1202e+00	 5.4026e+00
527	-1.5000e-02	 2.0000e-03	 4.9483e+00	 3.8681e+00
528	-1.4000e-02	 2.0000e-03	 5.5571e+00	 4.8119e+00
529	-1.3000e-02	 2.0000e-03	 5.7648e+00	 5.6481e+00
530	-1.2000e-02	 2.0000e-03	 5.8634e+00	 6.6537e+00
531	-1.1000e-02	 2.0000e-03	 5.8953e+00	 7.6251e+00
532	-1.0000e-02	 2.0000e-03	 5.9236e+00	 9.0077e+00
533	-9.0000e-03	 2.0000e-03	 6.0199e+00	 3.5684e-01
534	-8.0000e-03	 2.0000e-03	 6.1646e+00	 1.4837e+00
535	-7.0000e-03	 2.0000e-03	 6.3917e+00	 2.4711e+00
536	-6.0000e-03	 2.0000e-03	 6.5123e+00	 3.2393e+00
537	-5.0000e-03	 2.0000e-03	 6.6320e+00	 3.8445e+00
538	-4.0000e-03	 2.0000e-03	 6.7365e+00	 4.3865e+00
539	-3.0000e-03	 2.0000e-03	 6.8371e+00	 4.9084e+00
540	-2.0000e-03	 2.0000e-03	 6.9278e+00	 5.3460e+00
541	-1.0000e-03	 2.0000e-03	 6.9946e+00	 5.6564e+00
542	 0.0000e+00	 2.0000e-03	 7.0176e+00	 5.8174e+00
543	 1.0000e-03	 2.0000e-03	 7.0192e+00	 5.8385e+00
544	 2.0000e-03	 2.0000e-03	 7.0255e+00	 5.7573e+00
545	 3.0000e-03	 2.0000e-03	 7.0048e+00	 5.6038e+00
546	 4.0000e-03	 2.0000e-03	 6.9071e+00	 5.3888e+00
547	 5.0000e-03	 2.0000e-03	 6.7543e+00	 5.0101e+00
548	 6.0000e-03	 2.0000e-03	 6.5564e+00	 4.5269e+00
549	 7.0000e-03	 2.0000e-03	 6.4002e+00	 3.8422e+00
550	 8.0000e-03	 2.0000e-03	 6.3569e+00	 2.8961e+00
551	 9.0000e-03	 2.0000e-03	 6.3190e+00	 1.9767e+00
552	 1.0000e-02	 2.0000e-03	 6.1567e+00	 1.3025e+00
553	 1.1000e-02	 2.0000e-03	 5.8020e+00	 3.9858e-01
554	 1.2000e-02	 2.0000e-03	 5.5505e+00	 8.8597e+00
555	 1.3000e-02	 2.0000e-03	 5.6146e+00	 6.9466e+00
556	 1.4000e-02	 2.0000e-03	 5.9926e+00	 5.9246e+00
557	 1.5000e-02	 2.0000e-03	 6.0840e+00	 5.2806e+00
558	-1.5000e-02	 3.0000e-03	 4.8720e+00	 3.6877e+00
559	-1.4000e-02	 3.0000e-03	 5.4190e+00	 4.6380e+00
560	-1.3000e-02	 3.0000e-03	 5.7274e+00	 5.5183e+00
561	-1.2000e-02	 3.0000e-03	 5.8779e+00	 6.3799e+00
562	-1.1000e-02	 3.0000e-03	 5.8585e+00	 7.4706e+00
563	-1.0000e-02	 3.0000e-03	 5.9502e+00	 8.7808e+00
564	-9.0000e-03	 3.0000e-03	 6.0288e+00	 9.6952e+00
565	-8.0000e-03	 3.0000e-03	 6.1337e+00	 1.2307e+00
566	-7.0000e-03	 3.0000e-03	 6.3135e+00	 2.1960e+00
567	-6.0000e-03	 3.0000e-03	 6.4647e+00	 3.0043e+00
568	-5.0000e-03	 3.0000e-03	 6.5863e+00	 3.6213e+00
569	-4.0000e-03	 3.0000e-03	 6.7129e+00	 4.1752e+00
570	-3.0000e-03	 3.0000e-03	 6.8036e+00	 4.6268e+00
571	-2.0000e-03	 3.0000e-03	 6.8756e+00	 5.0703e+00
572	-1.0000e-03	 3.0000e-03	 6.9226e+00	 5.4253e+00
573	 0.0000e+00	 3.0000e-03	 6.9416e+00	 5.6251e+00
574	 1.0000e-03	 3.0000e-03	 6.9499e+00	 5.6409e+00
575	 2.0000e-03	 3.0000e-03	 6.9384e+00	 5.5548e+00
576	 3.0000e-03	 3.0000e-03	 6.9160e+00	 5.3605e+00
577	 4.0000e-03	 3.0000e-03	 6.8276e+00	 5.0722e+00
578	 5.0000e-03	 3.0000e-03	 6.6846e+00	 4.6676e+00
579	 6.0000e-03	 3.0000e-03	 6.5261e+00	 4.1827e+00
580	 7.0000e-03	 3.0000e-03	 6.3690e+00	 3.4691e+00
581	 8.0000e-03	 3.0000e-03	 6.3473e+00	 2.6151e+00
582	 9.0000e-03	 3.0000e-03	 6.2740e+00	 1.8620e+00
583	 1.0000e-02	 3.0000e-03	 6.1005e+00	 1.1106e+00
584	 1.1000e-02	 3.0000e-03	 5.8289e+00	 3.9300e-01
585	 1.2000e-02	 3.0000e-03	 5.4677e+00	 8.7079e+00
586	 1.3000e-02	 3.0000e-03	 5.6123e+00	 6.7260e+00
587	 1.4000e-02	 3.0000e-03	 5.9522e+00	 5.7497e+00
588	 1.5000e-02	 3.0000e-03	 6.0659e+00	 5.2218e+00
589	-1.5000e-02	 4.0000e-03	 4.6889e+00	 3.7008e+00
590	-1.4000e-02	 4.0000e-03	 5.2790e+00	 4.3415e+00
591	-1.3000e-02	 4.0000e-03	 5.6478e+00	 5.3671e+00
592	-1.2000e-02	 4.0000e-03	 5.8132e+00	 6.1938e+00
593	-1.1000e-02	 4.0000e-03	 5.8457e+00	 7.2243e+00
594	-1.0000e-02	 4.0000e-03	 5.9354e+00	 8.4363e+00
595	-9.0000e-03	 4.0000e-03	 5.9844e+00	 9.6181e+00
596	-8.0000e-03	 4.0000e-03	 6.0686e+00	 8.3610e-01
597	-7.0000e-03	 4.0000e-03	 6.2556e+00	 1.8005e+00
598	-6.0000e-03	 4.0000e-03	 6.4311e+00	 2.6187e+00
599	-5.0000e-03	 4.0000e-03	 6.5587e+00	 3.2423e+00
600	-4.0000e-03	 4.0000e-03	 6.6557e+00	 3.7748e+00
601	-3.0000e-03	 4.0000e-03	 6.7451e+00	 4.2218e+00
602	-2.0000e-03	 4.0000e-03	 6.8052e+00	 4.6587e+00
603	-1.0000e-03	 4.0000e-03	 6.8404e+00	 4.9776e+00
604	 0.0000e+00	 4.0000e-03	 6.8808e+00	 5.1669e+00
605	 1.0000e-03	 4.0000e-03	 6.8904e+00	 5.1738e+00
606	 2.0000e-03	 4.0000e-03	 6.8844e+00	 5.0732e+00
607	 3.0000e-03	 4.0000e-03	 6.8203e+00	 4.9187e+00
608	 4.0000e-03	 4.0000e-03	 6.7247e+00	 4.6199e+00
609	 5.0000e-03	 4.0000e-03	 6.5958e+00	 4.2370e+00
610	 6.0000e-03	 4.0000e-03	 6.4607e+00	 3.7383e+00
611	 7.0000e-03	 4.0000e-03	 6.3680e+00	 3.0694e+00
612	 8.0000e-03	 4.0000e-03	 6.3102e+00	 2.3133e+00
613	 9.0000e-03	 4.0000e-03	 6.2096e+00	 1.5491e+00
614	 1.0000e-02	 4.0000e-03	 6.0170e+00	 8.2525e-01
615	 1.1000e-02	 4.0000e-03	 5.7431e+00	 9.5846e+00
616	 1.2000e-02	 4.0000e-03	 5.3648e+00	 8.2187e+00
617	 1.3000e-02	 4.0000e-03	 5.6978e+00	 6.3795e+00
618	 1.4000e-02	 4.0000e-03	 5.9653e+00	 5.5722e+00
619	 1.5000e-02	 4.0000e-03	 5.9870e+00	 5.0561e+00
620	-1.5000e-02	 5.0000e-03	 4.3112e+00	 3.2364e+00
621	-1.4000e-02	 5.0000e-03	 5.1002e+00	 3.9628e+00
622	-1.3000e-02	 5.0000e-03	 5.5196e+00	 5.0962e+00
623	-1.2000e-02	 5.0000e-03	 5.7293e+00	 5.9548e+00
624	-1.1000e-02	 5.0000e-03	 5.7921e+00	 6.9397e+00
625	-1.0000e-02	 5.0000e-03	 5.8904e+00	 8.0869e+00
626	-9.0000e-03	 5.0000e-03	 5.9407e+00	 9.1789e+00
627	-8.0000e-03	 5.0000e-03	 6.0078e+00	 3.2758e-01
628	-7.0000e-03	 5.0000e-03	 6.1291e+00	 1.3163e+00
629	-6.0000e-03	 5.0000e-03	 6.3312e+00	 2.1546e+00
630	-5.0000e-03	 5.0000e-03	 6.4722e+00	 2.7793e+00
631	-4.0000e-03	 5.0000e-03	 6.5419e+00	 3.2995e+00
632	-3.0000e-03	 5.0000e-03	 6.6100e+00	 3.8044e+00
633	-2.0000e-03	 5.0000e-03	 6.6915e+00	 4.2327e+00
634	-1.0000e-03	 5.0000e-03	 6.7628e+00	 4.4595e+00
635	 0.0000e+00	 5.0000e-03	 6.7996e+00	 4.5614e+00
636	 1.0000e-03	 5.0000e-03	 6.8121e+00	 4.5739e+00
637	 2.0000e-03	 5.0000e-03	 6.8164e+00	 4.5134e+00
638	 3.0000e-03	 5.0000e-03	 6.7444e+00	 4.4329e+00
639	 4.0000e-03	 5.0000e-03	 6.5978e+00	 4.2307e+00
640	 5.0000e-03	 5.0000e-03	 6.4433e+00	 3.7659e+00
641	 6.0000e-03	 5.0000e-03	 6.3407e+00	 3.1759e+00
642	 7.0000e-03	 5.0000e-03	 6.3085e+00	 2.4770e+00
643	 8.0000e-03	 5.0000e-03	 6.2241e+00	 1.8249e+00
644	 9.0000e-03	 5.0000e-03	 6.1225e+00	 1.1221e+00
645	 1.0000e-02	 5.0000e-03	 5.9686e+00	 4.5808e-01
646	 1.1000e-02	 5.0000e-03	 5.5827e+00	 9.2690e+00
647	 1.2000e-02	 5.0000e-03	 5.3931e+00	 7.5932e+00
648	 1.3000e-02	 5.0000e-03	 5.7017e+00	 6.0659e+00
649	 1.4000e-02	 5.0000e-03	 5.9289e+00	 5.4710e+00
650	 1.5000e-02	 5.0000e-03	 5.8661e+00	 4.9121e+00
651	-1.5000e-02	 6.0000e-03	 4.2928e+00	 3.2860e+00
652	-1.4000e-02	 6.0000e-03	 4.8686e+00	 3.5315e+00
653	-1.3000e-02	 6.0000e-03	 5.3276e+00	 4.5486e+00
654	-1.2000e-02	 6.0000e-03	 5.5275e+00	 5.5811e+00
655	-1.1000e-02	 6.0000e-03	 5.7126e+00	 6.6054e+00
656	-1.0000e-02	 6.0000e-03	 5.8072e+00	 7.6405e+00
657	-9.0000e-03	 6.0000e-03	 5.8983e+00	 8.7496e+00
658	-8.0000e-03	 6.0000e-03	 5.9272e+00	 9.7075e+00
659	-7.0000e-03	 6.0000e-03	 6.0199e+00	 7.9632e-01
660	-6.0000e-03	 6.0000e-03	 6.1698e+00	 1.5842e+00
661	-5.0000e-03	 6.0000e-03	 6.3230e+00	 2.2854e+00
662	-4.0000e-03	 6.0000e-03	 6.4190e+00	 2.8386e+00
663	-3.0000e-03	 6.0000e-03	 6.4893e+00	 3.3310e+00
664	-2.0000e-03	 6.0000e-03	 6.5600e+00	 3.7090e+00
665	-1.0000e-03	 6.0000e-03	 6.6461e+00	 3.9378e+00
666	 0.0000e+00	 6.0000e-03	 6.6530e+00	 4.0184e+00
667	 1.0000e-03	 6.0000e-03	 6.6616e+00	 3.9842e+00
668	 2.0000e-03	 6.0000e-03	 6.6990e+00	 3.9753e+00
669	 3.0000e-03	 6.0000e-03	 6.6320e+00	 3.9286e+00
670	 4.0000e-03	 6.0000e-03	 6.4867e+00	 3.7521e+00
671	 5.0000e-03	 6.0000e-03	 6.2895e+00	 3.3175e+00
672	 6.0000e-03	 6.0000e-03	 6.1892e+00	 2.6059e+00
673	 7.0000e-03	 6.0000e-03	 6.1833e+00	 1.8725e+00
674	 8.0000e-03	 6.0000e-03	 6.1527e+00	 1.2440e+00
675	 9.0000e-03	 6.0000e-03	 6.0653e+00	 6.0041e-01
676	 1.0000e-02	 6.0000e-03	 5.8059e+00	 9.6789e+00
677	 1.1000e-02	 6.0000e-03	 5.3973e+00	 8.7858e+00
678	 1.2000e-02	 6.0000e-03	 5.3954e+00	 6.9183e+00
679	 1.3000e-02	 6.0000e-03	 5.7264e+00	 5.8490e+00
680	 1.4000e-02	 6.0000e-03	 5.7924e+00	 5.1340e+00
681	 1.5000e-02	 6.0000e-03	 5.6882e+00	 4.6794e+00
682	-1.5000e-02	 7.0000e-03	 4.3099e+00	 5.8881e+00
683	-1.4000e-02	 7.0000e-03	 4.6094e+00	 2.6729e+00
684	-1.3000e-02	 7.0000e-03	 5.1159e+00	 4.0151e+00
685	-1.2000e-02	 7.0000e-03	 5.3671e+00	 5.0024e+00
686	-1.1000e-02	 7.0000e-03	 5.5817e+00	 6.1941e+00
687	-1.0000e-02	 7.0000e-03	 5.7159e+00	 7.0994e+00
688	-9.0000e-03	 7.0000e-03	 5.8000e+00	 8.0448e+00
689	-8.0000e-03	 7.0000e-03	 5.8467e+00	 9.0583e+00
690	-7.0000e-03	 7.0000e-03	 5.9509e+00	 3.0589e-01
691	-6.0000e-03	 7.0000e-03	 6.0820e+00	 9.6693e-01
692	-5.0000e-03	 7.0000e-03	 6.1915e+00	 1.6165e+00
693	-4.0000e-03	 7.0000e-03	 6.2421e+00	 2.2193e+00
694	-3.0000e-03	 7.0000e-03	 6.3329e+00	 2.7459e+00
695	-2.0000e-03	 7.0000e-03	 6.3897e+00	 3.0891e+00
696	-1.0000e-03	 7.0000e-03	 6.4400e+00	 3.3182e+00
697	 0.0000e+00	 7.0000e-03	 6.4818e+00	 3.4556e+00
698	 1.0000e-03	 7.0000e-03	 6.5081e+00	 3.4990e+00
699	 2.0000e-03	 7.0000e-03	 6.5107e+00	 3.4171e+00
700	 3.0000e-03	 7.0000e-03	 6.4693e+00	 3.3060e+00
701	 4.0000e-03	 7.0000e-03	 6.3338e+00	 3.1187e+00
702	 5.0000e-03	 7.0000e-03	 6.1678e+00	 2.6447e+00
703	 6.0000e-03	 7.0000e-03	 6.0482e+00	 1.9797e+00
704	 7.0000e-03	 7.0000e-03	 6.0610e+00	 1.2164e+00
705	 8.0000e-03	 7.0000e-03	 6.0929e+00	 6.8884e-01
706	 9.0000e-03	 7.0000e-03	 5.9321e+00	 1.0489e+00
707	 1.0000e-02	 7.0000e-03	 5.6623e+00	 9.1855e+00
708	 1.1000e-02	 7.0000e-03	 5.3562e+00	 7.9268e+00
709	 1.2000e-02	 7.0000e-03	 5.4818e+00	 6.3937e+00
710	 1.3000e-02	 7.0000e-03	 5.6468e+00	 5.4775e+00
711	 1.4000e-02	 7.0000e-03	 5.6909e+00	 4.7968e+00
712	 1.5000e-02	 7.0000e-03	 5.5015e+00	 4.6377e+00
713	-1.5000e-02	 8.0000e-03	 4.3714e+00	 8.0051e+00
714	-1.4000e-02	 8.0000e-03	 4.3964e+00	 2.6743e+00
715	-1.3000e-02	 8.0000e-03	 4.7844e+00	 3.1118e+00
716	-1.2000e-02	 8.0000e-03	 5.1475e+00	 4.6613e+00
717	-1.1000e-02	 8.0000e-03	 5.5245e+00	 5.6807e+00
718	-1.0000e-02	 8.0000e-03	 5.6731e+00	 6.5751e+00
719	-9.0000e-03	 8.0000e-03	 5.7412e+00	 7.4081e+00
720	-8.0000e-03	 8.0000e-03	 5.7737e+00	 8.4255e+00
721	-7.0000e-03	 8.0000e-03	 5.8132e+00	 9.4491e+00
722	-6.0000e-03	 8.0000e-03	 5.9762e+00	 2.7926e-01
723	-5.0000e-03	 8.0000e-03	 6.0889e+00	 8.3150e-01
724	-4.0000e-03	 8.0000e-03	 6.1116e+00	 1.4097e+00
725	-3.0000e-03	 8.0000e-03	 6.1461e+00	 1.8942e+00
726	-2.0000e-03	 8.0000e-03	 6.1576e+00	 2.2538e+00
727	-1.0000e-03	 8.0000e-03	 6.2569e+00	 2.5526e+00
728	 0.0000e+00	 8.0000e-03	 6.3029e+00	 2.7742e+00
729	 1.0000e-03	 8.0000e-03	 6.3039e+00	 2.8472e+00
730	 2.0000e-03	 8.0000e-03	 6.3062e+00	 2.7633e+00
731	 3.0000e-03	 8.0000e-03	 6.2369e+00	 2.5993e+00
732	 4.0000e-03	 8.0000e-03	 6.0906e+00	 2.3291e+00
733	 5.0000e-03	 8.0000e-03	 5.9755e+00	 1.6957e+00
734	 6.0000e-03	 8.0000e-03	 5.9926e+00	 1.1066e+00
735	 7.0000e-03	 8.0000e-03	 5.9939e+00	 4.4362e-01
736	 8.0000e-03	 8.0000e-03	 5.9746e+00	 9.4705e+00
737	 9.0000e-03	 8.0000e-03	 5.7642e+00	 9.3837e+00
738	 1.0000e-02	 8.0000e-03	 5.5367e+00	 8.5133e+00
739	 1.1000e-02	 8.0000e-03	 5.2517e+00	 7.0498e+00
740	 1.2000e-02	 8.0000e-03	 5.4703e+00	 5.6690e+00
741	 1.3000e-02	 8.0000e-03	 5.5909e+00	 4.9174e+00
742	 1.4000e-02	 8.0000e-03	 5.4713e+00	 4.5187e+00
743	 1.5000e-02	 8.0000e-03	 5.1830e+00	 4.4792e+00
744	-1.5000e-02	 9.0000e-03	 4.4148e+00	 7.7943e+00
745	-1.4000e-02	 9.0000e-03	 4.3057e+00	 8.0008e+00
746	-1.3000e-02	 9.0000e-03	 4.3796e+00	 2.5234e+00
747	-1.2000e-02	 9.0000e-03	 4.8658e+00	 3.9648e+00
748	-1.1000e-02	 9.0000e-03	 5.2764e+00	 5.1774e+00
749	-1.0000e-02	 9.0000e-03	 5.5834e+00	 5.8957e+00
750	-9.0000e-03	 9.0000e-03	 5.6534e+00	 6.7244e+00
751	-8.0000e-03	 9.0000e-03	 5.7224e+00	 7.6421e+00
752	-7.0000e-03	 9.0000e-03	 5.7652e+00	 8.4610e+00
753	-6.0000e-03	 9.0000e-03	 5.8700e+00	 9.4340e+00
754	-5.0000e-03	 9.0000e-03	 5.9344e+00	 4.0680e-01
755	-4.0000e-03	 9.0000e-03	 5.9792e+00	 6.1373e-01
756	-3.0000e-03	 9.0000e-03	 6.0015e+00	 9.7613e-01
757	-2.0000e-03	 9.0000e-03	 5.9801e+00	 1.3371e+00
758	-1.0000e-03	 9.0000e-03	 6.0544e+00	 1.6694e+00
759	 0.0000e+00	 9.0000e-03	 6.1235e+00	 1.9258e+00
760	 1.0000e-03	 9.0000e-03	 6.1060e+00	 2.0405e+00
761	 2.0000e-03	 9.0000e-03	 6.0646e+00	 2.0254e+00
762	 3.0000e-03	 9.0000e-03	 5.9667e+00	 1.7282e+00
763	 4.0000e-03	 9.0000e-03	 5.8385e+00	 1.2444e+00
764	 5.0000e-03	 9.0000e-03	 5.8727e+00	 6.0600e-01
765	 6.0000e-03	 9.0000e-03	 5.9128e+00	 2.5231e-01
766	 7.0000e-03	 9.0000e-03	 5.9190e+00	 9.6441e+00
767	 8.0000e-03	 9.0000e-03	 5.8470e+00	 9.1664e+00
768	 9.0000e-03	 9.0000e-03	 5.6103e+00	 8.5945e+00
769	 1.0000e-02	 9.0000e-03	 5.4355e+00	 7.5031e+00
770	 1.1000e-02	 9.0000e-03	 5.4075e+00	 6.2346e+00
771	 1.2000e-02	 9.0000e-03	 5.4788e+00	 5.0850e+00
772	 1.3000e-02	 9.0000e-03	 5.4338e+00	 4.4746e+00
773	 1.4000e-02	 9.0000e-03	 5.2537e+00	 4.1696e+00
774	 1.5000e-02	 9.0000e-03	 4.9430e+00	 4.3362e+00
775	-1.5000e-02	 1.0000e-02	 4.5211e+00	 7.2406e+00
776	-1.4000e-02	 1.0000e-02	 4.5118e+00	 7.9439e+00
777	-1.3000e-02	 1.0000e-02	 4.3495e+00	 7.0311e+00
778	-1.2000e-02	 1.0000e-02	 4.5874e+00	 2.9921e+00
779	-1.1000e-02	 1.0000e-02	 5.0341e+00	 4.4920e+00
780	-1.0000e-02	 1.0000e-02	 5.4279e+00	 5.2961e+00
781	-9.0000e-03	 1.0000e-02	 5.6107e+00	 5.9364e+00
782	-8.0000e-03	 1.0000e-02	 5.6731e+00	 6.7405e+00
783	-7.0000e-03	 1.0000e-02	 5.6790e+00	 7.5169e+00
784	-6.0000e-03	 1.0000e-02	 5.6370e+00	 8.4196e+00
785	-5.0000e-03	 1.0000e-02	 5.7622e+00	 9.1911e+00
786	-4.0000e-03	 1.0000e-02	 5.8513e+00	 9.5829e+00
787	-3.0000e-03	 1.0000e-02	 5.9151e+00	 5.6754e-01
788	-2.0000e-03	 1.0000e-02	 5.8993e+00	 4.2751e-01
789	-1.0000e-03	 1.0000e-02	 5.9690e+00	 6.1948e-01
790	 0.0000e+00	 1.0000e-02	 5.9298e+00	 8.9888e-01
791	 1.0000e-03	 1.0000e-02	 5.9236e+00	 1.0268e+00
792	 2.0000e-03	 1.0000e-02	 5.8526e+00	 9.6725e-01
793	 3.0000e-03	 1.0000e-02	 5.7852e+00	 5.8102e-01
794	 4.0000e-03	 1.0000e-02	 5.7089e+00	 3.2791e-01
795	 5.0000e-03	 1.0000e-02	 5.8237e+00	 9.5491e+00
796	 6.0000e-03	 1.0000e-02	 5.8145e+00	 9.1881e+00
797	 7.0000e-03	 1.0000e-02	 5.7878e+00	 8.7230e+00
798	 8.0000e-03	 1.0000e-02	 5.6646e+00	 8.2414e+00
799	 9.0000e-03	 1.0000e-02	 5.4427e+00	 7.5209e+00
800	 1.0000e-02	 1.0000e-02	 5.3861e+00	 6.4200e+00
801	 1.1000e-02	 1.0000e-02	 5.3878e+00	 5.3467e+00
802	 1.2000e-02	 1.0000e-02	 5.4443e+00	 4.4539e+00
803	 1.3000e-02	 1.0000e-02	 5.2451e+00	 3.9861e+00
804	 1.4000e-02	 1.0000e-02	 4.9969e+00	 3.8813e+00
805	 1.5000e-02	 1.0000e-02	 4.7931e+00	 4.6748e+00
806	-1.5000e-02	 1.1000e-02	 4.2896e+00	 6.8092e+00
807	-1.4000e-02	 1.1000e-02	 4.6048e+00	 7.5222e+00
808	-1.3000e-02	 1.1000e-02	 4.4943e+00	 8.3198e+00
809	-1.2000e-02	 1.1000e-02	 4.2232e+00	 3.0610e+00
810	-1.1000e-02	 1.1000e-02	 4.7328e+00	 3.7919e+00
811	-1.0000e-02	 1.1000e-02	 5.1370e+00	 4.4108e+00
812	-9.0000e-03	 1.1000e-02	 5.4486e+00	 5.1833e+00
813	-8.0000e-03	 1.1000e-02	 5.5765e+00	 5.8452e+00
814	-7.0000e-03	 1.1000e-02	 5.6186e+00	 6.5340e+00
815	-6.0000e-03	 1.1000e-02	 5.5512e+00	 7.3190e+00
816	-5.0000e-03	 1.1000e-02	 5.6498e+00	 8.1313e+00
817	-4.0000e-03	 1.1000e-02	 5.7106e+00	 8.6674e+00
818	-3.0000e-03	 1.1000e-02	 5.7612e+00	 9.0991e+00
819	-2.0000e-03	 1.1000e-02	 5.7905e+00	 9.4021e+00
820	-1.0000e-03	 1.1000e-02	 5.8118e+00	 9.7144e+00
821	 0.0000e+00	 1.1000e-02	 5.8247e+00	 9.7065e+00
822	 1.0000e-03	 1.1000e-02	 5.7586e+00	 9.6010e+00
823	 2.0000e-03	 1.1000e-02	 5.7089e+00	 9.6717e+00
824	 3.0000e-03	 1.1000e-02	 5.7076e+00	 9.3956e+00
825	 4.0000e-03	 1.1000e-02	 5.7175e+00	 8.9439e+00
826	 5.0000e-03	 1.1000e-02	 5.7540e+00	 8.6556e+00
827	 6.0000e-03	 1.1000e-02	 5.7638e+00	 8.3206e+00
828	 7.0000e-03	 1.1000e-02	 5.6626e+00	 7.9074e+00
829	 8.0000e-03	 1.1000e-02	 5.4749e+00	 7.3772e+00
830	 9.0000e-03	 1.1000e-02	 5.3043e+00	 6.3283e+00
831	 1.0000e-02	 1.1000e-02	 5.3658e+00	 5.2711e+00
832	 1.1000e-02	 1.1000e-02	 5.3733e+00	 4.4105e+00
833	 1.2000e-02	 1.1000e-02	 5.2649e+00	 3.9036e+00
834	 1.3000e-02	 1.1000e-02	 5.0236e+00	 3.5095e+00
835	 1.4000e-02	 1.1000e-02	 4.7655e+00	 3.9165e+00
836	 1.5000e-02	 1.1000e-02	 4.6173e+00	 4.9565e+00
837	-1.5000e-02	 1.2000e-02	 4.3484e+00	 6.9809e+00
838	-1.4000e-02	 1.2000e-02	 4.3942e+00	 7.3486e+00
839	-1.3000e-02	 1.2000e-02	 4.4733e+00	 7.4551e+00
840	-1.2000e-02	 1.2000e-02	 4.4424e+00	 7.5251e+00
841	-1.1000e-02	 1.2000e-02	 4.3182e+00	 2.6414e+00
842	-1.0000e-02	 1.2000e-02	 4.8020e+00	 3.5227e+00
843	-9.0000e-03	 1.2000e-02	 5.2517e+00	 4.4125e+00
844	-8.0000e-03	 1.2000e-02	 5.4470e+00	 4.9555e+00
845	-7.0000e-03	 1.2000e-02	 5.4923e+00	 5.6687e+00
846	-6.0000e-03	 1.2000e-02	 5.4805e+00	 6.3108e+00
847	-5.0000e-03	 1.2000e-02	 5.4595e+00	 7.0376e+00
848	-4.0000e-03	 1.2000e-02	 5.5538e+00	 7.6050e+00
849	-3.0000e-03	 1.2000e-02	 5.6018e+00	 8.0718e+00
850	-2.0000e-03	 1.2000e-02	 5.6366e+00	 8.3502e+00
851	-1.0000e-03	 1.2000e-02	 5.6472e+00	 8.5297e+00
852	 0.0000e+00	 1.2000e-02	 5.5630e+00	 8.8298e+00
853	 1.0000e-03	 1.2000e-02	 5.5472e+00	 8.6987e+00
854	 2.0000e-03	 1.2000e-02	 5.5291e+00	 8.6543e+00
855	 3.0000e-03	 1.2000e-02	 5.5577e+00	 8.2799e+00
856	 4.0000e-03	 1.2000e-02	 5.6524e+00	 7.9988e+00
857	 5.0000e-03	 1.2000e-02	 5.7037e+00	 7.6875e+00
858	 6.0000e-03	 1.2000e-02	 5.6465e+00	 7.4097e+00
859	 7.0000e-03	 1.2000e-02	 5.5120e+00	 7.0062e+00
860	 8.0000e-03	 1.2000e-02	 5.3365e+00	 6.2040e+00
861	 9.0000e-03	 1.2000e-02	 5.2658e+00	 5.0801e+00
862	 1.0000e-02	 1.2000e-02	 5.3451e+00	 4.2675e+00
863	 1.1000e-02	 1.2000e-02	 5.3270e+00	 3.5739e+00
864	 1.2000e-02	 1.2000e-02	 5.0910e+00	 3.2166e+00
865	 1.3000e-02	 1.2000e-02	 4.7563e+00	 3.2096e+00
866	 1.4000e-02	 1.2000e-02	 4.4411e+00	 3.8865e+00
867	 1.5000e-02	 1.2000e-02	 4.6347e+00	 5.5896e+00
868	-1.5000e-02	 1.3000e-02	 4.2646e+00	 5.4322e+00
869	-1.4000e-02	 1.3000e-02	 4.2550e+00	 6.7546e+00
870	-1.3000e-02	 1.3000e-02	 4.4293e+00	 7.3693e+00
871	-1.2000e-02	 1.3000e-02	 4.4927e+00	 7.8014e+00
872	-1.1000e-02	 1.3000e-02	 4.3408e+00	 4.5361e+00
873	-1.0000e-02	 1.3000e-02	 4.5788e+00	 2.7354e+00
874	-9.0000e-03	 1.3000e-02	 4.9401e+00	 3.3859e+00
875	-8.0000e-03	 1.3000e-02	 5.2106e+00	 4.0598e+00
876	-7.0000e-03	 1.3000e-02	 5.3582e+00	 4.5874e+00
877	-6.0000e-03	 1.3000e-02	 5.3273e+00	 5.3184e+00
878	-5.0000e-03	 1.3000e-02	 5.4217e+00	 5.9391e+00
879	-4.0000e-03	 1.3000e-02	 5.4134e+00	 6.3828e+00
880	-3.0000e-03	 1.3000e-02	 5.5594e+00	 6.8769e+00
881	-2.0000e-03	 1.3000e-02	 5.5919e+00	 7.1727e+00
882	-1.0000e-03	 1.3000e-02	 5.5309e+00	 7.2119e+00
883	 0.0000e+00	 1.3000e-02	 5.4240e+00	 7.2838e+00
884	 1.0000e-03	 1.3000e-02	 5.4305e+00	 7.2838e+00
885	 2.0000e-03	 1.3000e-02	 5.4289e+00	 7.1353e+00
886	 3.0000e-03	 1.3000e-02	 5.5531e+00	 6.9413e+00
887	 4.0000e-03	 1.3000e-02	 5.6176e+00	 6.7490e+00
888	 5.0000e-03	 1.3000e-02	 5.6212e+00	 6.5817e+00
889	 6.0000e-03	 1.3000e-02	 5.5709e+00	 6.2582e+00
890	 7.0000e-03	 1.3000e-02	 5.3602e+00	 5.7122e+00
891	 8.0000e-03	 1.3000e-02	 5.1439e+00	 4.7991e+00
892	 9.0000e-03	 1.3000e-02	 5.2382e+00	 3.9510e+00
893	 1.0000e-02	 1.3000e-02	 5.2430e+00	 3.1460e+00
894	 1.1000e-02	 1.3000e-02	 5.1955e+00	 2.6818e+00
895	 1.2000e-02	 1.3000e-02	 4.9486e+00	 2.3952e+00
896	 1.3000e-02	 1.3000e-02	 4.2981e+00	 2.8241e+00
897	 1.4000e-02	 1.3000e-02	 4.5611e+00	 5.2915e+00
898	 1.5000e-02	 1.3000e-02	 4.6505e+00	 4.9900e+00
899	-1.5000e-02	 1.4000e-02	 4.3001e+00	 3.4214e+00
900	-1.4000e-02	 1.4000e-02	 4.3011e+00	 4.5775e+00
901	-1.3000e-02	 1.4000e-02	 4.3740e+00	 5.7445e+00
902	-1.2000e-02	 1.4000e-02	 4.2843e+00	 7.1629e+00
903	-1.1000e-02	 1.4000e-02	 4.3862e+00	 6.8539e+00
904	-1.0000e-02	 1.4000e-02	 4.4016e+00	 2.6443e+00
905	-9.0000e-03	 1.4000e-02	 4.7231e+00	 2.3183e+00
906	-8.0000e-03	 1.4000e-02	 5.0334e+00	 2.9655e+00
907	-7.0000e-03	 1.4000e-02	 5.1482e+00	 3.2916e+00
908	-6.0000e-03	 1.4000e-02	 5.2908e+00	 3.9776e+00
909	-5.0000e-03	 1.4000e-02	 5.3378e+00	 4.5483e+00
910	-4.0000e-03	 1.4000e-02	 5.3306e+00	 5.1294e+00
911	-3.0000e-03	 1.4000e-02	 5.4000e+00	 5.5226e+00
912	-2.0000e-03	 1.4000e-02	 5.4256e+00	 5.8644e+00
913	-1.0000e-03	 1.4000e-02	 5.4361e+00	 6.0778e+00
914	 0.0000e+00	 1.4000e-02	 5.4039e+00	 6.0899e+00
915	 1.0000e-03	 1.4000e-02	 5.4217e+00	 5.9289e+00
916	 2.0000e-03	 1.4000e-02	 5.4309e+00	 5.7333e+00
917	 3.0000e-03	 1.4000e-02	 5.4795e+00	 5.6419e+00
918	 4.0000e-03	 1.4000e-02	 5.5061e+00	 5.6340e+00
919	 5.0000e-03	 1.4000e-02	 5.4746e+00	 5.3615e+00
920	 6.0000e-03	 1.4000e-02	 5.3234e+00	 4.9404e+00
921	 7.0000e-03	 1.4000e-02	 5.2869e+00	 4.0874e+00
922	 8.0000e-03	 1.4000e-02	 5.1258e+00	 3.1897e+00
923	 9.0000e-03	 1.4000e-02	 5.2195e+00	 2.4534e+00
924	 1.0000e-02	 1.4000e-02	 5.1468e+00	 2.0809e+00
925	 1.1000e-02	 1.4000e-02	 4.8868e+00	 1.7269e+00
926	 1.2000e-02	 1.4000e-02	 4.5469e+00	 1.8367e+00
927	 1.3000e-02	 1.4000e-02	 4.2912e+00	 4.5410e+00
928	 1.4000e-02	 1.4000e-02	 4.5361e+00	 4.8845e+00
929	 1.5000e-02	 1.4000e-02	 4.7553e+00	 4.5397e+00
930	-1.5000e-02	 1.5000e-02	 4.2774e+00	 3.7942e+00
931	-1.4000e-02	 1.5000e-02	 4.2850e+00	 3.3593e+00
932	-1.3000e-02	 1.5000e-02	 4.3017e+00	 4.3849e+00
933	-1.2000e-02	 1.5000e-02	 4.3638e+00	 5.5406e+00
934	-1.1000e-02	 1.5000e-02	 4.4427e+00	 6.2369e+00
935	-1.0000e-02	 1.5000e-02	 4.4276e+00	 7.3338e+00
936	-9.0000e-03	 1.5000e-02	 4.5259e+00	 4.0636e+00
937	-8.0000e-03	 1.5000e-02	 4.6738e+00	 1.5103e+00
938	-7.0000e-03	 1.5000e-02	 4.8668e+00	 2.0132e+00
939	-6.0000e-03	 1.5000e-02	 5.1353e+00	 2.4379e+00
940	-5.0000e-03	 1.5000e-02	 5.1038e+00	 3.0437e+00
941	-4.0000e-03	 1.5000e-02	 5.1981e+00	 3.6423e+00
942	-3.0000e-03	 1.5000e-02	 5.1564e+00	 4.1268e+00
943	-2.0000e-03	 1.5000e-02	 5.2885e+00	 4.4427e+00
944	-1.0000e-03	 1.5000e-02	 5.3733e+00	 4.7912e+00
945	 0.0000e+00	 1.5000e-02	 5.3691e+00	 4.6830e+00
946	 1.0000e-03	 1.5000e-02	 5.3950e+00	 4.5335e+00
947	 2.0000e-03	 1.5000e-02	 5.4269e+00	 4.3740e+00
948	 3.0000e-03	 1.5000e-02	 5.4157e+00	 4.3938e+00
949	 4.0000e-03	 1.5000e-02	 5.3217e+00	 4.0907e+00
950	 5.0000e-03	 1.5000e-02	 5.2188e+00	 3.9835e+00
951	 6.0000e-03	 1.5000e-02	 5.0643e+00	 3.2627e+00
952	 7.0000e-03	 1.5000e-02	 5.1511e+00	 2.3337e+00
953	 8.0000e-03	 1.5000e-02	 5.1901e+00	 1.5675e+00
954	 9.0000e-03	 1.5000e-02	 5.1258e+00	 1.0899e+00
955	 1.0000e-02	 1.5000e-02	 4.9986e+00	 8.5319e-01
956	 1.1000e-02	 1.5000e-02	 4.6778e+00	 1.7210e+00
957	 1.2000e-02	 1.5000e-02	 4.2462e+00	 5.7800e+00
958	 1.3000e-02	 1.5000e-02	 4.4819e+00	 5.4792e+00
959	 1.4000e-02	 1.5000e-02	 4.6521e+00	 4.6173e+00
960	 1.5000e-02	 1.5000e-02	 4.7622e+00	 4.3402e+00
