	x (m)	y (m)	Mesure ch1 (V)	Mesure ch2 (V)
0	-1.5000e-02	-1.5000e-02	 4.4697e+00	 6.1823e+00
1	-1.4000e-02	-1.5000e-02	 4.4953e+00	 5.6626e+00
2	-1.3000e-02	-1.5000e-02	 4.5252e+00	 4.1738e+00
3	-1.2000e-02	-1.5000e-02	 4.5259e+00	 3.9562e+00
4	-1.1000e-02	-1.5000e-02	 4.4339e+00	 3.1091e+00
5	-1.0000e-02	-1.5000e-02	 4.4227e+00	 3.1292e+00
6	-9.0000e-03	-1.5000e-02	 4.3362e+00	 4.1005e+00
7	-8.0000e-03	-1.5000e-02	 4.3836e+00	 4.9687e+00
8	-7.0000e-03	-1.5000e-02	 4.4754e+00	 4.4664e+00
9	-6.0000e-03	-1.5000e-02	 4.5157e+00	 4.4151e+00
10	-5.0000e-03	-1.5000e-02	 4.6751e+00	 4.1798e+00
11	-4.0000e-03	-1.5000e-02	 4.8760e+00	 4.3721e+00
12	-3.0000e-03	-1.5000e-02	 5.0186e+00	 4.0223e+00
13	-2.0000e-03	-1.5000e-02	 5.1284e+00	 3.9737e+00
14	-1.0000e-03	-1.5000e-02	 5.2402e+00	 3.9671e+00
15	 0.0000e+00	-1.5000e-02	 5.2603e+00	 3.9815e+00
16	 1.0000e-03	-1.5000e-02	 5.3585e+00	 4.0113e+00
17	 2.0000e-03	-1.5000e-02	 5.3622e+00	 4.0437e+00
18	 3.0000e-03	-1.5000e-02	 5.3025e+00	 4.0828e+00
19	 4.0000e-03	-1.5000e-02	 5.2136e+00	 4.2251e+00
20	 5.0000e-03	-1.5000e-02	 5.0131e+00	 4.1784e+00
21	 6.0000e-03	-1.5000e-02	 4.9052e+00	 4.9184e+00
22	 7.0000e-03	-1.5000e-02	 4.7389e+00	 5.4404e+00
23	 8.0000e-03	-1.5000e-02	 4.7652e+00	 6.0472e+00
24	 9.0000e-03	-1.5000e-02	 4.5870e+00	 6.0613e+00
25	 1.0000e-02	-1.5000e-02	 4.4247e+00	 4.0973e+00
26	 1.1000e-02	-1.5000e-02	 4.7021e+00	 3.1275e+00
27	 1.2000e-02	-1.5000e-02	 4.9158e+00	 3.0286e+00
28	 1.3000e-02	-1.5000e-02	 5.0703e+00	 3.1397e+00
29	 1.4000e-02	-1.5000e-02	 5.0804e+00	 3.4503e+00
30	 1.5000e-02	-1.5000e-02	 5.0798e+00	 3.9194e+00
31	-1.5000e-02	-1.4000e-02	 4.4383e+00	 6.0222e+00
32	-1.4000e-02	-1.4000e-02	 4.4924e+00	 5.0101e+00
33	-1.3000e-02	-1.4000e-02	 4.5982e+00	 4.4470e+00
34	-1.2000e-02	-1.4000e-02	 4.7225e+00	 4.2672e+00
35	-1.1000e-02	-1.4000e-02	 4.5962e+00	 3.7409e+00
36	-1.0000e-02	-1.4000e-02	 4.6580e+00	 3.7952e+00
37	-9.0000e-03	-1.4000e-02	 4.5923e+00	 4.1217e+00
38	-8.0000e-03	-1.4000e-02	 4.3479e+00	 4.5275e+00
39	-7.0000e-03	-1.4000e-02	 4.5588e+00	 3.8425e+00
40	-6.0000e-03	-1.4000e-02	 4.7928e+00	 3.8517e+00
41	-5.0000e-03	-1.4000e-02	 4.9647e+00	 3.9753e+00
42	-4.0000e-03	-1.4000e-02	 5.1311e+00	 3.9349e+00
43	-3.0000e-03	-1.4000e-02	 5.3710e+00	 3.8149e+00
44	-2.0000e-03	-1.4000e-02	 5.4253e+00	 3.6926e+00
45	-1.0000e-03	-1.4000e-02	 5.4654e+00	 3.5933e+00
46	 0.0000e+00	-1.4000e-02	 5.4253e+00	 3.7110e+00
47	 1.0000e-03	-1.4000e-02	 5.4963e+00	 3.8619e+00
48	 2.0000e-03	-1.4000e-02	 5.5071e+00	 3.8586e+00
49	 3.0000e-03	-1.4000e-02	 5.5176e+00	 3.8974e+00
50	 4.0000e-03	-1.4000e-02	 5.5160e+00	 3.9940e+00
51	 5.0000e-03	-1.4000e-02	 5.4654e+00	 4.1952e+00
52	 6.0000e-03	-1.4000e-02	 5.4611e+00	 4.7149e+00
53	 7.0000e-03	-1.4000e-02	 5.2527e+00	 5.3740e+00
54	 8.0000e-03	-1.4000e-02	 4.9595e+00	 5.8516e+00
55	 9.0000e-03	-1.4000e-02	 4.7626e+00	 6.2270e+00
56	 1.0000e-02	-1.4000e-02	 4.5167e+00	 4.8809e+00
57	 1.1000e-02	-1.4000e-02	 4.8326e+00	 3.5164e+00
58	 1.2000e-02	-1.4000e-02	 4.6840e+00	 3.2889e+00
59	 1.3000e-02	-1.4000e-02	 4.9937e+00	 3.1141e+00
60	 1.4000e-02	-1.4000e-02	 5.0334e+00	 3.7025e+00
61	 1.5000e-02	-1.4000e-02	 4.9575e+00	 4.3730e+00
62	-1.5000e-02	-1.3000e-02	 4.4680e+00	 6.4065e+00
63	-1.4000e-02	-1.3000e-02	 4.6127e+00	 5.0318e+00
64	-1.3000e-02	-1.3000e-02	 4.6465e+00	 4.6589e+00
65	-1.2000e-02	-1.3000e-02	 4.6972e+00	 4.8763e+00
66	-1.1000e-02	-1.3000e-02	 4.8234e+00	 4.3566e+00
67	-1.0000e-02	-1.3000e-02	 4.6692e+00	 4.3813e+00
68	-9.0000e-03	-1.3000e-02	 4.5016e+00	 4.2080e+00
69	-8.0000e-03	-1.3000e-02	 4.6528e+00	 4.2718e+00
70	-7.0000e-03	-1.3000e-02	 4.7626e+00	 4.1673e+00
71	-6.0000e-03	-1.3000e-02	 4.9348e+00	 4.3356e+00
72	-5.0000e-03	-1.3000e-02	 5.1577e+00	 3.9237e+00
73	-4.0000e-03	-1.3000e-02	 5.2754e+00	 3.9730e+00
74	-3.0000e-03	-1.3000e-02	 5.3092e+00	 3.8037e+00
75	-2.0000e-03	-1.3000e-02	 5.2547e+00	 3.6844e+00
76	-1.0000e-03	-1.3000e-02	 5.3585e+00	 3.8958e+00
77	 0.0000e+00	-1.3000e-02	 5.4256e+00	 4.0318e+00
78	 1.0000e-03	-1.3000e-02	 5.4473e+00	 3.9336e+00
79	 2.0000e-03	-1.3000e-02	 5.4802e+00	 3.8754e+00
80	 3.0000e-03	-1.3000e-02	 5.5679e+00	 3.9891e+00
81	 4.0000e-03	-1.3000e-02	 5.5686e+00	 3.9723e+00
82	 5.0000e-03	-1.3000e-02	 5.6100e+00	 4.0220e+00
83	 6.0000e-03	-1.3000e-02	 5.6176e+00	 4.3622e+00
84	 7.0000e-03	-1.3000e-02	 5.4969e+00	 4.8155e+00
85	 8.0000e-03	-1.3000e-02	 5.3411e+00	 5.2560e+00
86	 9.0000e-03	-1.3000e-02	 5.1902e+00	 5.7563e+00
87	 1.0000e-02	-1.3000e-02	 4.7830e+00	 5.2869e+00
88	 1.1000e-02	-1.3000e-02	 4.7353e+00	 3.8777e+00
89	 1.2000e-02	-1.3000e-02	 5.1449e+00	 3.4770e+00
90	 1.3000e-02	-1.3000e-02	 5.2510e+00	 3.3675e+00
91	 1.4000e-02	-1.3000e-02	 5.2086e+00	 3.6574e+00
92	 1.5000e-02	-1.3000e-02	 5.1090e+00	 4.0986e+00
93	-1.5000e-02	-1.2000e-02	 4.3852e+00	 5.8723e+00
94	-1.4000e-02	-1.2000e-02	 4.5749e+00	 5.3904e+00
95	-1.3000e-02	-1.2000e-02	 4.7248e+00	 4.7836e+00
96	-1.2000e-02	-1.2000e-02	 4.9973e+00	 4.5736e+00
97	-1.1000e-02	-1.2000e-02	 5.0065e+00	 4.5696e+00
98	-1.0000e-02	-1.2000e-02	 4.7718e+00	 4.1170e+00
99	-9.0000e-03	-1.2000e-02	 4.7461e+00	 4.0460e+00
100	-8.0000e-03	-1.2000e-02	 4.7254e+00	 4.2886e+00
101	-7.0000e-03	-1.2000e-02	 4.8471e+00	 4.0545e+00
102	-6.0000e-03	-1.2000e-02	 5.0923e+00	 4.0174e+00
103	-5.0000e-03	-1.2000e-02	 5.1610e+00	 4.0752e+00
104	-4.0000e-03	-1.2000e-02	 5.1140e+00	 3.9454e+00
105	-3.0000e-03	-1.2000e-02	 5.0423e+00	 3.8599e+00
106	-2.0000e-03	-1.2000e-02	 4.9062e+00	 4.0184e+00
107	-1.0000e-03	-1.2000e-02	 4.9000e+00	 4.3283e+00
108	 0.0000e+00	-1.2000e-02	 5.0310e+00	 4.4950e+00
109	 1.0000e-03	-1.2000e-02	 5.0236e+00	 4.4202e+00
110	 2.0000e-03	-1.2000e-02	 5.1554e+00	 4.4759e+00
111	 3.0000e-03	-1.2000e-02	 5.2780e+00	 4.4943e+00
112	 4.0000e-03	-1.2000e-02	 5.3359e+00	 4.4715e+00
113	 5.0000e-03	-1.2000e-02	 5.4729e+00	 4.1722e+00
114	 6.0000e-03	-1.2000e-02	 5.5232e+00	 4.2057e+00
115	 7.0000e-03	-1.2000e-02	 5.5663e+00	 4.6403e+00
116	 8.0000e-03	-1.2000e-02	 5.5370e+00	 5.0482e+00
117	 9.0000e-03	-1.2000e-02	 5.3789e+00	 5.4522e+00
118	 1.0000e-02	-1.2000e-02	 5.1399e+00	 5.2704e+00
119	 1.1000e-02	-1.2000e-02	 4.8398e+00	 4.5552e+00
120	 1.2000e-02	-1.2000e-02	 5.1067e+00	 3.5052e+00
121	 1.3000e-02	-1.2000e-02	 5.3806e+00	 3.5840e+00
122	 1.4000e-02	-1.2000e-02	 5.3506e+00	 3.8175e+00
123	 1.5000e-02	-1.2000e-02	 5.1524e+00	 4.1390e+00
124	-1.5000e-02	-1.1000e-02	 4.4851e+00	 5.7826e+00
125	-1.4000e-02	-1.1000e-02	 4.5578e+00	 5.2583e+00
126	-1.3000e-02	-1.1000e-02	 4.9158e+00	 4.9999e+00
127	-1.2000e-02	-1.1000e-02	 5.0482e+00	 5.0885e+00
128	-1.1000e-02	-1.1000e-02	 4.9240e+00	 4.4904e+00
129	-1.0000e-02	-1.1000e-02	 5.0203e+00	 4.0917e+00
130	-9.0000e-03	-1.1000e-02	 4.8093e+00	 4.1786e+00
131	-8.0000e-03	-1.1000e-02	 4.9319e+00	 4.2892e+00
132	-7.0000e-03	-1.1000e-02	 5.1182e+00	 4.1374e+00
133	-6.0000e-03	-1.1000e-02	 5.0778e+00	 4.7202e+00
134	-5.0000e-03	-1.1000e-02	 5.0518e+00	 4.9072e+00
135	-4.0000e-03	-1.1000e-02	 5.0009e+00	 5.1570e+00
136	-3.0000e-03	-1.1000e-02	 4.9897e+00	 5.3848e+00
137	-2.0000e-03	-1.1000e-02	 4.8914e+00	 5.9226e+00
138	-1.0000e-03	-1.1000e-02	 5.1212e+00	 6.7766e+00
139	 0.0000e+00	-1.1000e-02	 5.3299e+00	 6.7733e+00
140	 1.0000e-03	-1.1000e-02	 5.4082e+00	 6.4844e+00
141	 2.0000e-03	-1.1000e-02	 5.4108e+00	 6.4433e+00
142	 3.0000e-03	-1.1000e-02	 5.2971e+00	 6.4916e+00
143	 4.0000e-03	-1.1000e-02	 5.1255e+00	 5.9151e+00
144	 5.0000e-03	-1.1000e-02	 5.2484e+00	 5.1041e+00
145	 6.0000e-03	-1.1000e-02	 5.4719e+00	 5.0371e+00
146	 7.0000e-03	-1.1000e-02	 5.5127e+00	 5.0956e+00
147	 8.0000e-03	-1.1000e-02	 5.5614e+00	 5.2024e+00
148	 9.0000e-03	-1.1000e-02	 5.4762e+00	 5.3934e+00
149	 1.0000e-02	-1.1000e-02	 5.3756e+00	 5.2721e+00
150	 1.1000e-02	-1.1000e-02	 5.1445e+00	 4.8503e+00
151	 1.2000e-02	-1.1000e-02	 5.0292e+00	 4.1770e+00
152	 1.3000e-02	-1.1000e-02	 5.2211e+00	 3.8147e+00
153	 1.4000e-02	-1.1000e-02	 5.4535e+00	 4.0687e+00
154	 1.5000e-02	-1.1000e-02	 5.2593e+00	 4.3760e+00
155	-1.5000e-02	-1.0000e-02	 4.3658e+00	 6.1922e+00
156	-1.4000e-02	-1.0000e-02	 4.6952e+00	 5.3174e+00
157	-1.3000e-02	-1.0000e-02	 5.0446e+00	 5.1353e+00
158	-1.2000e-02	-1.0000e-02	 4.9085e+00	 4.7281e+00
159	-1.1000e-02	-1.0000e-02	 5.0561e+00	 4.3770e+00
160	-1.0000e-02	-1.0000e-02	 4.9877e+00	 4.3354e+00
161	-9.0000e-03	-1.0000e-02	 4.8454e+00	 4.0121e+00
162	-8.0000e-03	-1.0000e-02	 5.1587e+00	 3.9973e+00
163	-7.0000e-03	-1.0000e-02	 4.9125e+00	 4.5055e+00
164	-6.0000e-03	-1.0000e-02	 4.9539e+00	 4.9470e+00
165	-5.0000e-03	-1.0000e-02	 4.8895e+00	 5.5397e+00
166	-4.0000e-03	-1.0000e-02	 5.1409e+00	 6.3641e+00
167	-3.0000e-03	-1.0000e-02	 5.3898e+00	 7.1076e+00
168	-2.0000e-03	-1.0000e-02	 5.5492e+00	 7.4186e+00
169	-1.0000e-03	-1.0000e-02	 5.5791e+00	 7.7727e+00
170	 0.0000e+00	-1.0000e-02	 5.6347e+00	 7.8910e+00
171	 1.0000e-03	-1.0000e-02	 5.7438e+00	 7.8073e+00
172	 2.0000e-03	-1.0000e-02	 5.7928e+00	 7.7759e+00
173	 3.0000e-03	-1.0000e-02	 5.6905e+00	 7.6905e+00
174	 4.0000e-03	-1.0000e-02	 5.5255e+00	 7.3092e+00
175	 5.0000e-03	-1.0000e-02	 5.3697e+00	 6.7464e+00
176	 6.0000e-03	-1.0000e-02	 5.3319e+00	 6.1992e+00
177	 7.0000e-03	-1.0000e-02	 5.3023e+00	 5.8132e+00
178	 8.0000e-03	-1.0000e-02	 5.4026e+00	 5.6245e+00
179	 9.0000e-03	-1.0000e-02	 5.3140e+00	 5.4440e+00
180	 1.0000e-02	-1.0000e-02	 5.3073e+00	 5.2757e+00
181	 1.1000e-02	-1.0000e-02	 5.2967e+00	 4.8960e+00
182	 1.2000e-02	-1.0000e-02	 5.2409e+00	 4.5874e+00
183	 1.3000e-02	-1.0000e-02	 5.2609e+00	 3.9779e+00
184	 1.4000e-02	-1.0000e-02	 5.3566e+00	 4.3047e+00
185	 1.5000e-02	-1.0000e-02	 5.3912e+00	 4.4865e+00
186	-1.5000e-02	-9.0000e-03	 4.3716e+00	 6.4680e+00
187	-1.4000e-02	-9.0000e-03	 4.6702e+00	 5.7300e+00
188	-1.3000e-02	-9.0000e-03	 4.8510e+00	 5.2874e+00
189	-1.2000e-02	-9.0000e-03	 5.0246e+00	 4.3402e+00
190	-1.1000e-02	-9.0000e-03	 4.9992e+00	 4.3678e+00
191	-1.0000e-02	-9.0000e-03	 4.8336e+00	 3.7662e+00
192	-9.0000e-03	-9.0000e-03	 4.9897e+00	 3.9097e+00
193	-8.0000e-03	-9.0000e-03	 4.6850e+00	 3.9059e+00
194	-7.0000e-03	-9.0000e-03	 4.7866e+00	 4.5226e+00
195	-6.0000e-03	-9.0000e-03	 4.6863e+00	 5.3202e+00
196	-5.0000e-03	-9.0000e-03	 5.0584e+00	 7.1007e+00
197	-4.0000e-03	-9.0000e-03	 5.4647e+00	 7.8877e+00
198	-3.0000e-03	-9.0000e-03	 5.6011e+00	 8.2647e+00
199	-2.0000e-03	-9.0000e-03	 5.6307e+00	 8.7345e+00
200	-1.0000e-03	-9.0000e-03	 5.4680e+00	 9.2779e+00
201	 0.0000e+00	-9.0000e-03	 5.4683e+00	 9.5704e+00
202	 1.0000e-03	-9.0000e-03	 5.6238e+00	 9.6040e+00
203	 2.0000e-03	-9.0000e-03	 5.6652e+00	 9.4051e+00
204	 3.0000e-03	-9.0000e-03	 5.5640e+00	 8.9018e+00
205	 4.0000e-03	-9.0000e-03	 5.6370e+00	 8.1967e+00
206	 5.0000e-03	-9.0000e-03	 5.6873e+00	 7.8423e+00
207	 6.0000e-03	-9.0000e-03	 5.5755e+00	 7.7039e+00
208	 7.0000e-03	-9.0000e-03	 5.2662e+00	 7.1445e+00
209	 8.0000e-03	-9.0000e-03	 5.1797e+00	 6.2063e+00
210	 9.0000e-03	-9.0000e-03	 5.1531e+00	 5.4713e+00
211	 1.0000e-02	-9.0000e-03	 5.2803e+00	 4.9460e+00
212	 1.1000e-02	-9.0000e-03	 5.2888e+00	 4.7714e+00
213	 1.2000e-02	-9.0000e-03	 5.3342e+00	 4.8438e+00
214	 1.3000e-02	-9.0000e-03	 5.2481e+00	 4.2209e+00
215	 1.4000e-02	-9.0000e-03	 5.3645e+00	 4.2501e+00
216	 1.5000e-02	-9.0000e-03	 5.4131e+00	 4.7616e+00
217	-1.5000e-02	-8.0000e-03	 4.5578e+00	 6.8368e+00
218	-1.4000e-02	-8.0000e-03	 4.6715e+00	 6.1974e+00
219	-1.3000e-02	-8.0000e-03	 4.9532e+00	 4.9003e+00
220	-1.2000e-02	-8.0000e-03	 5.0331e+00	 4.5716e+00
221	-1.1000e-02	-8.0000e-03	 4.9338e+00	 4.7254e+00
222	-1.0000e-02	-8.0000e-03	 4.9582e+00	 3.8435e+00
223	-9.0000e-03	-8.0000e-03	 4.8109e+00	 3.4540e+00
224	-8.0000e-03	-8.0000e-03	 4.5058e+00	 3.5782e+00
225	-7.0000e-03	-8.0000e-03	 4.5571e+00	 5.3089e+00
226	-6.0000e-03	-8.0000e-03	 5.0354e+00	 7.2727e+00
227	-5.0000e-03	-8.0000e-03	 5.3280e+00	 8.0080e+00
228	-4.0000e-03	-8.0000e-03	 5.5748e+00	 9.0044e+00
229	-3.0000e-03	-8.0000e-03	 5.6524e+00	 9.5961e+00
230	-2.0000e-03	-8.0000e-03	 5.7366e+00	 7.3288e-01
231	-1.0000e-03	-8.0000e-03	 5.9686e+00	 1.4819e+00
232	 0.0000e+00	-8.0000e-03	 6.1514e+00	 1.7101e+00
233	 1.0000e-03	-8.0000e-03	 6.2546e+00	 1.7785e+00
234	 2.0000e-03	-8.0000e-03	 6.1669e+00	 1.6710e+00
235	 3.0000e-03	-8.0000e-03	 5.8917e+00	 1.3019e+00
236	 4.0000e-03	-8.0000e-03	 5.5186e+00	 4.2061e-01
237	 5.0000e-03	-8.0000e-03	 5.6136e+00	 9.0517e+00
238	 6.0000e-03	-8.0000e-03	 5.6416e+00	 8.5977e+00
239	 7.0000e-03	-8.0000e-03	 5.3664e+00	 7.8936e+00
240	 8.0000e-03	-8.0000e-03	 5.2704e+00	 7.1050e+00
241	 9.0000e-03	-8.0000e-03	 5.0719e+00	 5.6958e+00
242	 1.0000e-02	-8.0000e-03	 5.2872e+00	 5.1205e+00
243	 1.1000e-02	-8.0000e-03	 5.3393e+00	 4.7560e+00
244	 1.2000e-02	-8.0000e-03	 5.4499e+00	 4.9207e+00
245	 1.3000e-02	-8.0000e-03	 5.2563e+00	 4.6216e+00
246	 1.4000e-02	-8.0000e-03	 5.4516e+00	 4.3352e+00
247	 1.5000e-02	-8.0000e-03	 5.3635e+00	 4.7129e+00
248	-1.5000e-02	-7.0000e-03	 4.5413e+00	 7.2063e+00
249	-1.4000e-02	-7.0000e-03	 4.6429e+00	 6.1330e+00
250	-1.3000e-02	-7.0000e-03	 4.8285e+00	 5.1113e+00
251	-1.2000e-02	-7.0000e-03	 5.0134e+00	 5.4762e+00
252	-1.1000e-02	-7.0000e-03	 4.9598e+00	 4.7149e+00
253	-1.0000e-02	-7.0000e-03	 5.0532e+00	 4.1955e+00
254	-9.0000e-03	-7.0000e-03	 4.7938e+00	 2.8861e+00
255	-8.0000e-03	-7.0000e-03	 4.2698e+00	 3.4668e+00
256	-7.0000e-03	-7.0000e-03	 4.5118e+00	 7.7220e+00
257	-6.0000e-03	-7.0000e-03	 5.2251e+00	 8.1099e+00
258	-5.0000e-03	-7.0000e-03	 5.5206e+00	 8.9505e+00
259	-4.0000e-03	-7.0000e-03	 5.4453e+00	 9.4284e+00
260	-3.0000e-03	-7.0000e-03	 5.8164e+00	 1.5681e+00
261	-2.0000e-03	-7.0000e-03	 6.2704e+00	 2.3337e+00
262	-1.0000e-03	-7.0000e-03	 6.5748e+00	 2.7022e+00
263	 0.0000e+00	-7.0000e-03	 6.7194e+00	 2.8011e+00
264	 1.0000e-03	-7.0000e-03	 6.7326e+00	 2.8721e+00
265	 2.0000e-03	-7.0000e-03	 6.6668e+00	 2.8199e+00
266	 3.0000e-03	-7.0000e-03	 6.4824e+00	 2.7029e+00
267	 4.0000e-03	-7.0000e-03	 6.0794e+00	 2.3350e+00
268	 5.0000e-03	-7.0000e-03	 5.5909e+00	 1.0530e+00
269	 6.0000e-03	-7.0000e-03	 5.4756e+00	 9.5155e+00
270	 7.0000e-03	-7.0000e-03	 5.4739e+00	 8.6747e+00
271	 8.0000e-03	-7.0000e-03	 5.2008e+00	 8.0090e+00
272	 9.0000e-03	-7.0000e-03	 4.9230e+00	 6.0837e+00
273	 1.0000e-02	-7.0000e-03	 5.3148e+00	 5.0295e+00
274	 1.1000e-02	-7.0000e-03	 5.2576e+00	 5.0387e+00
275	 1.2000e-02	-7.0000e-03	 5.2921e+00	 5.1965e+00
276	 1.3000e-02	-7.0000e-03	 5.3322e+00	 5.0219e+00
277	 1.4000e-02	-7.0000e-03	 5.5038e+00	 4.5545e+00
278	 1.5000e-02	-7.0000e-03	 5.4276e+00	 4.3658e+00
279	-1.5000e-02	-6.0000e-03	 4.7060e+00	 7.6514e+00
280	-1.4000e-02	-6.0000e-03	 4.5801e+00	 6.1639e+00
281	-1.3000e-02	-6.0000e-03	 4.6179e+00	 5.2902e+00
282	-1.2000e-02	-6.0000e-03	 4.9601e+00	 5.6084e+00
283	-1.1000e-02	-6.0000e-03	 5.1820e+00	 4.8319e+00
284	-1.0000e-02	-6.0000e-03	 4.5446e+00	 4.1035e+00
285	-9.0000e-03	-6.0000e-03	 4.4362e+00	 2.1230e+00
286	-8.0000e-03	-6.0000e-03	 4.4500e+00	 2.0740e+00
287	-7.0000e-03	-6.0000e-03	 4.9726e+00	 8.8781e+00
288	-6.0000e-03	-6.0000e-03	 5.4424e+00	 9.0083e+00
289	-5.0000e-03	-6.0000e-03	 5.5742e+00	 9.4939e+00
290	-4.0000e-03	-6.0000e-03	 5.6363e+00	 1.6950e+00
291	-3.0000e-03	-6.0000e-03	 6.3112e+00	 2.6700e+00
292	-2.0000e-03	-6.0000e-03	 6.6882e+00	 3.1410e+00
293	-1.0000e-03	-6.0000e-03	 6.8677e+00	 3.4816e+00
294	 0.0000e+00	-6.0000e-03	 6.9883e+00	 3.6985e+00
295	 1.0000e-03	-6.0000e-03	 6.9883e+00	 3.8100e+00
296	 2.0000e-03	-6.0000e-03	 6.9282e+00	 3.7442e+00
297	 3.0000e-03	-6.0000e-03	 6.7503e+00	 3.5687e+00
298	 4.0000e-03	-6.0000e-03	 6.4264e+00	 3.1910e+00
299	 5.0000e-03	-6.0000e-03	 6.0663e+00	 2.4205e+00
300	 6.0000e-03	-6.0000e-03	 5.4644e+00	 1.1116e+00
301	 7.0000e-03	-6.0000e-03	 5.6882e+00	 9.3515e+00
302	 8.0000e-03	-6.0000e-03	 5.3848e+00	 9.1955e+00
303	 9.0000e-03	-6.0000e-03	 4.6472e+00	 7.8893e+00
304	 1.0000e-02	-6.0000e-03	 5.1390e+00	 5.0357e+00
305	 1.1000e-02	-6.0000e-03	 5.1741e+00	 5.2808e+00
306	 1.2000e-02	-6.0000e-03	 5.1991e+00	 4.9371e+00
307	 1.3000e-02	-6.0000e-03	 5.3171e+00	 5.1823e+00
308	 1.4000e-02	-6.0000e-03	 5.4867e+00	 4.7882e+00
309	 1.5000e-02	-6.0000e-03	 5.4555e+00	 4.5519e+00
310	-1.5000e-02	-5.0000e-03	 4.8116e+00	 8.1257e+00
311	-1.4000e-02	-5.0000e-03	 4.6278e+00	 6.7539e+00
312	-1.3000e-02	-5.0000e-03	 4.8395e+00	 5.9948e+00
313	-1.2000e-02	-5.0000e-03	 4.9056e+00	 5.1994e+00
314	-1.1000e-02	-5.0000e-03	 5.1373e+00	 5.1994e+00
315	-1.0000e-02	-5.0000e-03	 4.3658e+00	 4.2981e+00
316	-9.0000e-03	-5.0000e-03	 4.6748e+00	 8.0840e+00
317	-8.0000e-03	-5.0000e-03	 5.1127e+00	 9.1651e+00
318	-7.0000e-03	-5.0000e-03	 5.3345e+00	 9.3186e+00
319	-6.0000e-03	-5.0000e-03	 5.6672e+00	 9.6010e+00
320	-5.0000e-03	-5.0000e-03	 5.5045e+00	 9.4786e-01
321	-4.0000e-03	-5.0000e-03	 6.0719e+00	 2.6460e+00
322	-3.0000e-03	-5.0000e-03	 6.6583e+00	 3.3488e+00
323	-2.0000e-03	-5.0000e-03	 6.9075e+00	 3.7802e+00
324	-1.0000e-03	-5.0000e-03	 7.0363e+00	 4.2195e+00
325	 0.0000e+00	-5.0000e-03	 7.1343e+00	 4.5104e+00
326	 1.0000e-03	-5.0000e-03	 7.1622e+00	 4.6035e+00
327	 2.0000e-03	-5.0000e-03	 7.1336e+00	 4.5594e+00
328	 3.0000e-03	-5.0000e-03	 6.9476e+00	 4.2935e+00
329	 4.0000e-03	-5.0000e-03	 6.7076e+00	 3.7807e+00
330	 5.0000e-03	-5.0000e-03	 6.4805e+00	 3.3251e+00
331	 6.0000e-03	-5.0000e-03	 5.6711e+00	 2.8393e+00
332	 7.0000e-03	-5.0000e-03	 5.7612e+00	 6.7109e-01
333	 8.0000e-03	-5.0000e-03	 5.6869e+00	 9.6198e+00
334	 9.0000e-03	-5.0000e-03	 4.5732e+00	 8.6457e+00
335	 1.0000e-02	-5.0000e-03	 4.5782e+00	 6.3519e+00
336	 1.1000e-02	-5.0000e-03	 4.9342e+00	 5.2455e+00
337	 1.2000e-02	-5.0000e-03	 5.1965e+00	 4.7787e+00
338	 1.3000e-02	-5.0000e-03	 5.2376e+00	 4.9578e+00
339	 1.4000e-02	-5.0000e-03	 5.4660e+00	 4.6245e+00
340	 1.5000e-02	-5.0000e-03	 5.5561e+00	 4.6633e+00
341	-1.5000e-02	-4.0000e-03	 4.6137e+00	 8.4288e+00
342	-1.4000e-02	-4.0000e-03	 4.5637e+00	 6.6895e+00
343	-1.3000e-02	-4.0000e-03	 4.9289e+00	 6.5896e+00
344	-1.2000e-02	-4.0000e-03	 4.9624e+00	 5.3322e+00
345	-1.1000e-02	-4.0000e-03	 4.9667e+00	 5.1738e+00
346	-1.0000e-02	-4.0000e-03	 4.4201e+00	 6.1839e+00
347	-9.0000e-03	-4.0000e-03	 5.0877e+00	 8.4935e+00
348	-8.0000e-03	-4.0000e-03	 5.3921e+00	 8.8929e+00
349	-7.0000e-03	-4.0000e-03	 5.6679e+00	 9.2923e+00
350	-6.0000e-03	-4.0000e-03	 5.7661e+00	 9.7253e+00
351	-5.0000e-03	-4.0000e-03	 5.6731e+00	 1.5941e+00
352	-4.0000e-03	-4.0000e-03	 6.3098e+00	 3.1509e+00
353	-3.0000e-03	-4.0000e-03	 6.7710e+00	 3.9776e+00
354	-2.0000e-03	-4.0000e-03	 7.0541e+00	 4.4611e+00
355	-1.0000e-03	-4.0000e-03	 7.2214e+00	 4.8638e+00
356	 0.0000e+00	-4.0000e-03	 7.2865e+00	 5.1317e+00
357	 1.0000e-03	-4.0000e-03	 7.3049e+00	 5.1929e+00
358	 2.0000e-03	-4.0000e-03	 7.2934e+00	 5.1432e+00
359	 3.0000e-03	-4.0000e-03	 7.1787e+00	 4.9095e+00
360	 4.0000e-03	-4.0000e-03	 6.9275e+00	 4.4506e+00
361	 5.0000e-03	-4.0000e-03	 6.6113e+00	 3.9612e+00
362	 6.0000e-03	-4.0000e-03	 5.8335e+00	 3.5391e+00
363	 7.0000e-03	-4.0000e-03	 5.8963e+00	 5.0706e-01
364	 8.0000e-03	-4.0000e-03	 5.9529e+00	 9.7200e+00
365	 9.0000e-03	-4.0000e-03	 5.4134e+00	 9.5070e+00
366	 1.0000e-02	-4.0000e-03	 4.9519e+00	 8.4061e+00
367	 1.1000e-02	-4.0000e-03	 4.5407e+00	 5.6393e+00
368	 1.2000e-02	-4.0000e-03	 5.0673e+00	 4.7841e+00
369	 1.3000e-02	-4.0000e-03	 5.3326e+00	 4.6051e+00
370	 1.4000e-02	-4.0000e-03	 5.5009e+00	 4.4460e+00
371	 1.5000e-02	-4.0000e-03	 5.5870e+00	 4.9043e+00
372	-1.5000e-02	-3.0000e-03	 4.6492e+00	 8.2845e+00
373	-1.4000e-02	-3.0000e-03	 4.5838e+00	 6.7401e+00
374	-1.3000e-02	-3.0000e-03	 4.9000e+00	 6.7063e+00
375	-1.2000e-02	-3.0000e-03	 5.1238e+00	 5.7231e+00
376	-1.1000e-02	-3.0000e-03	 4.8809e+00	 5.2563e+00
377	-1.0000e-02	-3.0000e-03	 4.7156e+00	 6.7589e+00
378	-9.0000e-03	-3.0000e-03	 5.2583e+00	 8.6727e+00
379	-8.0000e-03	-3.0000e-03	 5.6228e+00	 8.7013e+00
380	-7.0000e-03	-3.0000e-03	 5.9571e+00	 9.1447e+00
381	-6.0000e-03	-3.0000e-03	 5.8240e+00	 9.3624e+00
382	-5.0000e-03	-3.0000e-03	 5.7428e+00	 2.1766e+00
383	-4.0000e-03	-3.0000e-03	 6.5067e+00	 3.5900e+00
384	-3.0000e-03	-3.0000e-03	 6.8621e+00	 4.4490e+00
385	-2.0000e-03	-3.0000e-03	 7.2122e+00	 4.9322e+00
386	-1.0000e-03	-3.0000e-03	 7.4143e+00	 5.3178e+00
387	 0.0000e+00	-3.0000e-03	 7.4794e+00	 5.5472e+00
388	 1.0000e-03	-3.0000e-03	 7.4781e+00	 5.5811e+00
389	 2.0000e-03	-3.0000e-03	 7.4577e+00	 5.5771e+00
390	 3.0000e-03	-3.0000e-03	 7.3575e+00	 5.4072e+00
391	 4.0000e-03	-3.0000e-03	 7.1261e+00	 4.9973e+00
392	 5.0000e-03	-3.0000e-03	 6.6961e+00	 4.5703e+00
393	 6.0000e-03	-3.0000e-03	 6.0387e+00	 3.9063e+00
394	 7.0000e-03	-3.0000e-03	 5.7650e+00	 9.7449e-01
395	 8.0000e-03	-3.0000e-03	 6.0515e+00	 9.6464e+00
396	 9.0000e-03	-3.0000e-03	 5.8385e+00	 9.4712e+00
397	 1.0000e-02	-3.0000e-03	 5.3865e+00	 8.8525e+00
398	 1.1000e-02	-3.0000e-03	 4.4178e+00	 7.3588e+00
399	 1.2000e-02	-3.0000e-03	 5.0896e+00	 5.2167e+00
400	 1.3000e-02	-3.0000e-03	 5.4013e+00	 4.4375e+00
401	 1.4000e-02	-3.0000e-03	 5.4292e+00	 4.6534e+00
402	 1.5000e-02	-3.0000e-03	 5.5729e+00	 5.0101e+00
403	-1.5000e-02	-2.0000e-03	 4.7024e+00	 8.0087e+00
404	-1.4000e-02	-2.0000e-03	 4.6577e+00	 6.6856e+00
405	-1.3000e-02	-2.0000e-03	 4.9473e+00	 6.4029e+00
406	-1.2000e-02	-2.0000e-03	 5.0637e+00	 5.6389e+00
407	-1.1000e-02	-2.0000e-03	 4.8323e+00	 5.6731e+00
408	-1.0000e-02	-2.0000e-03	 4.7764e+00	 7.1865e+00
409	-9.0000e-03	-2.0000e-03	 5.3010e+00	 8.5935e+00
410	-8.0000e-03	-2.0000e-03	 5.7658e+00	 8.6576e+00
411	-7.0000e-03	-2.0000e-03	 6.0702e+00	 9.2263e+00
412	-6.0000e-03	-2.0000e-03	 5.8648e+00	 3.9300e-01
413	-5.0000e-03	-2.0000e-03	 5.9805e+00	 2.5931e+00
414	-4.0000e-03	-2.0000e-03	 6.5886e+00	 3.7804e+00
415	-3.0000e-03	-2.0000e-03	 6.9075e+00	 4.5870e+00
416	-2.0000e-03	-2.0000e-03	 7.2671e+00	 5.1537e+00
417	-1.0000e-03	-2.0000e-03	 7.4748e+00	 5.5686e+00
418	 0.0000e+00	-2.0000e-03	 7.5567e+00	 5.7806e+00
419	 1.0000e-03	-2.0000e-03	 7.5514e+00	 5.7990e+00
420	 2.0000e-03	-2.0000e-03	 7.5475e+00	 5.8214e+00
421	 3.0000e-03	-2.0000e-03	 7.4413e+00	 5.7050e+00
422	 4.0000e-03	-2.0000e-03	 7.1770e+00	 5.2941e+00
423	 5.0000e-03	-2.0000e-03	 6.7421e+00	 4.7787e+00
424	 6.0000e-03	-2.0000e-03	 6.2632e+00	 3.9562e+00
425	 7.0000e-03	-2.0000e-03	 5.4476e+00	 1.9406e+00
426	 8.0000e-03	-2.0000e-03	 6.0978e+00	 9.7174e+00
427	 9.0000e-03	-2.0000e-03	 6.0794e+00	 9.3620e+00
428	 1.0000e-02	-2.0000e-03	 5.5423e+00	 8.9036e+00
429	 1.1000e-02	-2.0000e-03	 4.6311e+00	 7.9820e+00
430	 1.2000e-02	-2.0000e-03	 5.0295e+00	 5.0515e+00
431	 1.3000e-02	-2.0000e-03	 5.5009e+00	 4.3116e+00
432	 1.4000e-02	-2.0000e-03	 5.4151e+00	 4.6216e+00
433	 1.5000e-02	-2.0000e-03	 5.4966e+00	 5.0597e+00
434	-1.5000e-02	-1.0000e-03	 4.6515e+00	 7.4222e+00
435	-1.4000e-02	-1.0000e-03	 4.6880e+00	 6.0765e+00
436	-1.3000e-02	-1.0000e-03	 4.9950e+00	 5.8907e+00
437	-1.2000e-02	-1.0000e-03	 5.0173e+00	 5.6784e+00
438	-1.1000e-02	-1.0000e-03	 4.7728e+00	 5.3751e+00
439	-1.0000e-02	-1.0000e-03	 4.6607e+00	 7.3003e+00
440	-9.0000e-03	-1.0000e-03	 5.2994e+00	 8.8887e+00
441	-8.0000e-03	-1.0000e-03	 5.8158e+00	 8.7526e+00
442	-7.0000e-03	-1.0000e-03	 6.0784e+00	 9.2670e+00
443	-6.0000e-03	-1.0000e-03	 5.8411e+00	 4.3441e-01
444	-5.0000e-03	-1.0000e-03	 6.0268e+00	 2.8163e+00
445	-4.0000e-03	-1.0000e-03	 6.6096e+00	 3.9053e+00
446	-3.0000e-03	-1.0000e-03	 6.9531e+00	 4.6531e+00
447	-2.0000e-03	-1.0000e-03	 7.2677e+00	 5.3326e+00
448	-1.0000e-03	-1.0000e-03	 7.4683e+00	 5.7326e+00
449	 0.0000e+00	-1.0000e-03	 7.5498e+00	 5.8832e+00
450	 1.0000e-03	-1.0000e-03	 7.5679e+00	 5.9446e+00
451	 2.0000e-03	-1.0000e-03	 7.5662e+00	 5.9640e+00
452	 3.0000e-03	-1.0000e-03	 7.4548e+00	 5.8720e+00
453	 4.0000e-03	-1.0000e-03	 7.1510e+00	 5.4272e+00
454	 5.0000e-03	-1.0000e-03	 6.8033e+00	 4.7297e+00
455	 6.0000e-03	-1.0000e-03	 6.4196e+00	 4.1117e+00
456	 7.0000e-03	-1.0000e-03	 5.1666e+00	 2.6983e+00
457	 8.0000e-03	-1.0000e-03	 6.1521e+00	 3.3975e-01
458	 9.0000e-03	-1.0000e-03	 6.1547e+00	 9.5488e+00
459	 1.0000e-02	-1.0000e-03	 5.4907e+00	 9.1747e+00
460	 1.1000e-02	-1.0000e-03	 4.4894e+00	 8.2003e+00
461	 1.2000e-02	-1.0000e-03	 5.0127e+00	 5.1717e+00
462	 1.3000e-02	-1.0000e-03	 5.3914e+00	 4.5821e+00
463	 1.4000e-02	-1.0000e-03	 5.4644e+00	 4.8288e+00
464	 1.5000e-02	-1.0000e-03	 5.4992e+00	 5.0443e+00
465	-1.5000e-02	 0.0000e+00	 4.5624e+00	 7.3401e+00
466	-1.4000e-02	 0.0000e+00	 4.6952e+00	 5.8378e+00
467	-1.3000e-02	 0.0000e+00	 4.9716e+00	 5.8148e+00
468	-1.2000e-02	 0.0000e+00	 5.0765e+00	 5.5193e+00
469	-1.1000e-02	 0.0000e+00	 4.8954e+00	 5.2218e+00
470	-1.0000e-02	 0.0000e+00	 4.6386e+00	 7.5485e+00
471	-9.0000e-03	 0.0000e+00	 5.1616e+00	 9.1638e+00
472	-8.0000e-03	 0.0000e+00	 5.7020e+00	 8.8657e+00
473	-7.0000e-03	 0.0000e+00	 6.0446e+00	 9.3587e+00
474	-6.0000e-03	 0.0000e+00	 5.8059e+00	 4.8964e-01
475	-5.0000e-03	 0.0000e+00	 5.9755e+00	 2.8695e+00
476	-4.0000e-03	 0.0000e+00	 6.5745e+00	 4.1005e+00
477	-3.0000e-03	 0.0000e+00	 6.9640e+00	 4.7530e+00
478	-2.0000e-03	 0.0000e+00	 7.2973e+00	 5.3549e+00
479	-1.0000e-03	 0.0000e+00	 7.4768e+00	 5.7819e+00
480	 0.0000e+00	 0.0000e+00	 7.5531e+00	 5.9614e+00
481	 1.0000e-03	 0.0000e+00	 7.5728e+00	 6.0117e+00
482	 2.0000e-03	 0.0000e+00	 7.5596e+00	 6.0400e+00
483	 3.0000e-03	 0.0000e+00	 7.4587e+00	 5.8812e+00
484	 4.0000e-03	 0.0000e+00	 7.1967e+00	 5.4203e+00
485	 5.0000e-03	 0.0000e+00	 6.8746e+00	 4.8622e+00
486	 6.0000e-03	 0.0000e+00	 6.4239e+00	 4.3165e+00
487	 7.0000e-03	 0.0000e+00	 5.2612e+00	 2.5967e+00
488	 8.0000e-03	 0.0000e+00	 6.1215e+00	 2.7762e-01
489	 9.0000e-03	 0.0000e+00	 6.0945e+00	 9.6309e+00
490	 1.0000e-02	 0.0000e+00	 5.3884e+00	 9.2776e+00
491	 1.1000e-02	 0.0000e+00	 4.3987e+00	 8.1987e+00
492	 1.2000e-02	 0.0000e+00	 4.8937e+00	 4.9667e+00
493	 1.3000e-02	 0.0000e+00	 5.4101e+00	 4.4843e+00
494	 1.4000e-02	 0.0000e+00	 5.4733e+00	 4.7553e+00
495	 1.5000e-02	 0.0000e+00	 5.3963e+00	 5.1225e+00
496	-1.5000e-02	 1.0000e-03	 4.7346e+00	 7.1770e+00
497	-1.4000e-02	 1.0000e-03	 4.8270e+00	 5.6734e+00
498	-1.3000e-02	 1.0000e-03	 4.9016e+00	 5.6419e+00
499	-1.2000e-02	 1.0000e-03	 5.2280e+00	 5.6636e+00
500	-1.1000e-02	 1.0000e-03	 4.9282e+00	 5.1293e+00
501	-1.0000e-02	 1.0000e-03	 4.5312e+00	 6.8146e+00
502	-9.0000e-03	 1.0000e-03	 5.0896e+00	 9.2498e+00
503	-8.0000e-03	 1.0000e-03	 5.4614e+00	 9.0954e+00
504	-7.0000e-03	 1.0000e-03	 5.9289e+00	 9.5418e+00
505	-6.0000e-03	 1.0000e-03	 5.8148e+00	 4.5118e-01
506	-5.0000e-03	 1.0000e-03	 5.9571e+00	 2.5204e+00
507	-4.0000e-03	 1.0000e-03	 6.5630e+00	 3.9562e+00
508	-3.0000e-03	 1.0000e-03	 6.9469e+00	 4.6738e+00
509	-2.0000e-03	 1.0000e-03	 7.2428e+00	 5.2307e+00
510	-1.0000e-03	 1.0000e-03	 7.4305e+00	 5.6757e+00
511	 0.0000e+00	 1.0000e-03	 7.5018e+00	 5.9039e+00
512	 1.0000e-03	 1.0000e-03	 7.5126e+00	 5.9440e+00
513	 2.0000e-03	 1.0000e-03	 7.4847e+00	 5.9446e+00
514	 3.0000e-03	 1.0000e-03	 7.3818e+00	 5.7280e+00
515	 4.0000e-03	 1.0000e-03	 7.1629e+00	 5.2839e+00
516	 5.0000e-03	 1.0000e-03	 6.8651e+00	 4.7649e+00
517	 6.0000e-03	 1.0000e-03	 6.3125e+00	 4.0696e+00
518	 7.0000e-03	 1.0000e-03	 5.6764e+00	 1.8022e+00
519	 8.0000e-03	 1.0000e-03	 6.0281e+00	 3.1049e-01
520	 9.0000e-03	 1.0000e-03	 5.8493e+00	 9.6602e+00
521	 1.0000e-02	 1.0000e-03	 5.3224e+00	 9.1503e+00
522	 1.1000e-02	 1.0000e-03	 4.5371e+00	 1.9504e+00
523	 1.2000e-02	 1.0000e-03	 5.0311e+00	 4.3793e+00
524	 1.3000e-02	 1.0000e-03	 5.2898e+00	 4.4076e+00
525	 1.4000e-02	 1.0000e-03	 5.3733e+00	 4.8050e+00
526	 1.5000e-02	 1.0000e-03	 5.3414e+00	 5.2241e+00
527	-1.5000e-02	 2.0000e-03	 4.7100e+00	 7.1343e+00
528	-1.4000e-02	 2.0000e-03	 4.7672e+00	 5.6820e+00
529	-1.3000e-02	 2.0000e-03	 4.8155e+00	 5.8569e+00
530	-1.2000e-02	 2.0000e-03	 5.2418e+00	 5.4986e+00
531	-1.1000e-02	 2.0000e-03	 4.9861e+00	 5.1186e+00
532	-1.0000e-02	 2.0000e-03	 4.1969e+00	 6.0834e+00
533	-9.0000e-03	 2.0000e-03	 4.7971e+00	 1.4557e+00
534	-8.0000e-03	 2.0000e-03	 5.3165e+00	 9.3735e+00
535	-7.0000e-03	 2.0000e-03	 5.8099e+00	 9.5395e+00
536	-6.0000e-03	 2.0000e-03	 5.8828e+00	 4.5972e-01
537	-5.0000e-03	 2.0000e-03	 5.9548e+00	 2.1371e+00
538	-4.0000e-03	 2.0000e-03	 6.5064e+00	 3.6433e+00
539	-3.0000e-03	 2.0000e-03	 6.8621e+00	 4.4000e+00
540	-2.0000e-03	 2.0000e-03	 7.1290e+00	 4.9355e+00
541	-1.0000e-03	 2.0000e-03	 7.2829e+00	 5.3898e+00
542	 0.0000e+00	 2.0000e-03	 7.3568e+00	 5.6606e+00
543	 1.0000e-03	 2.0000e-03	 7.3604e+00	 5.7385e+00
544	 2.0000e-03	 2.0000e-03	 7.3147e+00	 5.7063e+00
545	 3.0000e-03	 2.0000e-03	 7.2165e+00	 5.3908e+00
546	 4.0000e-03	 2.0000e-03	 7.0518e+00	 4.9115e+00
547	 5.0000e-03	 2.0000e-03	 6.7569e+00	 4.3865e+00
548	 6.0000e-03	 2.0000e-03	 6.2467e+00	 3.7304e+00
549	 7.0000e-03	 2.0000e-03	 5.8897e+00	 1.6053e+00
550	 8.0000e-03	 2.0000e-03	 5.9272e+00	 3.3646e-01
551	 9.0000e-03	 2.0000e-03	 5.5604e+00	 9.5254e+00
552	 1.0000e-02	 2.0000e-03	 5.0292e+00	 9.0652e+00
553	 1.1000e-02	 2.0000e-03	 4.7645e+00	 2.7824e+00
554	 1.2000e-02	 2.0000e-03	 5.1994e+00	 4.0295e+00
555	 1.3000e-02	 2.0000e-03	 5.1922e+00	 4.3573e+00
556	 1.4000e-02	 2.0000e-03	 5.2944e+00	 4.6574e+00
557	 1.5000e-02	 2.0000e-03	 5.3398e+00	 5.2704e+00
558	-1.5000e-02	 3.0000e-03	 4.6926e+00	 7.5800e+00
559	-1.4000e-02	 3.0000e-03	 4.8050e+00	 5.9736e+00
560	-1.3000e-02	 3.0000e-03	 4.8388e+00	 5.8464e+00
561	-1.2000e-02	 3.0000e-03	 5.0472e+00	 5.4542e+00
562	-1.1000e-02	 3.0000e-03	 5.0969e+00	 5.1475e+00
563	-1.0000e-02	 3.0000e-03	 4.6291e+00	 4.4940e+00
564	-9.0000e-03	 3.0000e-03	 4.5535e+00	 1.5550e+00
565	-8.0000e-03	 3.0000e-03	 4.9388e+00	 9.1037e+00
566	-7.0000e-03	 3.0000e-03	 5.6771e+00	 9.5885e+00
567	-6.0000e-03	 3.0000e-03	 5.8934e+00	 3.5782e-01
568	-5.0000e-03	 3.0000e-03	 5.9535e+00	 1.6253e+00
569	-4.0000e-03	 3.0000e-03	 6.3309e+00	 3.1446e+00
570	-3.0000e-03	 3.0000e-03	 6.7701e+00	 4.0115e+00
571	-2.0000e-03	 3.0000e-03	 6.9982e+00	 4.5397e+00
572	-1.0000e-03	 3.0000e-03	 7.1323e+00	 4.9726e+00
573	 0.0000e+00	 3.0000e-03	 7.2003e+00	 5.2395e+00
574	 1.0000e-03	 3.0000e-03	 7.2234e+00	 5.3783e+00
575	 2.0000e-03	 3.0000e-03	 7.1724e+00	 5.2895e+00
576	 3.0000e-03	 3.0000e-03	 7.0620e+00	 4.9276e+00
577	 4.0000e-03	 3.0000e-03	 6.9019e+00	 4.4043e+00
578	 5.0000e-03	 3.0000e-03	 6.6478e+00	 3.9013e+00
579	 6.0000e-03	 3.0000e-03	 6.0725e+00	 3.0082e+00
580	 7.0000e-03	 3.0000e-03	 5.9315e+00	 1.2726e+00
581	 8.0000e-03	 3.0000e-03	 5.8519e+00	 9.7164e+00
582	 9.0000e-03	 3.0000e-03	 5.4450e+00	 9.0968e+00
583	 1.0000e-02	 3.0000e-03	 4.5834e+00	 8.0054e+00
584	 1.1000e-02	 3.0000e-03	 5.0180e+00	 3.9513e+00
585	 1.2000e-02	 3.0000e-03	 5.3733e+00	 4.1439e+00
586	 1.3000e-02	 3.0000e-03	 5.1380e+00	 4.3587e+00
587	 1.4000e-02	 3.0000e-03	 5.2455e+00	 4.5473e+00
588	 1.5000e-02	 3.0000e-03	 5.2780e+00	 5.1994e+00
589	-1.5000e-02	 4.0000e-03	 4.8139e+00	 7.4732e+00
590	-1.4000e-02	 4.0000e-03	 4.7192e+00	 6.6001e+00
591	-1.3000e-02	 4.0000e-03	 4.9444e+00	 5.7500e+00
592	-1.2000e-02	 4.0000e-03	 4.7987e+00	 5.4618e+00
593	-1.1000e-02	 4.0000e-03	 4.9368e+00	 5.3576e+00
594	-1.0000e-02	 4.0000e-03	 4.9072e+00	 4.0259e+00
595	-9.0000e-03	 4.0000e-03	 4.4345e+00	 2.7071e+00
596	-8.0000e-03	 4.0000e-03	 4.3678e+00	 1.6293e+00
597	-7.0000e-03	 4.0000e-03	 5.4240e+00	 9.2956e+00
598	-6.0000e-03	 4.0000e-03	 5.7471e+00	 9.6590e+00
599	-5.0000e-03	 4.0000e-03	 5.9206e+00	 9.7416e-01
600	-4.0000e-03	 4.0000e-03	 6.1721e+00	 2.3995e+00
601	-3.0000e-03	 4.0000e-03	 6.5455e+00	 3.3941e+00
602	-2.0000e-03	 4.0000e-03	 6.8233e+00	 4.0246e+00
603	-1.0000e-03	 4.0000e-03	 6.9798e+00	 4.4348e+00
604	 0.0000e+00	 4.0000e-03	 7.0790e+00	 4.6064e+00
605	 1.0000e-03	 4.0000e-03	 7.1083e+00	 4.6544e+00
606	 2.0000e-03	 4.0000e-03	 7.0577e+00	 4.5920e+00
607	 3.0000e-03	 4.0000e-03	 6.8890e+00	 4.3425e+00
608	 4.0000e-03	 4.0000e-03	 6.6471e+00	 3.8898e+00
609	 5.0000e-03	 4.0000e-03	 6.3769e+00	 3.2255e+00
610	 6.0000e-03	 4.0000e-03	 6.0426e+00	 2.2620e+00
611	 7.0000e-03	 4.0000e-03	 5.7908e+00	 6.3690e-01
612	 8.0000e-03	 4.0000e-03	 5.6560e+00	 9.4748e+00
613	 9.0000e-03	 4.0000e-03	 5.3313e+00	 8.7312e+00
614	 1.0000e-02	 4.0000e-03	 4.2866e+00	 7.3562e+00
615	 1.1000e-02	 4.0000e-03	 4.7231e+00	 4.2759e+00
616	 1.2000e-02	 4.0000e-03	 5.3664e+00	 4.3970e+00
617	 1.3000e-02	 4.0000e-03	 5.1860e+00	 4.4276e+00
618	 1.4000e-02	 4.0000e-03	 5.1945e+00	 4.5058e+00
619	 1.5000e-02	 4.0000e-03	 5.3444e+00	 4.9674e+00
620	-1.5000e-02	 5.0000e-03	 4.8303e+00	 7.2838e+00
621	-1.4000e-02	 5.0000e-03	 4.8484e+00	 6.8628e+00
622	-1.3000e-02	 5.0000e-03	 4.9904e+00	 5.6024e+00
623	-1.2000e-02	 5.0000e-03	 4.8102e+00	 5.5646e+00
624	-1.1000e-02	 5.0000e-03	 4.8697e+00	 5.1892e+00
625	-1.0000e-02	 5.0000e-03	 4.6669e+00	 4.2848e+00
626	-9.0000e-03	 5.0000e-03	 4.5206e+00	 4.2202e+00
627	-8.0000e-03	 5.0000e-03	 4.2570e+00	 6.1093e+00
628	-7.0000e-03	 5.0000e-03	 4.9854e+00	 9.0294e+00
629	-6.0000e-03	 5.0000e-03	 5.4624e+00	 9.4176e+00
630	-5.0000e-03	 5.0000e-03	 5.7073e+00	 6.8982e-01
631	-4.0000e-03	 5.0000e-03	 5.9703e+00	 1.8406e+00
632	-3.0000e-03	 5.0000e-03	 6.3292e+00	 2.8330e+00
633	-2.0000e-03	 5.0000e-03	 6.6432e+00	 3.4244e+00
634	-1.0000e-03	 5.0000e-03	 6.8305e+00	 3.7491e+00
635	 0.0000e+00	 5.0000e-03	 6.8996e+00	 3.8994e+00
636	 1.0000e-03	 5.0000e-03	 6.9130e+00	 3.9309e+00
637	 2.0000e-03	 5.0000e-03	 6.8766e+00	 3.8616e+00
638	 3.0000e-03	 5.0000e-03	 6.7405e+00	 3.7258e+00
639	 4.0000e-03	 5.0000e-03	 6.4719e+00	 3.3731e+00
640	 5.0000e-03	 5.0000e-03	 6.1626e+00	 2.6506e+00
641	 6.0000e-03	 5.0000e-03	 5.7352e+00	 1.7769e+00
642	 7.0000e-03	 5.0000e-03	 5.4424e+00	 8.6998e+00
643	 8.0000e-03	 5.0000e-03	 5.4565e+00	 8.6208e+00
644	 9.0000e-03	 5.0000e-03	 5.0847e+00	 8.3667e+00
645	 1.0000e-02	 5.0000e-03	 4.6142e+00	 7.2082e+00
646	 1.1000e-02	 5.0000e-03	 4.6101e+00	 4.6258e+00
647	 1.2000e-02	 5.0000e-03	 5.1413e+00	 4.2978e+00
648	 1.3000e-02	 5.0000e-03	 5.2721e+00	 4.1817e+00
649	 1.4000e-02	 5.0000e-03	 5.2481e+00	 4.5243e+00
650	 1.5000e-02	 5.0000e-03	 5.2277e+00	 4.7429e+00
651	-1.5000e-02	 6.0000e-03	 4.7823e+00	 7.1504e+00
652	-1.4000e-02	 6.0000e-03	 4.8053e+00	 6.9522e+00
653	-1.3000e-02	 6.0000e-03	 4.9305e+00	 5.5614e+00
654	-1.2000e-02	 6.0000e-03	 4.9319e+00	 5.4552e+00
655	-1.1000e-02	 6.0000e-03	 4.8651e+00	 4.9345e+00
656	-1.0000e-02	 6.0000e-03	 4.4999e+00	 5.2014e+00
657	-9.0000e-03	 6.0000e-03	 4.4082e+00	 4.5874e+00
658	-8.0000e-03	 6.0000e-03	 4.3089e+00	 5.5637e+00
659	-7.0000e-03	 6.0000e-03	 4.6314e+00	 7.8670e+00
660	-6.0000e-03	 6.0000e-03	 5.1314e+00	 8.9324e+00
661	-5.0000e-03	 6.0000e-03	 5.3618e+00	 9.4242e+00
662	-4.0000e-03	 6.0000e-03	 5.7027e+00	 9.3274e-01
663	-3.0000e-03	 6.0000e-03	 5.9739e+00	 1.9544e+00
664	-2.0000e-03	 6.0000e-03	 6.2500e+00	 2.7640e+00
665	-1.0000e-03	 6.0000e-03	 6.5012e+00	 3.2094e+00
666	 0.0000e+00	 6.0000e-03	 6.6149e+00	 3.4099e+00
667	 1.0000e-03	 6.0000e-03	 6.6077e+00	 3.4960e+00
668	 2.0000e-03	 6.0000e-03	 6.5238e+00	 3.3392e+00
669	 3.0000e-03	 6.0000e-03	 6.3549e+00	 3.1234e+00
670	 4.0000e-03	 6.0000e-03	 6.1008e+00	 2.6447e+00
671	 5.0000e-03	 6.0000e-03	 5.7175e+00	 1.8955e+00
672	 6.0000e-03	 6.0000e-03	 5.3645e+00	 7.0954e-01
673	 7.0000e-03	 6.0000e-03	 5.2635e+00	 8.8783e+00
674	 8.0000e-03	 6.0000e-03	 5.3013e+00	 8.2120e+00
675	 9.0000e-03	 6.0000e-03	 4.8941e+00	 7.9853e+00
676	 1.0000e-02	 6.0000e-03	 4.4092e+00	 6.6422e+00
677	 1.1000e-02	 6.0000e-03	 4.7672e+00	 5.1018e+00
678	 1.2000e-02	 6.0000e-03	 4.9187e+00	 4.0401e+00
679	 1.3000e-02	 6.0000e-03	 5.3694e+00	 4.3014e+00
680	 1.4000e-02	 6.0000e-03	 5.3355e+00	 4.5456e+00
681	 1.5000e-02	 6.0000e-03	 5.0252e+00	 4.5742e+00
682	-1.5000e-02	 7.0000e-03	 4.5851e+00	 7.2720e+00
683	-1.4000e-02	 7.0000e-03	 4.4519e+00	 6.7980e+00
684	-1.3000e-02	 7.0000e-03	 4.8020e+00	 5.6136e+00
685	-1.2000e-02	 7.0000e-03	 5.0972e+00	 5.6261e+00
686	-1.1000e-02	 7.0000e-03	 4.7652e+00	 5.1577e+00
687	-1.0000e-02	 7.0000e-03	 4.6117e+00	 5.0653e+00
688	-9.0000e-03	 7.0000e-03	 4.4394e+00	 4.8490e+00
689	-8.0000e-03	 7.0000e-03	 4.3566e+00	 5.0282e+00
690	-7.0000e-03	 7.0000e-03	 4.3816e+00	 7.6228e+00
691	-6.0000e-03	 7.0000e-03	 4.8901e+00	 7.9216e+00
692	-5.0000e-03	 7.0000e-03	 5.2353e+00	 8.8344e+00
693	-4.0000e-03	 7.0000e-03	 5.4552e+00	 9.5356e+00
694	-3.0000e-03	 7.0000e-03	 5.5679e+00	 4.9391e-01
695	-2.0000e-03	 7.0000e-03	 5.6840e+00	 1.4074e+00
696	-1.0000e-03	 7.0000e-03	 5.8930e+00	 2.1181e+00
697	 0.0000e+00	 7.0000e-03	 6.0446e+00	 2.5408e+00
698	 1.0000e-03	 7.0000e-03	 6.0617e+00	 2.6503e+00
699	 2.0000e-03	 7.0000e-03	 5.9170e+00	 2.5549e+00
700	 3.0000e-03	 7.0000e-03	 5.6406e+00	 2.1253e+00
701	 4.0000e-03	 7.0000e-03	 5.3911e+00	 1.0981e+00
702	 5.0000e-03	 7.0000e-03	 5.3460e+00	 9.3867e+00
703	 6.0000e-03	 7.0000e-03	 5.3950e+00	 8.6582e+00
704	 7.0000e-03	 7.0000e-03	 5.3723e+00	 8.0491e+00
705	 8.0000e-03	 7.0000e-03	 5.1205e+00	 7.8197e+00
706	 9.0000e-03	 7.0000e-03	 4.7401e+00	 7.6934e+00
707	 1.0000e-02	 7.0000e-03	 4.4835e+00	 6.2231e+00
708	 1.1000e-02	 7.0000e-03	 4.7067e+00	 4.1993e+00
709	 1.2000e-02	 7.0000e-03	 5.0620e+00	 3.9789e+00
710	 1.3000e-02	 7.0000e-03	 5.2737e+00	 4.3688e+00
711	 1.4000e-02	 7.0000e-03	 5.3122e+00	 4.3563e+00
712	 1.5000e-02	 7.0000e-03	 4.7987e+00	 4.5640e+00
713	-1.5000e-02	 8.0000e-03	 4.5151e+00	 7.7730e+00
714	-1.4000e-02	 8.0000e-03	 4.5019e+00	 6.3799e+00
715	-1.3000e-02	 8.0000e-03	 4.8112e+00	 5.8319e+00
716	-1.2000e-02	 8.0000e-03	 4.9654e+00	 5.5568e+00
717	-1.1000e-02	 8.0000e-03	 4.9542e+00	 5.3648e+00
718	-1.0000e-02	 8.0000e-03	 4.6794e+00	 5.2576e+00
719	-9.0000e-03	 8.0000e-03	 4.4684e+00	 4.3790e+00
720	-8.0000e-03	 8.0000e-03	 4.2863e+00	 3.6502e+00
721	-7.0000e-03	 8.0000e-03	 4.1735e+00	 5.8030e+00
722	-6.0000e-03	 8.0000e-03	 4.6022e+00	 7.8164e+00
723	-5.0000e-03	 8.0000e-03	 5.1452e+00	 8.0304e+00
724	-4.0000e-03	 8.0000e-03	 5.3020e+00	 8.4843e+00
725	-3.0000e-03	 8.0000e-03	 5.4673e+00	 9.2013e+00
726	-2.0000e-03	 8.0000e-03	 5.4703e+00	 9.4281e+00
727	-1.0000e-03	 8.0000e-03	 5.5097e+00	 5.4585e-01
728	 0.0000e+00	 8.0000e-03	 5.5824e+00	 3.5717e-01
729	 1.0000e-03	 8.0000e-03	 5.4719e+00	 4.4263e-01
730	 2.0000e-03	 8.0000e-03	 5.3921e+00	 6.1159e-01
731	 3.0000e-03	 8.0000e-03	 5.2895e+00	 9.2930e+00
732	 4.0000e-03	 8.0000e-03	 5.3240e+00	 8.7611e+00
733	 5.0000e-03	 8.0000e-03	 5.4466e+00	 8.0498e+00
734	 6.0000e-03	 8.0000e-03	 5.3671e+00	 7.7513e+00
735	 7.0000e-03	 8.0000e-03	 5.2136e+00	 7.4258e+00
736	 8.0000e-03	 8.0000e-03	 4.9209e+00	 7.5777e+00
737	 9.0000e-03	 8.0000e-03	 4.5256e+00	 7.6721e+00
738	 1.0000e-02	 8.0000e-03	 4.2255e+00	 4.5118e+00
739	 1.1000e-02	 8.0000e-03	 4.5417e+00	 3.6443e+00
740	 1.2000e-02	 8.0000e-03	 5.0737e+00	 4.0844e+00
741	 1.3000e-02	 8.0000e-03	 5.2458e+00	 4.4551e+00
742	 1.4000e-02	 8.0000e-03	 5.0989e+00	 4.1906e+00
743	 1.5000e-02	 8.0000e-03	 4.6541e+00	 4.3510e+00
744	-1.5000e-02	 9.0000e-03	 4.6048e+00	 7.5100e+00
745	-1.4000e-02	 9.0000e-03	 4.4105e+00	 6.4305e+00
746	-1.3000e-02	 9.0000e-03	 4.7553e+00	 5.7254e+00
747	-1.2000e-02	 9.0000e-03	 4.9762e+00	 5.8201e+00
748	-1.1000e-02	 9.0000e-03	 5.0446e+00	 5.3635e+00
749	-1.0000e-02	 9.0000e-03	 4.8758e+00	 5.1258e+00
750	-9.0000e-03	 9.0000e-03	 4.5289e+00	 4.2051e+00
751	-8.0000e-03	 9.0000e-03	 4.4355e+00	 3.8320e+00
752	-7.0000e-03	 9.0000e-03	 4.2623e+00	 4.2639e+00
753	-6.0000e-03	 9.0000e-03	 4.3191e+00	 6.3457e+00
754	-5.0000e-03	 9.0000e-03	 4.7419e+00	 6.9387e+00
755	-4.0000e-03	 9.0000e-03	 5.0045e+00	 7.2214e+00
756	-3.0000e-03	 9.0000e-03	 5.1058e+00	 7.9604e+00
757	-2.0000e-03	 9.0000e-03	 5.2879e+00	 8.4107e+00
758	-1.0000e-03	 9.0000e-03	 5.3681e+00	 8.8420e+00
759	 0.0000e+00	 9.0000e-03	 5.4713e+00	 8.7917e+00
760	 1.0000e-03	 9.0000e-03	 5.4157e+00	 8.6789e+00
761	 2.0000e-03	 9.0000e-03	 5.3875e+00	 8.5011e+00
762	 3.0000e-03	 9.0000e-03	 5.3500e+00	 8.2516e+00
763	 4.0000e-03	 9.0000e-03	 5.3073e+00	 7.7697e+00
764	 5.0000e-03	 9.0000e-03	 5.2474e+00	 7.2073e+00
765	 6.0000e-03	 9.0000e-03	 5.1271e+00	 7.0491e+00
766	 7.0000e-03	 9.0000e-03	 4.8569e+00	 7.0054e+00
767	 8.0000e-03	 9.0000e-03	 4.5151e+00	 7.1376e+00
768	 9.0000e-03	 9.0000e-03	 4.2261e+00	 5.7410e+00
769	 1.0000e-02	 9.0000e-03	 4.2555e+00	 4.0228e+00
770	 1.1000e-02	 9.0000e-03	 4.7708e+00	 3.9470e+00
771	 1.2000e-02	 9.0000e-03	 5.0749e+00	 4.2560e+00
772	 1.3000e-02	 9.0000e-03	 5.0722e+00	 4.1932e+00
773	 1.4000e-02	 9.0000e-03	 4.8385e+00	 4.3698e+00
774	 1.5000e-02	 9.0000e-03	 4.7208e+00	 4.2442e+00
775	-1.5000e-02	 1.0000e-02	 4.5752e+00	 7.9807e+00
776	-1.4000e-02	 1.0000e-02	 4.3116e+00	 6.6409e+00
777	-1.3000e-02	 1.0000e-02	 4.6735e+00	 5.6953e+00
778	-1.2000e-02	 1.0000e-02	 4.9309e+00	 5.6153e+00
779	-1.1000e-02	 1.0000e-02	 5.0052e+00	 5.4904e+00
780	-1.0000e-02	 1.0000e-02	 5.0873e+00	 5.3253e+00
781	-9.0000e-03	 1.0000e-02	 4.7435e+00	 4.5874e+00
782	-8.0000e-03	 1.0000e-02	 4.5374e+00	 3.8379e+00
783	-7.0000e-03	 1.0000e-02	 4.5098e+00	 3.6177e+00
784	-6.0000e-03	 1.0000e-02	 4.4273e+00	 4.2113e+00
785	-5.0000e-03	 1.0000e-02	 4.5607e+00	 4.9033e+00
786	-4.0000e-03	 1.0000e-02	 4.5792e+00	 5.3240e+00
787	-3.0000e-03	 1.0000e-02	 4.6774e+00	 5.5127e+00
788	-2.0000e-03	 1.0000e-02	 4.6054e+00	 6.3782e+00
789	-1.0000e-03	 1.0000e-02	 4.8175e+00	 6.9365e+00
790	 0.0000e+00	 1.0000e-02	 4.8858e+00	 7.1075e+00
791	 1.0000e-03	 1.0000e-02	 5.0124e+00	 7.0827e+00
792	 2.0000e-03	 1.0000e-02	 4.9766e+00	 6.9078e+00
793	 3.0000e-03	 1.0000e-02	 4.8530e+00	 6.7091e+00
794	 4.0000e-03	 1.0000e-02	 4.7935e+00	 6.2944e+00
795	 5.0000e-03	 1.0000e-02	 4.6409e+00	 5.5564e+00
796	 6.0000e-03	 1.0000e-02	 4.4838e+00	 5.0753e+00
797	 7.0000e-03	 1.0000e-02	 4.3663e+00	 4.2642e+00
798	 8.0000e-03	 1.0000e-02	 4.3543e+00	 3.8796e+00
799	 9.0000e-03	 1.0000e-02	 4.2909e+00	 4.1877e+00
800	 1.0000e-02	 1.0000e-02	 4.4417e+00	 3.8524e+00
801	 1.1000e-02	 1.0000e-02	 4.9841e+00	 4.3816e+00
802	 1.2000e-02	 1.0000e-02	 5.0834e+00	 4.1995e+00
803	 1.3000e-02	 1.0000e-02	 4.9545e+00	 3.9743e+00
804	 1.4000e-02	 1.0000e-02	 4.6873e+00	 4.0164e+00
805	 1.5000e-02	 1.0000e-02	 4.6308e+00	 3.7513e+00
806	-1.5000e-02	 1.1000e-02	 4.6502e+00	 8.7259e+00
807	-1.4000e-02	 1.1000e-02	 4.2419e+00	 7.3013e+00
808	-1.3000e-02	 1.1000e-02	 4.4763e+00	 5.6460e+00
809	-1.2000e-02	 1.1000e-02	 4.8694e+00	 5.5633e+00
810	-1.1000e-02	 1.1000e-02	 4.9933e+00	 5.5942e+00
811	-1.0000e-02	 1.1000e-02	 4.9766e+00	 5.2501e+00
812	-9.0000e-03	 1.1000e-02	 4.8214e+00	 4.8569e+00
813	-8.0000e-03	 1.1000e-02	 4.6077e+00	 4.3760e+00
814	-7.0000e-03	 1.1000e-02	 4.5752e+00	 3.4395e+00
815	-6.0000e-03	 1.1000e-02	 4.5473e+00	 3.5922e+00
816	-5.0000e-03	 1.1000e-02	 4.7448e+00	 3.6625e+00
817	-4.0000e-03	 1.1000e-02	 4.8020e+00	 4.0565e+00
818	-3.0000e-03	 1.1000e-02	 5.0134e+00	 3.7768e+00
819	-2.0000e-03	 1.1000e-02	 5.0804e+00	 4.1226e+00
820	-1.0000e-03	 1.1000e-02	 4.9950e+00	 4.0910e+00
821	 0.0000e+00	 1.1000e-02	 4.9940e+00	 4.3964e+00
822	 1.0000e-03	 1.1000e-02	 4.9526e+00	 4.2100e+00
823	 2.0000e-03	 1.1000e-02	 4.8240e+00	 4.1045e+00
824	 3.0000e-03	 1.1000e-02	 4.9384e+00	 4.0341e+00
825	 4.0000e-03	 1.1000e-02	 4.9335e+00	 3.7511e+00
826	 5.0000e-03	 1.1000e-02	 4.8352e+00	 3.7432e+00
827	 6.0000e-03	 1.1000e-02	 4.7938e+00	 3.6341e+00
828	 7.0000e-03	 1.1000e-02	 4.5893e+00	 3.2423e+00
829	 8.0000e-03	 1.1000e-02	 4.5200e+00	 3.4375e+00
830	 9.0000e-03	 1.1000e-02	 4.3629e+00	 3.4803e+00
831	 1.0000e-02	 1.1000e-02	 4.5857e+00	 4.3806e+00
832	 1.1000e-02	 1.1000e-02	 4.8770e+00	 4.4204e+00
833	 1.2000e-02	 1.1000e-02	 4.8214e+00	 4.4539e+00
834	 1.3000e-02	 1.1000e-02	 4.8043e+00	 3.9730e+00
835	 1.4000e-02	 1.1000e-02	 4.7136e+00	 3.5279e+00
836	 1.5000e-02	 1.1000e-02	 4.4980e+00	 3.5427e+00
837	-1.5000e-02	 1.2000e-02	 4.7024e+00	 8.4751e+00
838	-1.4000e-02	 1.2000e-02	 4.2070e+00	 7.3246e+00
839	-1.3000e-02	 1.2000e-02	 4.3951e+00	 5.4100e+00
840	-1.2000e-02	 1.2000e-02	 4.8227e+00	 5.4299e+00
841	-1.1000e-02	 1.2000e-02	 4.8645e+00	 5.3756e+00
842	-1.0000e-02	 1.2000e-02	 4.8773e+00	 5.3017e+00
843	-9.0000e-03	 1.2000e-02	 4.6211e+00	 5.0226e+00
844	-8.0000e-03	 1.2000e-02	 4.5249e+00	 4.5239e+00
845	-7.0000e-03	 1.2000e-02	 4.3870e+00	 3.8895e+00
846	-6.0000e-03	 1.2000e-02	 4.3359e+00	 3.2104e+00
847	-5.0000e-03	 1.2000e-02	 4.5331e+00	 3.9838e+00
848	-4.0000e-03	 1.2000e-02	 4.7987e+00	 3.8349e+00
849	-3.0000e-03	 1.2000e-02	 5.0850e+00	 3.6670e+00
850	-2.0000e-03	 1.2000e-02	 5.1630e+00	 3.6985e+00
851	-1.0000e-03	 1.2000e-02	 5.1794e+00	 3.7035e+00
852	 0.0000e+00	 1.2000e-02	 5.2474e+00	 3.7370e+00
853	 1.0000e-03	 1.2000e-02	 5.2284e+00	 3.7120e+00
854	 2.0000e-03	 1.2000e-02	 5.1630e+00	 3.3544e+00
855	 3.0000e-03	 1.2000e-02	 5.1321e+00	 3.4336e+00
856	 4.0000e-03	 1.2000e-02	 4.9730e+00	 3.4842e+00
857	 5.0000e-03	 1.2000e-02	 4.7705e+00	 3.3330e+00
858	 6.0000e-03	 1.2000e-02	 4.4914e+00	 3.5398e+00
859	 7.0000e-03	 1.2000e-02	 4.5003e+00	 3.5450e+00
860	 8.0000e-03	 1.2000e-02	 4.3382e+00	 4.1301e+00
861	 9.0000e-03	 1.2000e-02	 4.2583e+00	 4.1801e+00
862	 1.0000e-02	 1.2000e-02	 4.5788e+00	 4.4477e+00
863	 1.1000e-02	 1.2000e-02	 4.6840e+00	 4.5768e+00
864	 1.2000e-02	 1.2000e-02	 4.6761e+00	 4.1538e+00
865	 1.3000e-02	 1.2000e-02	 4.7366e+00	 3.5296e+00
866	 1.4000e-02	 1.2000e-02	 4.6732e+00	 3.0727e+00
867	 1.5000e-02	 1.2000e-02	 4.3448e+00	 3.5644e+00
868	-1.5000e-02	 1.3000e-02	 4.6975e+00	 8.4922e+00
869	-1.4000e-02	 1.3000e-02	 4.4191e+00	 7.4239e+00
870	-1.3000e-02	 1.3000e-02	 4.3813e+00	 5.5798e+00
871	-1.2000e-02	 1.3000e-02	 4.6557e+00	 5.5538e+00
872	-1.1000e-02	 1.3000e-02	 4.7100e+00	 5.4006e+00
873	-1.0000e-02	 1.3000e-02	 4.6571e+00	 5.3405e+00
874	-9.0000e-03	 1.3000e-02	 4.4329e+00	 5.1860e+00
875	-8.0000e-03	 1.3000e-02	 4.3952e+00	 5.2070e+00
876	-7.0000e-03	 1.3000e-02	 4.3790e+00	 4.7088e+00
877	-6.0000e-03	 1.3000e-02	 4.3540e+00	 4.7698e+00
878	-5.0000e-03	 1.3000e-02	 4.2777e+00	 3.7764e+00
879	-4.0000e-03	 1.3000e-02	 4.6173e+00	 3.4895e+00
880	-3.0000e-03	 1.3000e-02	 4.6899e+00	 3.5854e+00
881	-2.0000e-03	 1.3000e-02	 4.8724e+00	 3.4181e+00
882	-1.0000e-03	 1.3000e-02	 5.0042e+00	 3.3785e+00
883	 0.0000e+00	 1.3000e-02	 5.0620e+00	 3.3507e+00
884	 1.0000e-03	 1.3000e-02	 5.0637e+00	 3.1966e+00
885	 2.0000e-03	 1.3000e-02	 5.1452e+00	 3.0980e+00
886	 3.0000e-03	 1.3000e-02	 4.9430e+00	 3.1068e+00
887	 4.0000e-03	 1.3000e-02	 4.8240e+00	 3.0385e+00
888	 5.0000e-03	 1.3000e-02	 4.5966e+00	 3.4086e+00
889	 6.0000e-03	 1.3000e-02	 4.3477e+00	 3.3820e+00
890	 7.0000e-03	 1.3000e-02	 4.3638e+00	 3.8695e+00
891	 8.0000e-03	 1.3000e-02	 4.4700e+00	 4.3962e+00
892	 9.0000e-03	 1.3000e-02	 4.3320e+00	 4.9187e+00
893	 1.0000e-02	 1.3000e-02	 4.5104e+00	 5.0745e+00
894	 1.1000e-02	 1.3000e-02	 4.5213e+00	 4.2379e+00
895	 1.2000e-02	 1.3000e-02	 4.6045e+00	 3.6331e+00
896	 1.3000e-02	 1.3000e-02	 4.6091e+00	 3.4661e+00
897	 1.4000e-02	 1.3000e-02	 4.5588e+00	 3.0776e+00
898	 1.5000e-02	 1.3000e-02	 4.3573e+00	 2.9987e+00
899	-1.5000e-02	 1.4000e-02	 4.6692e+00	 8.3328e+00
900	-1.4000e-02	 1.4000e-02	 4.3300e+00	 7.5580e+00
901	-1.3000e-02	 1.4000e-02	 4.3589e+00	 6.2234e+00
902	-1.2000e-02	 1.4000e-02	 4.5634e+00	 6.3631e+00
903	-1.1000e-02	 1.4000e-02	 4.5328e+00	 6.0525e+00
904	-1.0000e-02	 1.4000e-02	 4.4582e+00	 5.4961e+00
905	-9.0000e-03	 1.4000e-02	 4.3799e+00	 5.1626e+00
906	-8.0000e-03	 1.4000e-02	 4.2945e+00	 4.5930e+00
907	-7.0000e-03	 1.4000e-02	 4.2462e+00	 4.7984e+00
908	-6.0000e-03	 1.4000e-02	 4.2278e+00	 5.2326e+00
909	-5.0000e-03	 1.4000e-02	 4.2409e+00	 6.0988e+00
910	-4.0000e-03	 1.4000e-02	 4.1245e+00	 4.9805e+00
911	-3.0000e-03	 1.4000e-02	 4.2246e+00	 4.6669e+00
912	-2.0000e-03	 1.4000e-02	 4.5272e+00	 3.7044e+00
913	-1.0000e-03	 1.4000e-02	 4.5745e+00	 3.2255e+00
914	 0.0000e+00	 1.4000e-02	 4.6653e+00	 3.3060e+00
915	 1.0000e-03	 1.4000e-02	 4.6788e+00	 3.0007e+00
916	 2.0000e-03	 1.4000e-02	 4.7251e+00	 2.8882e+00
917	 3.0000e-03	 1.4000e-02	 4.5716e+00	 3.0828e+00
918	 4.0000e-03	 1.4000e-02	 4.4457e+00	 3.1282e+00
919	 5.0000e-03	 1.4000e-02	 4.4102e+00	 3.3373e+00
920	 6.0000e-03	 1.4000e-02	 4.3819e+00	 4.2629e+00
921	 7.0000e-03	 1.4000e-02	 4.3961e+00	 4.6958e+00
922	 8.0000e-03	 1.4000e-02	 4.4717e+00	 5.0913e+00
923	 9.0000e-03	 1.4000e-02	 4.3658e+00	 5.0282e+00
924	 1.0000e-02	 1.4000e-02	 4.3707e+00	 4.9858e+00
925	 1.1000e-02	 1.4000e-02	 4.5035e+00	 3.7133e+00
926	 1.2000e-02	 1.4000e-02	 4.4473e+00	 3.1621e+00
927	 1.3000e-02	 1.4000e-02	 4.5206e+00	 3.1118e+00
928	 1.4000e-02	 1.4000e-02	 4.3629e+00	 3.3675e+00
929	 1.5000e-02	 1.4000e-02	 4.4079e+00	 3.2281e+00
930	-1.5000e-02	 1.5000e-02	 4.6298e+00	 8.2559e+00
931	-1.4000e-02	 1.5000e-02	 4.2886e+00	 7.3249e+00
932	-1.3000e-02	 1.5000e-02	 4.3790e+00	 6.8177e+00
933	-1.2000e-02	 1.5000e-02	 4.5739e+00	 6.2277e+00
934	-1.1000e-02	 1.5000e-02	 4.4907e+00	 6.2882e+00
935	-1.0000e-02	 1.5000e-02	 4.3152e+00	 5.6268e+00
936	-9.0000e-03	 1.5000e-02	 4.2264e+00	 4.8309e+00
937	-8.0000e-03	 1.5000e-02	 4.1591e+00	 3.2495e+00
938	-7.0000e-03	 1.5000e-02	 4.2780e+00	 4.7429e+00
939	-6.0000e-03	 1.5000e-02	 4.2366e+00	 7.3412e+00
940	-5.0000e-03	 1.5000e-02	 4.3170e+00	 6.6142e+00
941	-4.0000e-03	 1.5000e-02	 4.3619e+00	 7.2653e+00
942	-3.0000e-03	 1.5000e-02	 4.4194e+00	 7.2483e+00
943	-2.0000e-03	 1.5000e-02	 4.3264e+00	 6.6198e+00
944	-1.0000e-03	 1.5000e-02	 4.2406e+00	 6.9804e+00
945	 0.0000e+00	 1.5000e-02	 4.3412e+00	 6.6310e+00
946	 1.0000e-03	 1.5000e-02	 4.2685e+00	 5.3858e+00
947	 2.0000e-03	 1.5000e-02	 4.2291e+00	 6.2033e+00
948	 3.0000e-03	 1.5000e-02	 4.2067e+00	 5.4427e+00
949	 4.0000e-03	 1.5000e-02	 4.2665e+00	 4.8135e+00
950	 5.0000e-03	 1.5000e-02	 4.3088e+00	 6.3531e+00
951	 6.0000e-03	 1.5000e-02	 4.1949e+00	 4.8050e+00
952	 7.0000e-03	 1.5000e-02	 4.3405e+00	 5.1676e+00
953	 8.0000e-03	 1.5000e-02	 4.3201e+00	 5.3135e+00
954	 9.0000e-03	 1.5000e-02	 4.2892e+00	 5.4976e+00
955	 1.0000e-02	 1.5000e-02	 4.3438e+00	 4.5006e+00
956	 1.1000e-02	 1.5000e-02	 4.2611e+00	 3.0769e+00
957	 1.2000e-02	 1.5000e-02	 4.2840e+00	 2.7959e+00
958	 1.3000e-02	 1.5000e-02	 4.2647e+00	 3.0930e+00
959	 1.4000e-02	 1.5000e-02	 4.3776e+00	 3.6520e+00
960	 1.5000e-02	 1.5000e-02	 4.3553e+00	 3.9036e+00
