idx	pos (m)	Mesure ch1 (V)	Mesure ch2 (V)	pos Moteur (m)
0	-1.0000e-02	 7.2707e+00	 7.1172e+00	 8.6020e+01
1	-9.8000e-03	 7.2825e+00	 7.0994e+00	 8.5820e+01
2	-9.6000e-03	 7.3049e+00	 7.0863e+00	 8.5620e+01
3	-9.4000e-03	 7.3101e+00	 7.1004e+00	 8.5420e+01
4	-9.2000e-03	 7.3259e+00	 7.0705e+00	 8.5220e+01
5	-9.0000e-03	 7.3351e+00	 7.0452e+00	 8.5020e+01
6	-8.8000e-03	 7.3476e+00	 7.0534e+00	 8.4820e+01
7	-8.6000e-03	 7.3631e+00	 7.0034e+00	 8.4620e+01
8	-8.4000e-03	 7.3673e+00	 7.0245e+00	 8.4420e+01
9	-8.2000e-03	 7.3838e+00	 7.0044e+00	 8.4220e+01
10	-8.0000e-03	 7.3953e+00	 6.9929e+00	 8.4020e+01
11	-7.8000e-03	 7.4065e+00	 6.9745e+00	 8.3820e+01
12	-7.6000e-03	 7.4107e+00	 6.9295e+00	 8.3620e+01
13	-7.4000e-03	 7.4196e+00	 6.9157e+00	 8.3420e+01
14	-7.2000e-03	 7.4308e+00	 6.9163e+00	 8.3220e+01
15	-7.0000e-03	 7.4410e+00	 6.8841e+00	 8.3020e+01
16	-6.8000e-03	 7.4475e+00	 6.8605e+00	 8.2820e+01
17	-6.6000e-03	 7.4495e+00	 6.8266e+00	 8.2620e+01
18	-6.4000e-03	 7.4630e+00	 6.8092e+00	 8.2420e+01
19	-6.2000e-03	 7.4660e+00	 6.8062e+00	 8.2220e+01
20	-6.0000e-03	 7.4725e+00	 6.7678e+00	 8.2020e+01
21	-5.8000e-03	 7.4709e+00	 6.7332e+00	 8.1820e+01
22	-5.6000e-03	 7.4814e+00	 6.7063e+00	 8.1620e+01
23	-5.4000e-03	 7.4870e+00	 6.6714e+00	 8.1420e+01
24	-5.2000e-03	 7.4893e+00	 6.6737e+00	 8.1220e+01
25	-5.0000e-03	 7.4992e+00	 6.6241e+00	 8.1020e+01
26	-4.8000e-03	 7.4978e+00	 6.6004e+00	 8.0820e+01
27	-4.6000e-03	 7.5021e+00	 6.5643e+00	 8.0620e+01
28	-4.4000e-03	 7.5077e+00	 6.5291e+00	 8.0420e+01
29	-4.2000e-03	 7.5130e+00	 6.4949e+00	 8.0220e+01
30	-4.0000e-03	 7.5097e+00	 6.4681e+00	 8.0020e+01
31	-3.8000e-03	 7.5136e+00	 6.4315e+00	 7.9820e+01
32	-3.6000e-03	 7.5139e+00	 6.4164e+00	 7.9620e+01
33	-3.4000e-03	 7.5225e+00	 6.3703e+00	 7.9420e+01
34	-3.2000e-03	 7.5199e+00	 6.3381e+00	 7.9220e+01
35	-3.0000e-03	 7.5225e+00	 6.3230e+00	 7.9020e+01
36	-2.8000e-03	 7.5291e+00	 6.2816e+00	 7.8820e+01
37	-2.6000e-03	 7.5310e+00	 6.2500e+00	 7.8620e+01
38	-2.4000e-03	 7.5350e+00	 6.2224e+00	 7.8420e+01
39	-2.2000e-03	 7.5261e+00	 6.1918e+00	 7.8220e+01
40	-2.0000e-03	 7.5274e+00	 6.1573e+00	 7.8020e+01
41	-1.8000e-03	 7.5241e+00	 6.1346e+00	 7.7820e+01
42	-1.6000e-03	 7.5264e+00	 6.0935e+00	 7.7620e+01
43	-1.4000e-03	 7.5195e+00	 6.0738e+00	 7.7420e+01
44	-1.2000e-03	 7.5228e+00	 6.0485e+00	 7.7220e+01
45	-1.0000e-03	 7.5205e+00	 6.0248e+00	 7.7020e+01
46	-8.0000e-04	 7.5172e+00	 5.9851e+00	 7.6820e+01
47	-6.0000e-04	 7.5185e+00	 5.9653e+00	 7.6620e+01
48	-4.0000e-04	 7.5164e+00	 5.9506e+00	 7.6420e+01
49	-2.0000e-04	 7.5149e+00	 5.9330e+00	 7.6220e+01
50	 0.0000e+00	 7.5136e+00	 5.9170e+00	 7.6020e+01
51	 2.0000e-04	 7.5120e+00	 5.8838e+00	 7.5820e+01
52	 4.0000e-04	 7.5061e+00	 5.8858e+00	 7.5620e+01
53	 6.0000e-04	 7.5057e+00	 5.8618e+00	 7.5420e+01
54	 8.0000e-04	 7.5051e+00	 5.8394e+00	 7.5220e+01
55	 1.0000e-03	 7.5054e+00	 5.8201e+00	 7.5020e+01
56	 1.2000e-03	 7.4988e+00	 5.8039e+00	 7.4820e+01
57	 1.4000e-03	 7.5034e+00	 5.8155e+00	 7.4620e+01
58	 1.6000e-03	 7.5024e+00	 5.7730e+00	 7.4420e+01
59	 1.8000e-03	 7.5018e+00	 5.7714e+00	 7.4220e+01
60	 2.0000e-03	 7.5080e+00	 5.7592e+00	 7.4020e+01
61	 2.2000e-03	 7.5070e+00	 5.7523e+00	 7.3820e+01
62	 2.4000e-03	 7.5113e+00	 5.7221e+00	 7.3620e+01
63	 2.6000e-03	 7.5080e+00	 5.6984e+00	 7.3420e+01
64	 2.8000e-03	 7.5116e+00	 5.7057e+00	 7.3220e+01
65	 3.0000e-03	 7.5100e+00	 5.6997e+00	 7.3020e+01
66	 3.2000e-03	 7.5149e+00	 5.6810e+00	 7.2820e+01
67	 3.4000e-03	 7.5225e+00	 5.6659e+00	 7.2620e+01
68	 3.6000e-03	 7.5248e+00	 5.6527e+00	 7.2420e+01
69	 3.8000e-03	 7.5185e+00	 5.6504e+00	 7.2220e+01
70	 4.0000e-03	 7.5212e+00	 5.6462e+00	 7.2020e+01
71	 4.2000e-03	 7.5304e+00	 5.6445e+00	 7.1820e+01
72	 4.4000e-03	 7.5255e+00	 5.6228e+00	 7.1620e+01
73	 4.6000e-03	 7.5255e+00	 5.6093e+00	 7.1420e+01
74	 4.8000e-03	 7.5294e+00	 5.5847e+00	 7.1220e+01
75	 5.0000e-03	 7.5301e+00	 5.5821e+00	 7.1020e+01
76	 5.2000e-03	 7.5333e+00	 5.5702e+00	 7.0820e+01
77	 5.4000e-03	 7.5310e+00	 5.5531e+00	 7.0620e+01
78	 5.6000e-03	 7.5258e+00	 5.5482e+00	 7.0420e+01
79	 5.8000e-03	 7.5245e+00	 5.5387e+00	 7.0220e+01
80	 6.0000e-03	 7.5241e+00	 5.5130e+00	 7.0020e+01
81	 6.2000e-03	 7.5274e+00	 5.5093e+00	 6.9820e+01
82	 6.4000e-03	 7.5195e+00	 5.5074e+00	 6.9620e+01
83	 6.6000e-03	 7.5172e+00	 5.4821e+00	 6.9420e+01
84	 6.8000e-03	 7.5176e+00	 5.4703e+00	 6.9220e+01
85	 7.0000e-03	 7.5018e+00	 5.4424e+00	 6.9020e+01
86	 7.2000e-03	 7.5064e+00	 5.4157e+00	 6.8820e+01
87	 7.4000e-03	 7.4982e+00	 5.4138e+00	 6.8620e+01
88	 7.6000e-03	 7.4893e+00	 5.3825e+00	 6.8420e+01
89	 7.8000e-03	 7.4834e+00	 5.3641e+00	 6.8220e+01
90	 8.0000e-03	 7.4742e+00	 5.3451e+00	 6.8020e+01
91	 8.2000e-03	 7.4676e+00	 5.3105e+00	 6.7820e+01
92	 8.4000e-03	 7.4525e+00	 5.2841e+00	 6.7620e+01
93	 8.6000e-03	 7.4413e+00	 5.2765e+00	 6.7420e+01
94	 8.8000e-03	 7.4383e+00	 5.2468e+00	 6.7220e+01
95	 9.0000e-03	 7.4189e+00	 5.2280e+00	 6.7020e+01
96	 9.2000e-03	 7.4078e+00	 5.2100e+00	 6.6820e+01
97	 9.4000e-03	 7.3959e+00	 5.1731e+00	 6.6620e+01
98	 9.6000e-03	 7.3834e+00	 5.1547e+00	 6.6420e+01
99	 9.8000e-03	 7.3647e+00	 5.1432e+00	 6.6220e+01
100	 1.0000e-02	 7.3598e+00	 5.1344e+00	 6.6020e+01
