	x (m)	y (m)	Mesure ch1 (V)	Mesure ch2 (V)
0	-8.0000e-03	-8.0000e-03	 7.2132e+00	 6.6376e+00
1	-7.2000e-03	-8.0000e-03	 7.2520e+00	 6.5738e+00
2	-6.4000e-03	-8.0000e-03	 7.2700e+00	 6.5035e+00
3	-5.6000e-03	-8.0000e-03	 7.2868e+00	 6.4206e+00
4	-4.8000e-03	-8.0000e-03	 7.2812e+00	 6.3588e+00
5	-4.0000e-03	-8.0000e-03	 7.2815e+00	 6.2546e+00
6	-3.2000e-03	-8.0000e-03	 7.2842e+00	 6.1895e+00
7	-2.4000e-03	-8.0000e-03	 7.2763e+00	 6.1031e+00
8	-1.6000e-03	-8.0000e-03	 7.2529e+00	 6.0193e+00
9	-8.0000e-04	-8.0000e-03	 7.2388e+00	 5.9384e+00
10	 0.0000e+00	-8.0000e-03	 7.2243e+00	 5.8740e+00
11	 8.0000e-04	-8.0000e-03	 7.2115e+00	 5.7961e+00
12	 1.6000e-03	-8.0000e-03	 7.2010e+00	 5.7136e+00
13	 2.4000e-03	-8.0000e-03	 7.2092e+00	 5.6472e+00
14	 3.2000e-03	-8.0000e-03	 7.2165e+00	 5.5630e+00
15	 4.0000e-03	-8.0000e-03	 7.2105e+00	 5.5104e+00
16	 4.8000e-03	-8.0000e-03	 7.2079e+00	 5.4315e+00
17	 5.6000e-03	-8.0000e-03	 7.2079e+00	 5.3855e+00
18	 6.4000e-03	-8.0000e-03	 7.1994e+00	 5.3023e+00
19	 7.2000e-03	-8.0000e-03	 7.1852e+00	 5.2754e+00
20	 8.0000e-03	-8.0000e-03	 7.1507e+00	 5.2100e+00
21	-8.0000e-03	-7.2000e-03	 7.2661e+00	 6.6008e+00
22	-7.2000e-03	-7.2000e-03	 7.2842e+00	 6.5340e+00
23	-6.4000e-03	-7.2000e-03	 7.3216e+00	 6.4496e+00
24	-5.6000e-03	-7.2000e-03	 7.3299e+00	 6.3766e+00
25	-4.8000e-03	-7.2000e-03	 7.3414e+00	 6.2934e+00
26	-4.0000e-03	-7.2000e-03	 7.3348e+00	 6.1981e+00
27	-3.2000e-03	-7.2000e-03	 7.3466e+00	 6.1011e+00
28	-2.4000e-03	-7.2000e-03	 7.3305e+00	 6.0410e+00
29	-1.6000e-03	-7.2000e-03	 7.3059e+00	 5.9456e+00
30	-8.0000e-04	-7.2000e-03	 7.2953e+00	 5.8365e+00
31	 0.0000e+00	-7.2000e-03	 7.2812e+00	 5.7714e+00
32	 8.0000e-04	-7.2000e-03	 7.2658e+00	 5.7109e+00
33	 1.6000e-03	-7.2000e-03	 7.2526e+00	 5.6340e+00
34	 2.4000e-03	-7.2000e-03	 7.2598e+00	 5.5591e+00
35	 3.2000e-03	-7.2000e-03	 7.2635e+00	 5.5081e+00
36	 4.0000e-03	-7.2000e-03	 7.2608e+00	 5.4585e+00
37	 4.8000e-03	-7.2000e-03	 7.2552e+00	 5.3842e+00
38	 5.6000e-03	-7.2000e-03	 7.2612e+00	 5.3007e+00
39	 6.4000e-03	-7.2000e-03	 7.2516e+00	 5.2514e+00
40	 7.2000e-03	-7.2000e-03	 7.2276e+00	 5.2080e+00
41	 8.0000e-03	-7.2000e-03	 7.2073e+00	 5.1422e+00
42	-8.0000e-03	-6.4000e-03	 7.3141e+00	 6.5873e+00
43	-7.2000e-03	-6.4000e-03	 7.3378e+00	 6.4992e+00
44	-6.4000e-03	-6.4000e-03	 7.3687e+00	 6.4400e+00
45	-5.6000e-03	-6.4000e-03	 7.3831e+00	 6.3618e+00
46	-4.8000e-03	-6.4000e-03	 7.3930e+00	 6.2507e+00
47	-4.0000e-03	-6.4000e-03	 7.4009e+00	 6.1524e+00
48	-3.2000e-03	-6.4000e-03	 7.4028e+00	 6.0623e+00
49	-2.4000e-03	-6.4000e-03	 7.3831e+00	 5.9831e+00
50	-1.6000e-03	-6.4000e-03	 7.3670e+00	 5.8753e+00
51	-8.0000e-04	-6.4000e-03	 7.3479e+00	 5.7800e+00
52	 0.0000e+00	-6.4000e-03	 7.3410e+00	 5.7218e+00
53	 8.0000e-04	-6.4000e-03	 7.3118e+00	 5.6639e+00
54	 1.6000e-03	-6.4000e-03	 7.3032e+00	 5.5962e+00
55	 2.4000e-03	-6.4000e-03	 7.3032e+00	 5.5124e+00
56	 3.2000e-03	-6.4000e-03	 7.3029e+00	 5.4621e+00
57	 4.0000e-03	-6.4000e-03	 7.3032e+00	 5.3894e+00
58	 4.8000e-03	-6.4000e-03	 7.3147e+00	 5.3211e+00
59	 5.6000e-03	-6.4000e-03	 7.3101e+00	 5.2606e+00
60	 6.4000e-03	-6.4000e-03	 7.2907e+00	 5.1975e+00
61	 7.2000e-03	-6.4000e-03	 7.2901e+00	 5.1166e+00
62	 8.0000e-03	-6.4000e-03	 7.2500e+00	 5.0804e+00
63	-8.0000e-03	-5.6000e-03	 7.3493e+00	 6.5735e+00
64	-7.2000e-03	-5.6000e-03	 7.3854e+00	 6.4844e+00
65	-6.4000e-03	-5.6000e-03	 7.4074e+00	 6.4085e+00
66	-5.6000e-03	-5.6000e-03	 7.4226e+00	 6.3263e+00
67	-4.8000e-03	-5.6000e-03	 7.4416e+00	 6.2237e+00
68	-4.0000e-03	-5.6000e-03	 7.4449e+00	 6.1005e+00
69	-3.2000e-03	-5.6000e-03	 7.4413e+00	 5.9982e+00
70	-2.4000e-03	-5.6000e-03	 7.4380e+00	 5.9019e+00
71	-1.6000e-03	-5.6000e-03	 7.4071e+00	 5.8112e+00
72	-8.0000e-04	-5.6000e-03	 7.3943e+00	 5.7185e+00
73	 0.0000e+00	-5.6000e-03	 7.3739e+00	 5.6472e+00
74	 8.0000e-04	-5.6000e-03	 7.3585e+00	 5.5781e+00
75	 1.6000e-03	-5.6000e-03	 7.3535e+00	 5.5068e+00
76	 2.4000e-03	-5.6000e-03	 7.3476e+00	 5.4552e+00
77	 3.2000e-03	-5.6000e-03	 7.3516e+00	 5.3977e+00
78	 4.0000e-03	-5.6000e-03	 7.3440e+00	 5.3362e+00
79	 4.8000e-03	-5.6000e-03	 7.3516e+00	 5.2701e+00
80	 5.6000e-03	-5.6000e-03	 7.3565e+00	 5.2080e+00
81	 6.4000e-03	-5.6000e-03	 7.3460e+00	 5.1439e+00
82	 7.2000e-03	-5.6000e-03	 7.3272e+00	 5.0785e+00
83	 8.0000e-03	-5.6000e-03	 7.2999e+00	 5.0108e+00
84	-8.0000e-03	-4.8000e-03	 7.3808e+00	 6.5705e+00
85	-7.2000e-03	-4.8000e-03	 7.4137e+00	 6.4831e+00
86	-6.4000e-03	-4.8000e-03	 7.4403e+00	 6.4094e+00
87	-5.6000e-03	-4.8000e-03	 7.4554e+00	 6.3164e+00
88	-4.8000e-03	-4.8000e-03	 7.4637e+00	 6.2208e+00
89	-4.0000e-03	-4.8000e-03	 7.4788e+00	 6.0965e+00
90	-3.2000e-03	-4.8000e-03	 7.4775e+00	 5.9785e+00
91	-2.4000e-03	-4.8000e-03	 7.4771e+00	 5.8707e+00
92	-1.6000e-03	-4.8000e-03	 7.4512e+00	 5.7668e+00
93	-8.0000e-04	-4.8000e-03	 7.4321e+00	 5.6840e+00
94	 0.0000e+00	-4.8000e-03	 7.4117e+00	 5.6166e+00
95	 8.0000e-04	-4.8000e-03	 7.3894e+00	 5.5443e+00
96	 1.6000e-03	-4.8000e-03	 7.3890e+00	 5.4752e+00
97	 2.4000e-03	-4.8000e-03	 7.3848e+00	 5.4124e+00
98	 3.2000e-03	-4.8000e-03	 7.3848e+00	 5.3789e+00
99	 4.0000e-03	-4.8000e-03	 7.3880e+00	 5.3290e+00
100	 4.8000e-03	-4.8000e-03	 7.3864e+00	 5.2382e+00
101	 5.6000e-03	-4.8000e-03	 7.3920e+00	 5.1620e+00
102	 6.4000e-03	-4.8000e-03	 7.3913e+00	 5.1074e+00
103	 7.2000e-03	-4.8000e-03	 7.3683e+00	 5.0463e+00
104	 8.0000e-03	-4.8000e-03	 7.3374e+00	 4.9736e+00
105	-8.0000e-03	-4.0000e-03	 7.4074e+00	 6.5449e+00
106	-7.2000e-03	-4.0000e-03	 7.4433e+00	 6.4703e+00
107	-6.4000e-03	-4.0000e-03	 7.4692e+00	 6.3795e+00
108	-5.6000e-03	-4.0000e-03	 7.4863e+00	 6.2868e+00
109	-4.8000e-03	-4.0000e-03	 7.4955e+00	 6.1872e+00
110	-4.0000e-03	-4.0000e-03	 7.5028e+00	 6.0626e+00
111	-3.2000e-03	-4.0000e-03	 7.5130e+00	 5.9476e+00
112	-2.4000e-03	-4.0000e-03	 7.5031e+00	 5.8161e+00
113	-1.6000e-03	-4.0000e-03	 7.4850e+00	 5.7260e+00
114	-8.0000e-04	-4.0000e-03	 7.4679e+00	 5.6310e+00
115	 0.0000e+00	-4.0000e-03	 7.4400e+00	 5.5436e+00
116	 8.0000e-04	-4.0000e-03	 7.4295e+00	 5.5097e+00
117	 1.6000e-03	-4.0000e-03	 7.4140e+00	 5.4263e+00
118	 2.4000e-03	-4.0000e-03	 7.4104e+00	 5.3651e+00
119	 3.2000e-03	-4.0000e-03	 7.4160e+00	 5.3204e+00
120	 4.0000e-03	-4.0000e-03	 7.4212e+00	 5.2731e+00
121	 4.8000e-03	-4.0000e-03	 7.4298e+00	 5.2109e+00
122	 5.6000e-03	-4.0000e-03	 7.4255e+00	 5.1219e+00
123	 6.4000e-03	-4.0000e-03	 7.4278e+00	 5.0831e+00
124	 7.2000e-03	-4.0000e-03	 7.4022e+00	 5.0121e+00
125	 8.0000e-03	-4.0000e-03	 7.3716e+00	 4.9355e+00
126	-8.0000e-03	-3.2000e-03	 7.4212e+00	 6.5330e+00
127	-7.2000e-03	-3.2000e-03	 7.4528e+00	 6.4601e+00
128	-6.4000e-03	-3.2000e-03	 7.4886e+00	 6.3831e+00
129	-5.6000e-03	-3.2000e-03	 7.5051e+00	 6.2888e+00
130	-4.8000e-03	-3.2000e-03	 7.5162e+00	 6.1767e+00
131	-4.0000e-03	-3.2000e-03	 7.5294e+00	 6.0511e+00
132	-3.2000e-03	-3.2000e-03	 7.5261e+00	 5.9262e+00
133	-2.4000e-03	-3.2000e-03	 7.5241e+00	 5.8003e+00
134	-1.6000e-03	-3.2000e-03	 7.5103e+00	 5.6813e+00
135	-8.0000e-04	-3.2000e-03	 7.4906e+00	 5.5775e+00
136	 0.0000e+00	-3.2000e-03	 7.4699e+00	 5.5137e+00
137	 8.0000e-04	-3.2000e-03	 7.4548e+00	 5.4555e+00
138	 1.6000e-03	-3.2000e-03	 7.4466e+00	 5.3950e+00
139	 2.4000e-03	-3.2000e-03	 7.4505e+00	 5.3385e+00
140	 3.2000e-03	-3.2000e-03	 7.4554e+00	 5.2665e+00
141	 4.0000e-03	-3.2000e-03	 7.4466e+00	 5.2251e+00
142	 4.8000e-03	-3.2000e-03	 7.4610e+00	 5.1676e+00
143	 5.6000e-03	-3.2000e-03	 7.4561e+00	 5.1081e+00
144	 6.4000e-03	-3.2000e-03	 7.4584e+00	 5.0522e+00
145	 7.2000e-03	-3.2000e-03	 7.4360e+00	 4.9733e+00
146	 8.0000e-03	-3.2000e-03	 7.4078e+00	 4.8839e+00
147	-8.0000e-03	-2.4000e-03	 7.4367e+00	 6.5235e+00
148	-7.2000e-03	-2.4000e-03	 7.4706e+00	 6.4607e+00
149	-6.4000e-03	-2.4000e-03	 7.4975e+00	 6.3549e+00
150	-5.6000e-03	-2.4000e-03	 7.5107e+00	 6.2776e+00
151	-4.8000e-03	-2.4000e-03	 7.5356e+00	 6.1616e+00
152	-4.0000e-03	-2.4000e-03	 7.5448e+00	 6.0419e+00
153	-3.2000e-03	-2.4000e-03	 7.5445e+00	 5.9157e+00
154	-2.4000e-03	-2.4000e-03	 7.5399e+00	 5.7869e+00
155	-1.6000e-03	-2.4000e-03	 7.5320e+00	 5.6711e+00
156	-8.0000e-04	-2.4000e-03	 7.5103e+00	 5.5942e+00
157	 0.0000e+00	-2.4000e-03	 7.4926e+00	 5.4946e+00
158	 8.0000e-04	-2.4000e-03	 7.4837e+00	 5.4318e+00
159	 1.6000e-03	-2.4000e-03	 7.4699e+00	 5.3546e+00
160	 2.4000e-03	-2.4000e-03	 7.4761e+00	 5.2981e+00
161	 3.2000e-03	-2.4000e-03	 7.4827e+00	 5.2428e+00
162	 4.0000e-03	-2.4000e-03	 7.4801e+00	 5.1968e+00
163	 4.8000e-03	-2.4000e-03	 7.4811e+00	 5.1403e+00
164	 5.6000e-03	-2.4000e-03	 7.4824e+00	 5.0916e+00
165	 6.4000e-03	-2.4000e-03	 7.4850e+00	 5.0334e+00
166	 7.2000e-03	-2.4000e-03	 7.4581e+00	 4.9664e+00
167	 8.0000e-03	-2.4000e-03	 7.4337e+00	 4.8852e+00
168	-8.0000e-03	-1.6000e-03	 7.4429e+00	 6.5242e+00
169	-7.2000e-03	-1.6000e-03	 7.4771e+00	 6.4568e+00
170	-6.4000e-03	-1.6000e-03	 7.4965e+00	 6.3628e+00
171	-5.6000e-03	-1.6000e-03	 7.5189e+00	 6.2563e+00
172	-4.8000e-03	-1.6000e-03	 7.5324e+00	 6.1501e+00
173	-4.0000e-03	-1.6000e-03	 7.5475e+00	 6.0183e+00
174	-3.2000e-03	-1.6000e-03	 7.5494e+00	 5.9019e+00
175	-2.4000e-03	-1.6000e-03	 7.5478e+00	 5.7734e+00
176	-1.6000e-03	-1.6000e-03	 7.5412e+00	 5.6491e+00
177	-8.0000e-04	-1.6000e-03	 7.5278e+00	 5.5729e+00
178	 0.0000e+00	-1.6000e-03	 7.5130e+00	 5.4811e+00
179	 8.0000e-04	-1.6000e-03	 7.4978e+00	 5.4236e+00
180	 1.6000e-03	-1.6000e-03	 7.4926e+00	 5.3579e+00
181	 2.4000e-03	-1.6000e-03	 7.4959e+00	 5.2888e+00
182	 3.2000e-03	-1.6000e-03	 7.4952e+00	 5.2340e+00
183	 4.0000e-03	-1.6000e-03	 7.5077e+00	 5.1968e+00
184	 4.8000e-03	-1.6000e-03	 7.5176e+00	 5.1146e+00
185	 5.6000e-03	-1.6000e-03	 7.5116e+00	 5.0689e+00
186	 6.4000e-03	-1.6000e-03	 7.5067e+00	 4.9996e+00
187	 7.2000e-03	-1.6000e-03	 7.4873e+00	 4.9467e+00
188	 8.0000e-03	-1.6000e-03	 7.4567e+00	 4.8457e+00
189	-8.0000e-03	-8.0000e-04	 7.4351e+00	 6.5173e+00
190	-7.2000e-03	-8.0000e-04	 7.4656e+00	 6.4433e+00
191	-6.4000e-03	-8.0000e-04	 7.5028e+00	 6.3378e+00
192	-5.6000e-03	-8.0000e-04	 7.5218e+00	 6.2375e+00
193	-4.8000e-03	-8.0000e-04	 7.5373e+00	 6.1389e+00
194	-4.0000e-03	-8.0000e-04	 7.5494e+00	 5.9989e+00
195	-3.2000e-03	-8.0000e-04	 7.5564e+00	 5.8789e+00
196	-2.4000e-03	-8.0000e-04	 7.5541e+00	 5.7622e+00
197	-1.6000e-03	-8.0000e-04	 7.5429e+00	 5.6402e+00
198	-8.0000e-04	-8.0000e-04	 7.5327e+00	 5.5633e+00
199	 0.0000e+00	-8.0000e-04	 7.5205e+00	 5.4828e+00
200	 8.0000e-04	-8.0000e-04	 7.5130e+00	 5.4055e+00
201	 1.6000e-03	-8.0000e-04	 7.5070e+00	 5.3500e+00
202	 2.4000e-03	-8.0000e-04	 7.5070e+00	 5.2767e+00
203	 3.2000e-03	-8.0000e-04	 7.5215e+00	 5.2132e+00
204	 4.0000e-03	-8.0000e-04	 7.5320e+00	 5.1610e+00
205	 4.8000e-03	-8.0000e-04	 7.5330e+00	 5.0916e+00
206	 5.6000e-03	-8.0000e-04	 7.5399e+00	 5.0407e+00
207	 6.4000e-03	-8.0000e-04	 7.5347e+00	 4.9891e+00
208	 7.2000e-03	-8.0000e-04	 7.5074e+00	 4.9089e+00
209	 8.0000e-03	-8.0000e-04	 7.4814e+00	 4.8319e+00
210	-8.0000e-03	 0.0000e+00	 7.4301e+00	 6.4916e+00
211	-7.2000e-03	 0.0000e+00	 7.4564e+00	 6.4219e+00
212	-6.4000e-03	 0.0000e+00	 7.4906e+00	 6.3335e+00
213	-5.6000e-03	 0.0000e+00	 7.5130e+00	 6.2178e+00
214	-4.8000e-03	 0.0000e+00	 7.5268e+00	 6.1093e+00
215	-4.0000e-03	 0.0000e+00	 7.5327e+00	 5.9966e+00
216	-3.2000e-03	 0.0000e+00	 7.5442e+00	 5.8657e+00
217	-2.4000e-03	 0.0000e+00	 7.5465e+00	 5.7717e+00
218	-1.6000e-03	 0.0000e+00	 7.5343e+00	 5.6590e+00
219	-8.0000e-04	 0.0000e+00	 7.5245e+00	 5.5692e+00
220	 0.0000e+00	 0.0000e+00	 7.5169e+00	 5.4966e+00
221	 8.0000e-04	 0.0000e+00	 7.5074e+00	 5.4335e+00
222	 1.6000e-03	 0.0000e+00	 7.5074e+00	 5.3497e+00
223	 2.4000e-03	 0.0000e+00	 7.5169e+00	 5.2974e+00
224	 3.2000e-03	 0.0000e+00	 7.5314e+00	 5.2313e+00
225	 4.0000e-03	 0.0000e+00	 7.5432e+00	 5.1715e+00
226	 4.8000e-03	 0.0000e+00	 7.5485e+00	 5.1159e+00
227	 5.6000e-03	 0.0000e+00	 7.5475e+00	 5.0712e+00
228	 6.4000e-03	 0.0000e+00	 7.5425e+00	 4.9989e+00
229	 7.2000e-03	 0.0000e+00	 7.5205e+00	 4.9240e+00
230	 8.0000e-03	 0.0000e+00	 7.4880e+00	 4.8589e+00
231	-8.0000e-03	 8.0000e-04	 7.3963e+00	 6.4985e+00
232	-7.2000e-03	 8.0000e-04	 7.4403e+00	 6.4265e+00
233	-6.4000e-03	 8.0000e-04	 7.4633e+00	 6.3200e+00
234	-5.6000e-03	 8.0000e-04	 7.4853e+00	 6.2198e+00
235	-4.8000e-03	 8.0000e-04	 7.5044e+00	 6.1225e+00
236	-4.0000e-03	 8.0000e-04	 7.5097e+00	 6.0051e+00
237	-3.2000e-03	 8.0000e-04	 7.5172e+00	 5.8897e+00
238	-2.4000e-03	 8.0000e-04	 7.5143e+00	 5.7721e+00
239	-1.6000e-03	 8.0000e-04	 7.5136e+00	 5.6830e+00
240	-8.0000e-04	 8.0000e-04	 7.5047e+00	 5.5896e+00
241	 0.0000e+00	 8.0000e-04	 7.4962e+00	 5.5262e+00
242	 8.0000e-04	 8.0000e-04	 7.4919e+00	 5.4371e+00
243	 1.6000e-03	 8.0000e-04	 7.4992e+00	 5.3753e+00
244	 2.4000e-03	 8.0000e-04	 7.5057e+00	 5.3089e+00
245	 3.2000e-03	 8.0000e-04	 7.5291e+00	 5.2612e+00
246	 4.0000e-03	 8.0000e-04	 7.5419e+00	 5.2100e+00
247	 4.8000e-03	 8.0000e-04	 7.5475e+00	 5.1587e+00
248	 5.6000e-03	 8.0000e-04	 7.5560e+00	 5.0864e+00
249	 6.4000e-03	 8.0000e-04	 7.5429e+00	 5.0140e+00
250	 7.2000e-03	 8.0000e-04	 7.5212e+00	 4.9490e+00
251	 8.0000e-03	 8.0000e-04	 7.4978e+00	 4.8937e+00
252	-8.0000e-03	 1.6000e-03	 7.3710e+00	 6.4972e+00
253	-7.2000e-03	 1.6000e-03	 7.4081e+00	 6.4114e+00
254	-6.4000e-03	 1.6000e-03	 7.4400e+00	 6.3256e+00
255	-5.6000e-03	 1.6000e-03	 7.4604e+00	 6.2267e+00
256	-4.8000e-03	 1.6000e-03	 7.4696e+00	 6.1057e+00
257	-4.0000e-03	 1.6000e-03	 7.4798e+00	 6.0235e+00
258	-3.2000e-03	 1.6000e-03	 7.4827e+00	 5.9266e+00
259	-2.4000e-03	 1.6000e-03	 7.4834e+00	 5.8089e+00
260	-1.6000e-03	 1.6000e-03	 7.4876e+00	 5.7254e+00
261	-8.0000e-04	 1.6000e-03	 7.4738e+00	 5.6360e+00
262	 0.0000e+00	 1.6000e-03	 7.4666e+00	 5.5712e+00
263	 8.0000e-04	 1.6000e-03	 7.4758e+00	 5.5038e+00
264	 1.6000e-03	 1.6000e-03	 7.4863e+00	 5.4233e+00
265	 2.4000e-03	 1.6000e-03	 7.4919e+00	 5.3694e+00
266	 3.2000e-03	 1.6000e-03	 7.5136e+00	 5.3174e+00
267	 4.0000e-03	 1.6000e-03	 7.5324e+00	 5.2639e+00
268	 4.8000e-03	 1.6000e-03	 7.5406e+00	 5.2016e+00
269	 5.6000e-03	 1.6000e-03	 7.5406e+00	 5.1426e+00
270	 6.4000e-03	 1.6000e-03	 7.5294e+00	 5.0548e+00
271	 7.2000e-03	 1.6000e-03	 7.5209e+00	 4.9812e+00
272	 8.0000e-03	 1.6000e-03	 7.4880e+00	 4.8924e+00
273	-8.0000e-03	 2.4000e-03	 7.3374e+00	 6.4653e+00
274	-7.2000e-03	 2.4000e-03	 7.3670e+00	 6.3976e+00
275	-6.4000e-03	 2.4000e-03	 7.3903e+00	 6.3306e+00
276	-5.6000e-03	 2.4000e-03	 7.4180e+00	 6.2448e+00
277	-4.8000e-03	 2.4000e-03	 7.4285e+00	 6.1314e+00
278	-4.0000e-03	 2.4000e-03	 7.4406e+00	 6.0406e+00
279	-3.2000e-03	 2.4000e-03	 7.4420e+00	 5.9466e+00
280	-2.4000e-03	 2.4000e-03	 7.4469e+00	 5.8641e+00
281	-1.6000e-03	 2.4000e-03	 7.4318e+00	 5.7730e+00
282	-8.0000e-04	 2.4000e-03	 7.4377e+00	 5.7037e+00
283	 0.0000e+00	 2.4000e-03	 7.4459e+00	 5.6317e+00
284	 8.0000e-04	 2.4000e-03	 7.4492e+00	 5.5571e+00
285	 1.6000e-03	 2.4000e-03	 7.4643e+00	 5.5015e+00
286	 2.4000e-03	 2.4000e-03	 7.4689e+00	 5.4272e+00
287	 3.2000e-03	 2.4000e-03	 7.4995e+00	 5.3622e+00
288	 4.0000e-03	 2.4000e-03	 7.5143e+00	 5.3112e+00
289	 4.8000e-03	 2.4000e-03	 7.5241e+00	 5.2649e+00
290	 5.6000e-03	 2.4000e-03	 7.5238e+00	 5.1823e+00
291	 6.4000e-03	 2.4000e-03	 7.5199e+00	 5.1031e+00
292	 7.2000e-03	 2.4000e-03	 7.5034e+00	 5.0081e+00
293	 8.0000e-03	 2.4000e-03	 7.4702e+00	 4.9444e+00
294	-8.0000e-03	 3.2000e-03	 7.2904e+00	 6.4798e+00
295	-7.2000e-03	 3.2000e-03	 7.3302e+00	 6.4029e+00
296	-6.4000e-03	 3.2000e-03	 7.3499e+00	 6.3332e+00
297	-5.6000e-03	 3.2000e-03	 7.3723e+00	 6.2546e+00
298	-4.8000e-03	 3.2000e-03	 7.3831e+00	 6.1547e+00
299	-4.0000e-03	 3.2000e-03	 7.3854e+00	 6.0883e+00
300	-3.2000e-03	 3.2000e-03	 7.3943e+00	 5.9884e+00
301	-2.4000e-03	 3.2000e-03	 7.3966e+00	 5.9072e+00
302	-1.6000e-03	 3.2000e-03	 7.3966e+00	 5.8118e+00
303	-8.0000e-04	 3.2000e-03	 7.4028e+00	 5.7297e+00
304	 0.0000e+00	 3.2000e-03	 7.4078e+00	 5.6833e+00
305	 8.0000e-04	 3.2000e-03	 7.4222e+00	 5.6153e+00
306	 1.6000e-03	 3.2000e-03	 7.4357e+00	 5.5403e+00
307	 2.4000e-03	 3.2000e-03	 7.4567e+00	 5.4762e+00
308	 3.2000e-03	 3.2000e-03	 7.4768e+00	 5.4269e+00
309	 4.0000e-03	 3.2000e-03	 7.4995e+00	 5.3773e+00
310	 4.8000e-03	 3.2000e-03	 7.5061e+00	 5.3181e+00
311	 5.6000e-03	 3.2000e-03	 7.5090e+00	 5.2415e+00
312	 6.4000e-03	 3.2000e-03	 7.5028e+00	 5.1656e+00
313	 7.2000e-03	 3.2000e-03	 7.4847e+00	 5.0831e+00
314	 8.0000e-03	 3.2000e-03	 7.4535e+00	 4.9749e+00
315	-8.0000e-03	 4.0000e-03	 7.2421e+00	 6.4929e+00
316	-7.2000e-03	 4.0000e-03	 7.2763e+00	 6.4177e+00
317	-6.4000e-03	 4.0000e-03	 7.3138e+00	 6.3361e+00
318	-5.6000e-03	 4.0000e-03	 7.3239e+00	 6.2829e+00
319	-4.8000e-03	 4.0000e-03	 7.3358e+00	 6.2017e+00
320	-4.0000e-03	 4.0000e-03	 7.3358e+00	 6.1373e+00
321	-3.2000e-03	 4.0000e-03	 7.3483e+00	 6.0469e+00
322	-2.4000e-03	 4.0000e-03	 7.3591e+00	 5.9499e+00
323	-1.6000e-03	 4.0000e-03	 7.3575e+00	 5.8861e+00
324	-8.0000e-04	 4.0000e-03	 7.3687e+00	 5.8122e+00
325	 0.0000e+00	 4.0000e-03	 7.3726e+00	 5.7504e+00
326	 8.0000e-04	 4.0000e-03	 7.3894e+00	 5.6859e+00
327	 1.6000e-03	 4.0000e-03	 7.4058e+00	 5.6212e+00
328	 2.4000e-03	 4.0000e-03	 7.4298e+00	 5.5568e+00
329	 3.2000e-03	 4.0000e-03	 7.4492e+00	 5.4881e+00
330	 4.0000e-03	 4.0000e-03	 7.4735e+00	 5.4555e+00
331	 4.8000e-03	 4.0000e-03	 7.4791e+00	 5.3861e+00
332	 5.6000e-03	 4.0000e-03	 7.4850e+00	 5.2987e+00
333	 6.4000e-03	 4.0000e-03	 7.4722e+00	 5.2096e+00
334	 7.2000e-03	 4.0000e-03	 7.4541e+00	 5.1133e+00
335	 8.0000e-03	 4.0000e-03	 7.4265e+00	 5.0509e+00
336	-8.0000e-03	 4.8000e-03	 7.1931e+00	 6.4735e+00
337	-7.2000e-03	 4.8000e-03	 7.2224e+00	 6.4410e+00
338	-6.4000e-03	 4.8000e-03	 7.2641e+00	 6.3529e+00
339	-5.6000e-03	 4.8000e-03	 7.2783e+00	 6.3269e+00
340	-4.8000e-03	 4.8000e-03	 7.2901e+00	 6.2217e+00
341	-4.0000e-03	 4.8000e-03	 7.2898e+00	 6.1672e+00
342	-3.2000e-03	 4.8000e-03	 7.3082e+00	 6.0850e+00
343	-2.4000e-03	 4.8000e-03	 7.3111e+00	 6.0084e+00
344	-1.6000e-03	 4.8000e-03	 7.3279e+00	 5.9256e+00
345	-8.0000e-04	 4.8000e-03	 7.3401e+00	 5.8556e+00
346	 0.0000e+00	 4.8000e-03	 7.3522e+00	 5.7895e+00
347	 8.0000e-04	 4.8000e-03	 7.3627e+00	 5.7172e+00
348	 1.6000e-03	 4.8000e-03	 7.3808e+00	 5.6646e+00
349	 2.4000e-03	 4.8000e-03	 7.4048e+00	 5.6028e+00
350	 3.2000e-03	 4.8000e-03	 7.4249e+00	 5.5551e+00
351	 4.0000e-03	 4.8000e-03	 7.4436e+00	 5.4858e+00
352	 4.8000e-03	 4.8000e-03	 7.4564e+00	 5.4184e+00
353	 5.6000e-03	 4.8000e-03	 7.4551e+00	 5.3414e+00
354	 6.4000e-03	 4.8000e-03	 7.4416e+00	 5.2418e+00
355	 7.2000e-03	 4.8000e-03	 7.4291e+00	 5.1649e+00
356	 8.0000e-03	 4.8000e-03	 7.3966e+00	 5.1051e+00
357	-8.0000e-03	 5.6000e-03	 7.1438e+00	 6.4785e+00
358	-7.2000e-03	 5.6000e-03	 7.1731e+00	 6.4410e+00
359	-6.4000e-03	 5.6000e-03	 7.2017e+00	 6.3736e+00
360	-5.6000e-03	 5.6000e-03	 7.2257e+00	 6.3200e+00
361	-4.8000e-03	 5.6000e-03	 7.2464e+00	 6.2681e+00
362	-4.0000e-03	 5.6000e-03	 7.2543e+00	 6.2017e+00
363	-3.2000e-03	 5.6000e-03	 7.2659e+00	 6.1238e+00
364	-2.4000e-03	 5.6000e-03	 7.2760e+00	 6.0551e+00
365	-1.6000e-03	 5.6000e-03	 7.2911e+00	 5.9739e+00
366	-8.0000e-04	 5.6000e-03	 7.3023e+00	 5.8937e+00
367	 0.0000e+00	 5.6000e-03	 7.3226e+00	 5.8302e+00
368	 8.0000e-04	 5.6000e-03	 7.3374e+00	 5.7938e+00
369	 1.6000e-03	 5.6000e-03	 7.3594e+00	 5.7247e+00
370	 2.4000e-03	 5.6000e-03	 7.3739e+00	 5.6636e+00
371	 3.2000e-03	 5.6000e-03	 7.4022e+00	 5.6110e+00
372	 4.0000e-03	 5.6000e-03	 7.4104e+00	 5.5492e+00
373	 4.8000e-03	 5.6000e-03	 7.4262e+00	 5.4854e+00
374	 5.6000e-03	 5.6000e-03	 7.4222e+00	 5.3911e+00
375	 6.4000e-03	 5.6000e-03	 7.4157e+00	 5.2964e+00
376	 7.2000e-03	 5.6000e-03	 7.3933e+00	 5.2221e+00
377	 8.0000e-03	 5.6000e-03	 7.3657e+00	 5.1485e+00
378	-8.0000e-03	 6.4000e-03	 7.0767e+00	 6.4808e+00
379	-7.2000e-03	 6.4000e-03	 7.1251e+00	 6.4351e+00
380	-6.4000e-03	 6.4000e-03	 7.1566e+00	 6.3950e+00
381	-5.6000e-03	 6.4000e-03	 7.1754e+00	 6.3434e+00
382	-4.8000e-03	 6.4000e-03	 7.1928e+00	 6.2724e+00
383	-4.0000e-03	 6.4000e-03	 7.2115e+00	 6.1902e+00
384	-3.2000e-03	 6.4000e-03	 7.2237e+00	 6.1484e+00
385	-2.4000e-03	 6.4000e-03	 7.2418e+00	 6.0725e+00
386	-1.6000e-03	 6.4000e-03	 7.2612e+00	 6.0005e+00
387	-8.0000e-04	 6.4000e-03	 7.2677e+00	 5.9321e+00
388	 0.0000e+00	 6.4000e-03	 7.2812e+00	 5.8769e+00
389	 8.0000e-04	 6.4000e-03	 7.3098e+00	 5.8260e+00
390	 1.6000e-03	 6.4000e-03	 7.3223e+00	 5.7622e+00
391	 2.4000e-03	 6.4000e-03	 7.3368e+00	 5.6974e+00
392	 3.2000e-03	 6.4000e-03	 7.3670e+00	 5.6557e+00
393	 4.0000e-03	 6.4000e-03	 7.3808e+00	 5.5995e+00
394	 4.8000e-03	 6.4000e-03	 7.3841e+00	 5.5222e+00
395	 5.6000e-03	 6.4000e-03	 7.3871e+00	 5.4397e+00
396	 6.4000e-03	 6.4000e-03	 7.3795e+00	 5.3546e+00
397	 7.2000e-03	 6.4000e-03	 7.3687e+00	 5.2961e+00
398	 8.0000e-03	 6.4000e-03	 7.3450e+00	 5.2050e+00
399	-8.0000e-03	 7.2000e-03	 7.0225e+00	 6.5311e+00
400	-7.2000e-03	 7.2000e-03	 7.0679e+00	 6.4666e+00
401	-6.4000e-03	 7.2000e-03	 7.0948e+00	 6.4170e+00
402	-5.6000e-03	 7.2000e-03	 7.1280e+00	 6.3697e+00
403	-4.8000e-03	 7.2000e-03	 7.1468e+00	 6.2747e+00
404	-4.0000e-03	 7.2000e-03	 7.1709e+00	 6.2290e+00
405	-3.2000e-03	 7.2000e-03	 7.1925e+00	 6.1619e+00
406	-2.4000e-03	 7.2000e-03	 7.1938e+00	 6.0870e+00
407	-1.6000e-03	 7.2000e-03	 7.2138e+00	 6.0308e+00
408	-8.0000e-04	 7.2000e-03	 7.2266e+00	 5.9726e+00
409	 0.0000e+00	 7.2000e-03	 7.2474e+00	 5.9174e+00
410	 8.0000e-04	 7.2000e-03	 7.2658e+00	 5.8733e+00
411	 1.6000e-03	 7.2000e-03	 7.2848e+00	 5.8276e+00
412	 2.4000e-03	 7.2000e-03	 7.3019e+00	 5.7546e+00
413	 3.2000e-03	 7.2000e-03	 7.3239e+00	 5.7228e+00
414	 4.0000e-03	 7.2000e-03	 7.3460e+00	 5.6656e+00
415	 4.8000e-03	 7.2000e-03	 7.3476e+00	 5.5663e+00
416	 5.6000e-03	 7.2000e-03	 7.3522e+00	 5.5005e+00
417	 6.4000e-03	 7.2000e-03	 7.3479e+00	 5.4101e+00
418	 7.2000e-03	 7.2000e-03	 7.3447e+00	 5.3316e+00
419	 8.0000e-03	 7.2000e-03	 7.3115e+00	 5.2464e+00
420	-8.0000e-03	 8.0000e-03	 6.9831e+00	 6.5265e+00
421	-7.2000e-03	 8.0000e-03	 7.0205e+00	 6.4637e+00
422	-6.4000e-03	 8.0000e-03	 7.0580e+00	 6.3947e+00
423	-5.6000e-03	 8.0000e-03	 7.0744e+00	 6.3503e+00
424	-4.8000e-03	 8.0000e-03	 7.0968e+00	 6.2763e+00
425	-4.0000e-03	 8.0000e-03	 7.1215e+00	 6.2303e+00
426	-3.2000e-03	 8.0000e-03	 7.1491e+00	 6.1629e+00
427	-2.4000e-03	 8.0000e-03	 7.1632e+00	 6.1074e+00
428	-1.6000e-03	 8.0000e-03	 7.1829e+00	 6.0331e+00
429	-8.0000e-04	 8.0000e-03	 7.1957e+00	 6.0041e+00
430	 0.0000e+00	 8.0000e-03	 7.2135e+00	 5.9676e+00
431	 8.0000e-04	 8.0000e-03	 7.2319e+00	 5.9229e+00
432	 1.6000e-03	 8.0000e-03	 7.2470e+00	 5.8513e+00
433	 2.4000e-03	 8.0000e-03	 7.2697e+00	 5.8020e+00
434	 3.2000e-03	 8.0000e-03	 7.3042e+00	 5.7497e+00
435	 4.0000e-03	 8.0000e-03	 7.3210e+00	 5.7047e+00
436	 4.8000e-03	 8.0000e-03	 7.3262e+00	 5.6110e+00
437	 5.6000e-03	 8.0000e-03	 7.3276e+00	 5.5216e+00
438	 6.4000e-03	 8.0000e-03	 7.3332e+00	 5.4473e+00
439	 7.2000e-03	 8.0000e-03	 7.3006e+00	 5.3556e+00
440	 8.0000e-03	 8.0000e-03	 7.2894e+00	 5.2987e+00
