	x (m)	y (m)	Mesure ch1 (V)	Mesure ch2 (V)
0	-1.2000e-02	-1.2000e-02	 6.8749e+00	 7.2733e+00
1	-1.1200e-02	-1.2000e-02	 6.8992e+00	 7.2171e+00
2	-1.0400e-02	-1.2000e-02	 6.9153e+00	 7.2079e+00
3	-9.6000e-03	-1.2000e-02	 6.9308e+00	 7.1731e+00
4	-8.8000e-03	-1.2000e-02	 6.9446e+00	 7.1566e+00
5	-8.0000e-03	-1.2000e-02	 6.9433e+00	 7.0907e+00
6	-7.2000e-03	-1.2000e-02	 6.9430e+00	 7.0491e+00
7	-6.4000e-03	-1.2000e-02	 6.9545e+00	 7.0196e+00
8	-5.6000e-03	-1.2000e-02	 6.9531e+00	 6.9571e+00
9	-4.8000e-03	-1.2000e-02	 6.9311e+00	 6.8940e+00
10	-4.0000e-03	-1.2000e-02	 6.9239e+00	 6.8519e+00
11	-3.2000e-03	-1.2000e-02	 6.9104e+00	 6.7940e+00
12	-2.4000e-03	-1.2000e-02	 6.9104e+00	 6.6757e+00
13	-1.6000e-03	-1.2000e-02	 6.9111e+00	 6.6087e+00
14	-8.0000e-04	-1.2000e-02	 6.8917e+00	 6.5465e+00
15	 0.0000e+00	-1.2000e-02	 6.8844e+00	 6.4650e+00
16	 8.0000e-04	-1.2000e-02	 6.8785e+00	 6.3785e+00
17	 1.6000e-03	-1.2000e-02	 6.8756e+00	 6.3552e+00
18	 2.4000e-03	-1.2000e-02	 6.8861e+00	 6.2878e+00
19	 3.2000e-03	-1.2000e-02	 6.8558e+00	 6.2250e+00
20	 4.0000e-03	-1.2000e-02	 6.8397e+00	 6.1747e+00
21	 4.8000e-03	-1.2000e-02	 6.8332e+00	 6.1212e+00
22	 5.6000e-03	-1.2000e-02	 6.8305e+00	 6.0705e+00
23	 6.4000e-03	-1.2000e-02	 6.8197e+00	 6.0206e+00
24	 7.2000e-03	-1.2000e-02	 6.8092e+00	 5.9864e+00
25	 8.0000e-03	-1.2000e-02	 6.8016e+00	 5.9387e+00
26	 8.8000e-03	-1.2000e-02	 6.7970e+00	 5.8993e+00
27	 9.6000e-03	-1.2000e-02	 6.7881e+00	 5.8598e+00
28	 1.0400e-02	-1.2000e-02	 6.7927e+00	 5.7602e+00
29	 1.1200e-02	-1.2000e-02	 6.7520e+00	 5.7290e+00
30	 1.2000e-02	-1.2000e-02	 6.7378e+00	 5.6787e+00
31	-1.2000e-02	-1.1200e-02	 6.9288e+00	 7.2973e+00
32	-1.1200e-02	-1.1200e-02	 6.9482e+00	 7.2773e+00
33	-1.0400e-02	-1.1200e-02	 6.9804e+00	 7.2178e+00
34	-9.6000e-03	-1.1200e-02	 6.9768e+00	 7.1579e+00
35	-8.8000e-03	-1.1200e-02	 6.9910e+00	 7.1402e+00
36	-8.0000e-03	-1.1200e-02	 7.0051e+00	 7.0787e+00
37	-7.2000e-03	-1.1200e-02	 7.0041e+00	 7.0067e+00
38	-6.4000e-03	-1.1200e-02	 6.9942e+00	 6.9785e+00
39	-5.6000e-03	-1.1200e-02	 6.9822e+00	 6.9127e+00
40	-4.8000e-03	-1.1200e-02	 6.9686e+00	 6.8397e+00
41	-4.0000e-03	-1.1200e-02	 6.9558e+00	 6.7645e+00
42	-3.2000e-03	-1.1200e-02	 6.9591e+00	 6.7060e+00
43	-2.4000e-03	-1.1200e-02	 6.9528e+00	 6.6494e+00
44	-1.6000e-03	-1.1200e-02	 6.9341e+00	 6.5416e+00
45	-8.0000e-04	-1.1200e-02	 6.9459e+00	 6.4824e+00
46	 0.0000e+00	-1.1200e-02	 6.9338e+00	 6.4094e+00
47	 8.0000e-04	-1.1200e-02	 6.9282e+00	 6.3457e+00
48	 1.6000e-03	-1.1200e-02	 6.9292e+00	 6.3001e+00
49	 2.4000e-03	-1.1200e-02	 6.9147e+00	 6.2372e+00
50	 3.2000e-03	-1.1200e-02	 6.9176e+00	 6.1899e+00
51	 4.0000e-03	-1.1200e-02	 6.9068e+00	 6.1553e+00
52	 4.8000e-03	-1.1200e-02	 6.8884e+00	 6.0673e+00
53	 5.6000e-03	-1.1200e-02	 6.8739e+00	 6.0081e+00
54	 6.4000e-03	-1.1200e-02	 6.8549e+00	 6.0068e+00
55	 7.2000e-03	-1.1200e-02	 6.8489e+00	 5.9706e+00
56	 8.0000e-03	-1.1200e-02	 6.8509e+00	 5.9312e+00
57	 8.8000e-03	-1.1200e-02	 6.8312e+00	 5.8999e+00
58	 9.6000e-03	-1.1200e-02	 6.8483e+00	 5.8371e+00
59	 1.0400e-02	-1.1200e-02	 6.8246e+00	 5.7658e+00
60	 1.1200e-02	-1.1200e-02	 6.8141e+00	 5.7116e+00
61	 1.2000e-02	-1.1200e-02	 6.7914e+00	 5.6396e+00
62	-1.2000e-02	-1.0400e-02	 6.9798e+00	 7.2999e+00
63	-1.1200e-02	-1.0400e-02	 7.0048e+00	 7.2786e+00
64	-1.0400e-02	-1.0400e-02	 7.0136e+00	 7.2174e+00
65	-9.6000e-03	-1.0400e-02	 7.0278e+00	 7.2020e+00
66	-8.8000e-03	-1.0400e-02	 7.0343e+00	 7.1418e+00
67	-8.0000e-03	-1.0400e-02	 7.0439e+00	 7.0666e+00
68	-7.2000e-03	-1.0400e-02	 7.0406e+00	 6.9781e+00
69	-6.4000e-03	-1.0400e-02	 7.0370e+00	 6.9275e+00
70	-5.6000e-03	-1.0400e-02	 7.0219e+00	 6.8453e+00
71	-4.8000e-03	-1.0400e-02	 7.0163e+00	 6.7579e+00
72	-4.0000e-03	-1.0400e-02	 7.0041e+00	 6.7060e+00
73	-3.2000e-03	-1.0400e-02	 6.9910e+00	 6.6156e+00
74	-2.4000e-03	-1.0400e-02	 6.9906e+00	 6.5363e+00
75	-1.6000e-03	-1.0400e-02	 6.9890e+00	 6.4732e+00
76	-8.0000e-04	-1.0400e-02	 6.9673e+00	 6.4088e+00
77	 0.0000e+00	-1.0400e-02	 6.9722e+00	 6.3585e+00
78	 8.0000e-04	-1.0400e-02	 6.9811e+00	 6.2960e+00
79	 1.6000e-03	-1.0400e-02	 6.9834e+00	 6.2563e+00
80	 2.4000e-03	-1.0400e-02	 6.9673e+00	 6.1928e+00
81	 3.2000e-03	-1.0400e-02	 6.9630e+00	 6.1294e+00
82	 4.0000e-03	-1.0400e-02	 6.9489e+00	 6.0827e+00
83	 4.8000e-03	-1.0400e-02	 6.9393e+00	 6.0423e+00
84	 5.6000e-03	-1.0400e-02	 6.9186e+00	 5.9953e+00
85	 6.4000e-03	-1.0400e-02	 6.9084e+00	 5.9535e+00
86	 7.2000e-03	-1.0400e-02	 6.8920e+00	 5.8986e+00
87	 8.0000e-03	-1.0400e-02	 6.8927e+00	 5.9026e+00
88	 8.8000e-03	-1.0400e-02	 6.8815e+00	 5.8723e+00
89	 9.6000e-03	-1.0400e-02	 6.8825e+00	 5.8470e+00
90	 1.0400e-02	-1.0400e-02	 6.8729e+00	 5.7671e+00
91	 1.1200e-02	-1.0400e-02	 6.8713e+00	 5.7109e+00
92	 1.2000e-02	-1.0400e-02	 6.8437e+00	 5.6718e+00
93	-1.2000e-02	-9.6000e-03	 7.0363e+00	 7.3230e+00
94	-1.1200e-02	-9.6000e-03	 7.0518e+00	 7.2470e+00
95	-1.0400e-02	-9.6000e-03	 7.0583e+00	 7.2013e+00
96	-9.6000e-03	-9.6000e-03	 7.0728e+00	 7.1504e+00
97	-8.8000e-03	-9.6000e-03	 7.0731e+00	 7.0774e+00
98	-8.0000e-03	-9.6000e-03	 7.0843e+00	 7.0330e+00
99	-7.2000e-03	-9.6000e-03	 7.0810e+00	 6.9377e+00
100	-6.4000e-03	-9.6000e-03	 7.0810e+00	 6.8670e+00
101	-5.6000e-03	-9.6000e-03	 7.0652e+00	 6.7796e+00
102	-4.8000e-03	-9.6000e-03	 7.0560e+00	 6.6941e+00
103	-4.0000e-03	-9.6000e-03	 7.0501e+00	 6.6146e+00
104	-3.2000e-03	-9.6000e-03	 7.0432e+00	 6.5199e+00
105	-2.4000e-03	-9.6000e-03	 7.0419e+00	 6.4463e+00
106	-1.6000e-03	-9.6000e-03	 7.0288e+00	 6.3822e+00
107	-8.0000e-04	-9.6000e-03	 7.0232e+00	 6.3450e+00
108	 0.0000e+00	-9.6000e-03	 7.0360e+00	 6.3003e+00
109	 8.0000e-04	-9.6000e-03	 7.0281e+00	 6.2526e+00
110	 1.6000e-03	-9.6000e-03	 7.0376e+00	 6.1958e+00
111	 2.4000e-03	-9.6000e-03	 7.0235e+00	 6.1741e+00
112	 3.2000e-03	-9.6000e-03	 7.0215e+00	 6.1067e+00
113	 4.0000e-03	-9.6000e-03	 6.9975e+00	 6.0265e+00
114	 4.8000e-03	-9.6000e-03	 6.9939e+00	 5.9742e+00
115	 5.6000e-03	-9.6000e-03	 6.9771e+00	 5.9233e+00
116	 6.4000e-03	-9.6000e-03	 6.9545e+00	 5.8894e+00
117	 7.2000e-03	-9.6000e-03	 6.9324e+00	 5.8680e+00
118	 8.0000e-03	-9.6000e-03	 6.9315e+00	 5.8503e+00
119	 8.8000e-03	-9.6000e-03	 6.9219e+00	 5.8312e+00
120	 9.6000e-03	-9.6000e-03	 6.9341e+00	 5.8023e+00
121	 1.0400e-02	-9.6000e-03	 6.9213e+00	 5.7612e+00
122	 1.1200e-02	-9.6000e-03	 6.9071e+00	 5.7139e+00
123	 1.2000e-02	-9.6000e-03	 6.9019e+00	 5.6490e+00
124	-1.2000e-02	-8.8000e-03	 7.0715e+00	 7.2990e+00
125	-1.1200e-02	-8.8000e-03	 7.0965e+00	 7.2174e+00
126	-1.0400e-02	-8.8000e-03	 7.1109e+00	 7.1925e+00
127	-9.6000e-03	-8.8000e-03	 7.1169e+00	 7.1247e+00
128	-8.8000e-03	-8.8000e-03	 7.1205e+00	 7.0675e+00
129	-8.0000e-03	-8.8000e-03	 7.1247e+00	 6.9555e+00
130	-7.2000e-03	-8.8000e-03	 7.1162e+00	 6.8867e+00
131	-6.4000e-03	-8.8000e-03	 7.1149e+00	 6.7779e+00
132	-5.6000e-03	-8.8000e-03	 7.1123e+00	 6.6931e+00
133	-4.8000e-03	-8.8000e-03	 7.1090e+00	 6.6096e+00
134	-4.0000e-03	-8.8000e-03	 7.0981e+00	 6.5061e+00
135	-3.2000e-03	-8.8000e-03	 7.0945e+00	 6.4140e+00
136	-2.4000e-03	-8.8000e-03	 7.1040e+00	 6.3296e+00
137	-1.6000e-03	-8.8000e-03	 7.0876e+00	 6.2668e+00
138	-8.0000e-04	-8.8000e-03	 7.0883e+00	 6.2444e+00
139	 0.0000e+00	-8.8000e-03	 7.0942e+00	 6.1839e+00
140	 8.0000e-04	-8.8000e-03	 7.0909e+00	 6.1747e+00
141	 1.6000e-03	-8.8000e-03	 7.0906e+00	 6.1455e+00
142	 2.4000e-03	-8.8000e-03	 7.0922e+00	 6.1149e+00
143	 3.2000e-03	-8.8000e-03	 7.0827e+00	 6.0475e+00
144	 4.0000e-03	-8.8000e-03	 7.0738e+00	 5.9755e+00
145	 4.8000e-03	-8.8000e-03	 7.0514e+00	 5.9381e+00
146	 5.6000e-03	-8.8000e-03	 7.0370e+00	 5.9006e+00
147	 6.4000e-03	-8.8000e-03	 7.0192e+00	 5.8460e+00
148	 7.2000e-03	-8.8000e-03	 6.9939e+00	 5.8148e+00
149	 8.0000e-03	-8.8000e-03	 6.9847e+00	 5.7980e+00
150	 8.8000e-03	-8.8000e-03	 6.9647e+00	 5.8059e+00
151	 9.6000e-03	-8.8000e-03	 6.9630e+00	 5.7612e+00
152	 1.0400e-02	-8.8000e-03	 6.9495e+00	 5.7188e+00
153	 1.1200e-02	-8.8000e-03	 6.9499e+00	 5.7034e+00
154	 1.2000e-02	-8.8000e-03	 6.9203e+00	 5.6366e+00
155	-1.2000e-02	-8.0000e-03	 7.1280e+00	 7.2667e+00
156	-1.1200e-02	-8.0000e-03	 7.1399e+00	 7.1948e+00
157	-1.0400e-02	-8.0000e-03	 7.1520e+00	 7.1428e+00
158	-9.6000e-03	-8.0000e-03	 7.1537e+00	 7.1017e+00
159	-8.8000e-03	-8.0000e-03	 7.1606e+00	 7.0084e+00
160	-8.0000e-03	-8.0000e-03	 7.1635e+00	 6.9265e+00
161	-7.2000e-03	-8.0000e-03	 7.1632e+00	 6.8371e+00
162	-6.4000e-03	-8.0000e-03	 7.1550e+00	 6.7204e+00
163	-5.6000e-03	-8.0000e-03	 7.1724e+00	 6.6336e+00
164	-4.8000e-03	-8.0000e-03	 7.1556e+00	 6.4966e+00
165	-4.0000e-03	-8.0000e-03	 7.1547e+00	 6.4164e+00
166	-3.2000e-03	-8.0000e-03	 7.1573e+00	 6.3296e+00
167	-2.4000e-03	-8.0000e-03	 7.1593e+00	 6.2648e+00
168	-1.6000e-03	-8.0000e-03	 7.1547e+00	 6.1945e+00
169	-8.0000e-04	-8.0000e-03	 7.1540e+00	 6.1547e+00
170	 0.0000e+00	-8.0000e-03	 7.1524e+00	 6.1438e+00
171	 8.0000e-04	-8.0000e-03	 7.1609e+00	 6.1077e+00
172	 1.6000e-03	-8.0000e-03	 7.1688e+00	 6.0860e+00
173	 2.4000e-03	-8.0000e-03	 7.1517e+00	 6.0521e+00
174	 3.2000e-03	-8.0000e-03	 7.1524e+00	 5.9877e+00
175	 4.0000e-03	-8.0000e-03	 7.1376e+00	 5.9252e+00
176	 4.8000e-03	-8.0000e-03	 7.1182e+00	 5.8976e+00
177	 5.6000e-03	-8.0000e-03	 7.1024e+00	 5.8187e+00
178	 6.4000e-03	-8.0000e-03	 7.0731e+00	 5.7809e+00
179	 7.2000e-03	-8.0000e-03	 7.0419e+00	 5.7569e+00
180	 8.0000e-03	-8.0000e-03	 7.0248e+00	 5.7362e+00
181	 8.8000e-03	-8.0000e-03	 7.0117e+00	 5.7425e+00
182	 9.6000e-03	-8.0000e-03	 6.9969e+00	 5.7283e+00
183	 1.0400e-02	-8.0000e-03	 6.9903e+00	 5.6665e+00
184	 1.1200e-02	-8.0000e-03	 6.9867e+00	 5.6524e+00
185	 1.2000e-02	-8.0000e-03	 6.9643e+00	 5.6317e+00
186	-1.2000e-02	-7.2000e-03	 7.1648e+00	 7.2207e+00
187	-1.1200e-02	-7.2000e-03	 7.1869e+00	 7.1484e+00
188	-1.0400e-02	-7.2000e-03	 7.1925e+00	 7.0945e+00
189	-9.6000e-03	-7.2000e-03	 7.1980e+00	 7.0140e+00
190	-8.8000e-03	-7.2000e-03	 7.1994e+00	 6.9722e+00
191	-8.0000e-03	-7.2000e-03	 7.2063e+00	 6.8700e+00
192	-7.2000e-03	-7.2000e-03	 7.2099e+00	 6.7733e+00
193	-6.4000e-03	-7.2000e-03	 7.2142e+00	 6.6612e+00
194	-5.6000e-03	-7.2000e-03	 7.2142e+00	 6.5508e+00
195	-4.8000e-03	-7.2000e-03	 7.2112e+00	 6.4239e+00
196	-4.0000e-03	-7.2000e-03	 7.2165e+00	 6.3240e+00
197	-3.2000e-03	-7.2000e-03	 7.2194e+00	 6.2323e+00
198	-2.4000e-03	-7.2000e-03	 7.2243e+00	 6.1741e+00
199	-1.6000e-03	-7.2000e-03	 7.2197e+00	 6.1047e+00
200	-8.0000e-04	-7.2000e-03	 7.2230e+00	 6.0945e+00
201	 0.0000e+00	-7.2000e-03	 7.2188e+00	 6.0498e+00
202	 8.0000e-04	-7.2000e-03	 7.2204e+00	 6.0436e+00
203	 1.6000e-03	-7.2000e-03	 7.2171e+00	 6.0298e+00
204	 2.4000e-03	-7.2000e-03	 7.2119e+00	 5.9979e+00
205	 3.2000e-03	-7.2000e-03	 7.1980e+00	 5.9410e+00
206	 4.0000e-03	-7.2000e-03	 7.1902e+00	 5.8901e+00
207	 4.8000e-03	-7.2000e-03	 7.1836e+00	 5.8279e+00
208	 5.6000e-03	-7.2000e-03	 7.1619e+00	 5.7852e+00
209	 6.4000e-03	-7.2000e-03	 7.1303e+00	 5.7178e+00
210	 7.2000e-03	-7.2000e-03	 7.0948e+00	 5.7007e+00
211	 8.0000e-03	-7.2000e-03	 7.0850e+00	 5.6869e+00
212	 8.8000e-03	-7.2000e-03	 7.0662e+00	 5.6882e+00
213	 9.6000e-03	-7.2000e-03	 7.0380e+00	 5.6820e+00
214	 1.0400e-02	-7.2000e-03	 7.0347e+00	 5.6593e+00
215	 1.1200e-02	-7.2000e-03	 7.0077e+00	 5.6593e+00
216	 1.2000e-02	-7.2000e-03	 7.0061e+00	 5.6133e+00
217	-1.2000e-02	-6.4000e-03	 7.1869e+00	 7.1773e+00
218	-1.1200e-02	-6.4000e-03	 7.2178e+00	 7.1563e+00
219	-1.0400e-02	-6.4000e-03	 7.2260e+00	 7.0948e+00
220	-9.6000e-03	-6.4000e-03	 7.2372e+00	 7.0245e+00
221	-8.8000e-03	-6.4000e-03	 7.2444e+00	 6.9374e+00
222	-8.0000e-03	-6.4000e-03	 7.2533e+00	 6.8578e+00
223	-7.2000e-03	-6.4000e-03	 7.2566e+00	 6.7388e+00
224	-6.4000e-03	-6.4000e-03	 7.2631e+00	 6.6119e+00
225	-5.6000e-03	-6.4000e-03	 7.2773e+00	 6.4952e+00
226	-4.8000e-03	-6.4000e-03	 7.2720e+00	 6.3874e+00
227	-4.0000e-03	-6.4000e-03	 7.2796e+00	 6.2857e+00
228	-3.2000e-03	-6.4000e-03	 7.2838e+00	 6.1889e+00
229	-2.4000e-03	-6.4000e-03	 7.2930e+00	 6.1080e+00
230	-1.6000e-03	-6.4000e-03	 7.2861e+00	 6.0459e+00
231	-8.0000e-04	-6.4000e-03	 7.2898e+00	 6.0127e+00
232	 0.0000e+00	-6.4000e-03	 7.2819e+00	 6.0015e+00
233	 8.0000e-04	-6.4000e-03	 7.2783e+00	 5.9795e+00
234	 1.6000e-03	-6.4000e-03	 7.2740e+00	 5.9680e+00
235	 2.4000e-03	-6.4000e-03	 7.2760e+00	 5.9506e+00
236	 3.2000e-03	-6.4000e-03	 7.2707e+00	 5.9098e+00
237	 4.0000e-03	-6.4000e-03	 7.2638e+00	 5.8368e+00
238	 4.8000e-03	-6.4000e-03	 7.2483e+00	 5.7878e+00
239	 5.6000e-03	-6.4000e-03	 7.2237e+00	 5.7306e+00
240	 6.4000e-03	-6.4000e-03	 7.1882e+00	 5.6932e+00
241	 7.2000e-03	-6.4000e-03	 7.1586e+00	 5.6633e+00
242	 8.0000e-03	-6.4000e-03	 7.1385e+00	 5.6508e+00
243	 8.8000e-03	-6.4000e-03	 7.1024e+00	 5.6268e+00
244	 9.6000e-03	-6.4000e-03	 7.0843e+00	 5.6383e+00
245	 1.0400e-02	-6.4000e-03	 7.0708e+00	 5.6192e+00
246	 1.1200e-02	-6.4000e-03	 7.0528e+00	 5.6281e+00
247	 1.2000e-02	-6.4000e-03	 7.0343e+00	 5.5807e+00
248	-1.2000e-02	-5.6000e-03	 7.2335e+00	 7.1645e+00
249	-1.1200e-02	-5.6000e-03	 7.2447e+00	 7.1228e+00
250	-1.0400e-02	-5.6000e-03	 7.2566e+00	 7.0511e+00
251	-9.6000e-03	-5.6000e-03	 7.2704e+00	 6.9788e+00
252	-8.8000e-03	-5.6000e-03	 7.2865e+00	 6.9117e+00
253	-8.0000e-03	-5.6000e-03	 7.2914e+00	 6.8039e+00
254	-7.2000e-03	-5.6000e-03	 7.3029e+00	 6.7227e+00
255	-6.4000e-03	-5.6000e-03	 7.3216e+00	 6.5797e+00
256	-5.6000e-03	-5.6000e-03	 7.3305e+00	 6.4624e+00
257	-4.8000e-03	-5.6000e-03	 7.3338e+00	 6.3332e+00
258	-4.0000e-03	-5.6000e-03	 7.3479e+00	 6.2349e+00
259	-3.2000e-03	-5.6000e-03	 7.3473e+00	 6.1238e+00
260	-2.4000e-03	-5.6000e-03	 7.3545e+00	 6.0370e+00
261	-1.6000e-03	-5.6000e-03	 7.3558e+00	 5.9755e+00
262	-8.0000e-04	-5.6000e-03	 7.3479e+00	 5.9469e+00
263	 0.0000e+00	-5.6000e-03	 7.3483e+00	 5.9174e+00
264	 8.0000e-04	-5.6000e-03	 7.3384e+00	 5.9009e+00
265	 1.6000e-03	-5.6000e-03	 7.3401e+00	 5.9164e+00
266	 2.4000e-03	-5.6000e-03	 7.3358e+00	 5.9111e+00
267	 3.2000e-03	-5.6000e-03	 7.3220e+00	 5.8516e+00
268	 4.0000e-03	-5.6000e-03	 7.3157e+00	 5.8214e+00
269	 4.8000e-03	-5.6000e-03	 7.3062e+00	 5.7507e+00
270	 5.6000e-03	-5.6000e-03	 7.2690e+00	 5.7205e+00
271	 6.4000e-03	-5.6000e-03	 7.2421e+00	 5.6596e+00
272	 7.2000e-03	-5.6000e-03	 7.2132e+00	 5.6379e+00
273	 8.0000e-03	-5.6000e-03	 7.1783e+00	 5.6255e+00
274	 8.8000e-03	-5.6000e-03	 7.1540e+00	 5.6176e+00
275	 9.6000e-03	-5.6000e-03	 7.1303e+00	 5.6011e+00
276	 1.0400e-02	-5.6000e-03	 7.1067e+00	 5.5916e+00
277	 1.1200e-02	-5.6000e-03	 7.0952e+00	 5.5807e+00
278	 1.2000e-02	-5.6000e-03	 7.0689e+00	 5.5886e+00
279	-1.2000e-02	-4.8000e-03	 7.2533e+00	 7.1609e+00
280	-1.1200e-02	-4.8000e-03	 7.2756e+00	 7.1284e+00
281	-1.0400e-02	-4.8000e-03	 7.2930e+00	 7.0679e+00
282	-9.6000e-03	-4.8000e-03	 7.3059e+00	 6.9873e+00
283	-8.8000e-03	-4.8000e-03	 7.3147e+00	 6.9157e+00
284	-8.0000e-03	-4.8000e-03	 7.3266e+00	 6.7977e+00
285	-7.2000e-03	-4.8000e-03	 7.3361e+00	 6.6810e+00
286	-6.4000e-03	-4.8000e-03	 7.3581e+00	 6.5416e+00
287	-5.6000e-03	-4.8000e-03	 7.3864e+00	 6.4295e+00
288	-4.8000e-03	-4.8000e-03	 7.3890e+00	 6.2865e+00
289	-4.0000e-03	-4.8000e-03	 7.3903e+00	 6.1790e+00
290	-3.2000e-03	-4.8000e-03	 7.4048e+00	 6.0778e+00
291	-2.4000e-03	-4.8000e-03	 7.4157e+00	 5.9976e+00
292	-1.6000e-03	-4.8000e-03	 7.4147e+00	 5.9335e+00
293	-8.0000e-04	-4.8000e-03	 7.4081e+00	 5.9055e+00
294	 0.0000e+00	-4.8000e-03	 7.4094e+00	 5.9016e+00
295	 8.0000e-04	-4.8000e-03	 7.3989e+00	 5.8924e+00
296	 1.6000e-03	-4.8000e-03	 7.3956e+00	 5.8911e+00
297	 2.4000e-03	-4.8000e-03	 7.3900e+00	 5.8796e+00
298	 3.2000e-03	-4.8000e-03	 7.3805e+00	 5.8398e+00
299	 4.0000e-03	-4.8000e-03	 7.3713e+00	 5.8076e+00
300	 4.8000e-03	-4.8000e-03	 7.3532e+00	 5.7474e+00
301	 5.6000e-03	-4.8000e-03	 7.3259e+00	 5.7040e+00
302	 6.4000e-03	-4.8000e-03	 7.2958e+00	 5.6590e+00
303	 7.2000e-03	-4.8000e-03	 7.2618e+00	 5.6317e+00
304	 8.0000e-03	-4.8000e-03	 7.2342e+00	 5.6238e+00
305	 8.8000e-03	-4.8000e-03	 7.2040e+00	 5.6084e+00
306	 9.6000e-03	-4.8000e-03	 7.1731e+00	 5.5883e+00
307	 1.0400e-02	-4.8000e-03	 7.1510e+00	 5.5574e+00
308	 1.1200e-02	-4.8000e-03	 7.1234e+00	 5.5765e+00
309	 1.2000e-02	-4.8000e-03	 7.1053e+00	 5.5436e+00
310	-1.2000e-02	-4.0000e-03	 7.2694e+00	 7.1816e+00
311	-1.1200e-02	-4.0000e-03	 7.2990e+00	 7.1099e+00
312	-1.0400e-02	-4.0000e-03	 7.3131e+00	 7.0767e+00
313	-9.6000e-03	-4.0000e-03	 7.3295e+00	 6.9992e+00
314	-8.8000e-03	-4.0000e-03	 7.3535e+00	 6.8914e+00
315	-8.0000e-03	-4.0000e-03	 7.3598e+00	 6.7878e+00
316	-7.2000e-03	-4.0000e-03	 7.3772e+00	 6.6645e+00
317	-6.4000e-03	-4.0000e-03	 7.3992e+00	 6.5156e+00
318	-5.6000e-03	-4.0000e-03	 7.4189e+00	 6.3716e+00
319	-4.8000e-03	-4.0000e-03	 7.4308e+00	 6.2632e+00
320	-4.0000e-03	-4.0000e-03	 7.4446e+00	 6.1221e+00
321	-3.2000e-03	-4.0000e-03	 7.4531e+00	 6.0350e+00
322	-2.4000e-03	-4.0000e-03	 7.4610e+00	 5.9239e+00
323	-1.6000e-03	-4.0000e-03	 7.4610e+00	 5.8832e+00
324	-8.0000e-04	-4.0000e-03	 7.4597e+00	 5.8477e+00
325	 0.0000e+00	-4.0000e-03	 7.4515e+00	 5.8375e+00
326	 8.0000e-04	-4.0000e-03	 7.4548e+00	 5.8408e+00
327	 1.6000e-03	-4.0000e-03	 7.4377e+00	 5.8506e+00
328	 2.4000e-03	-4.0000e-03	 7.4321e+00	 5.8625e+00
329	 3.2000e-03	-4.0000e-03	 7.4295e+00	 5.8099e+00
330	 4.0000e-03	-4.0000e-03	 7.4170e+00	 5.7813e+00
331	 4.8000e-03	-4.0000e-03	 7.3946e+00	 5.7336e+00
332	 5.6000e-03	-4.0000e-03	 7.3644e+00	 5.6429e+00
333	 6.4000e-03	-4.0000e-03	 7.3384e+00	 5.6304e+00
334	 7.2000e-03	-4.0000e-03	 7.2996e+00	 5.6005e+00
335	 8.0000e-03	-4.0000e-03	 7.2707e+00	 5.5870e+00
336	 8.8000e-03	-4.0000e-03	 7.2382e+00	 5.5890e+00
337	 9.6000e-03	-4.0000e-03	 7.2168e+00	 5.5801e+00
338	 1.0400e-02	-4.0000e-03	 7.1925e+00	 5.5522e+00
339	 1.1200e-02	-4.0000e-03	 7.1606e+00	 5.5459e+00
340	 1.2000e-02	-4.0000e-03	 7.1353e+00	 5.5213e+00
341	-1.2000e-02	-3.2000e-03	 7.2950e+00	 7.1698e+00
342	-1.1200e-02	-3.2000e-03	 7.3092e+00	 7.1182e+00
343	-1.0400e-02	-3.2000e-03	 7.3328e+00	 7.0626e+00
344	-9.6000e-03	-3.2000e-03	 7.3558e+00	 6.9725e+00
345	-8.8000e-03	-3.2000e-03	 7.3644e+00	 6.9035e+00
346	-8.0000e-03	-3.2000e-03	 7.3834e+00	 6.7816e+00
347	-7.2000e-03	-3.2000e-03	 7.4015e+00	 6.6280e+00
348	-6.4000e-03	-3.2000e-03	 7.4301e+00	 6.4903e+00
349	-5.6000e-03	-3.2000e-03	 7.4512e+00	 6.3467e+00
350	-4.8000e-03	-3.2000e-03	 7.4594e+00	 6.2162e+00
351	-4.0000e-03	-3.2000e-03	 7.4784e+00	 6.0880e+00
352	-3.2000e-03	-3.2000e-03	 7.4883e+00	 5.9844e+00
353	-2.4000e-03	-3.2000e-03	 7.4952e+00	 5.8996e+00
354	-1.6000e-03	-3.2000e-03	 7.5034e+00	 5.8408e+00
355	-8.0000e-04	-3.2000e-03	 7.5061e+00	 5.8342e+00
356	 0.0000e+00	-3.2000e-03	 7.4975e+00	 5.8099e+00
357	 8.0000e-04	-3.2000e-03	 7.4972e+00	 5.8220e+00
358	 1.6000e-03	-3.2000e-03	 7.4867e+00	 5.8362e+00
359	 2.4000e-03	-3.2000e-03	 7.4784e+00	 5.8194e+00
360	 3.2000e-03	-3.2000e-03	 7.4725e+00	 5.7872e+00
361	 4.0000e-03	-3.2000e-03	 7.4567e+00	 5.7615e+00
362	 4.8000e-03	-3.2000e-03	 7.4397e+00	 5.7218e+00
363	 5.6000e-03	-3.2000e-03	 7.4022e+00	 5.6669e+00
364	 6.4000e-03	-3.2000e-03	 7.3759e+00	 5.6130e+00
365	 7.2000e-03	-3.2000e-03	 7.3345e+00	 5.5906e+00
366	 8.0000e-03	-3.2000e-03	 7.3082e+00	 5.5847e+00
367	 8.8000e-03	-3.2000e-03	 7.2789e+00	 5.5683e+00
368	 9.6000e-03	-3.2000e-03	 7.2506e+00	 5.5561e+00
369	 1.0400e-02	-3.2000e-03	 7.2220e+00	 5.5301e+00
370	 1.1200e-02	-3.2000e-03	 7.1977e+00	 5.4992e+00
371	 1.2000e-02	-3.2000e-03	 7.1576e+00	 5.4848e+00
372	-1.2000e-02	-2.4000e-03	 7.3042e+00	 7.1681e+00
373	-1.1200e-02	-2.4000e-03	 7.3348e+00	 7.1146e+00
374	-1.0400e-02	-2.4000e-03	 7.3460e+00	 7.0685e+00
375	-9.6000e-03	-2.4000e-03	 7.3667e+00	 6.9758e+00
376	-8.8000e-03	-2.4000e-03	 7.3907e+00	 6.8831e+00
377	-8.0000e-03	-2.4000e-03	 7.4081e+00	 6.7464e+00
378	-7.2000e-03	-2.4000e-03	 7.4314e+00	 6.6241e+00
379	-6.4000e-03	-2.4000e-03	 7.4508e+00	 6.4578e+00
380	-5.6000e-03	-2.4000e-03	 7.4752e+00	 6.3141e+00
381	-4.8000e-03	-2.4000e-03	 7.4913e+00	 6.1876e+00
382	-4.0000e-03	-2.4000e-03	 7.5084e+00	 6.0673e+00
383	-3.2000e-03	-2.4000e-03	 7.5215e+00	 5.9752e+00
384	-2.4000e-03	-2.4000e-03	 7.5297e+00	 5.8779e+00
385	-1.6000e-03	-2.4000e-03	 7.5356e+00	 5.8243e+00
386	-8.0000e-04	-2.4000e-03	 7.5337e+00	 5.7763e+00
387	 0.0000e+00	-2.4000e-03	 7.5376e+00	 5.7740e+00
388	 8.0000e-04	-2.4000e-03	 7.5350e+00	 5.7898e+00
389	 1.6000e-03	-2.4000e-03	 7.5274e+00	 5.8039e+00
390	 2.4000e-03	-2.4000e-03	 7.5245e+00	 5.7921e+00
391	 3.2000e-03	-2.4000e-03	 7.5136e+00	 5.7990e+00
392	 4.0000e-03	-2.4000e-03	 7.5011e+00	 5.7356e+00
393	 4.8000e-03	-2.4000e-03	 7.4712e+00	 5.6754e+00
394	 5.6000e-03	-2.4000e-03	 7.4354e+00	 5.6287e+00
395	 6.4000e-03	-2.4000e-03	 7.4005e+00	 5.5969e+00
396	 7.2000e-03	-2.4000e-03	 7.3772e+00	 5.5827e+00
397	 8.0000e-03	-2.4000e-03	 7.3338e+00	 5.5683e+00
398	 8.8000e-03	-2.4000e-03	 7.3039e+00	 5.5584e+00
399	 9.6000e-03	-2.4000e-03	 7.2723e+00	 5.5272e+00
400	 1.0400e-02	-2.4000e-03	 7.2467e+00	 5.4917e+00
401	 1.1200e-02	-2.4000e-03	 7.2128e+00	 5.4943e+00
402	 1.2000e-02	-2.4000e-03	 7.1859e+00	 5.4637e+00
403	-1.2000e-02	-1.6000e-03	 7.3118e+00	 7.1665e+00
404	-1.1200e-02	-1.6000e-03	 7.3387e+00	 7.1119e+00
405	-1.0400e-02	-1.6000e-03	 7.3624e+00	 7.0583e+00
406	-9.6000e-03	-1.6000e-03	 7.3815e+00	 6.9847e+00
407	-8.8000e-03	-1.6000e-03	 7.3963e+00	 6.8897e+00
408	-8.0000e-03	-1.6000e-03	 7.4206e+00	 6.7503e+00
409	-7.2000e-03	-1.6000e-03	 7.4436e+00	 6.6037e+00
410	-6.4000e-03	-1.6000e-03	 7.4814e+00	 6.4643e+00
411	-5.6000e-03	-1.6000e-03	 7.5028e+00	 6.3135e+00
412	-4.8000e-03	-1.6000e-03	 7.5159e+00	 6.1744e+00
413	-4.0000e-03	-1.6000e-03	 7.5327e+00	 6.0505e+00
414	-3.2000e-03	-1.6000e-03	 7.5465e+00	 5.9499e+00
415	-2.4000e-03	-1.6000e-03	 7.5567e+00	 5.8565e+00
416	-1.6000e-03	-1.6000e-03	 7.5688e+00	 5.7964e+00
417	-8.0000e-04	-1.6000e-03	 7.5669e+00	 5.7957e+00
418	 0.0000e+00	-1.6000e-03	 7.5715e+00	 5.7800e+00
419	 8.0000e-04	-1.6000e-03	 7.5639e+00	 5.7819e+00
420	 1.6000e-03	-1.6000e-03	 7.5639e+00	 5.8053e+00
421	 2.4000e-03	-1.6000e-03	 7.5550e+00	 5.8086e+00
422	 3.2000e-03	-1.6000e-03	 7.5478e+00	 5.7849e+00
423	 4.0000e-03	-1.6000e-03	 7.5333e+00	 5.7398e+00
424	 4.8000e-03	-1.6000e-03	 7.5100e+00	 5.6873e+00
425	 5.6000e-03	-1.6000e-03	 7.4742e+00	 5.6445e+00
426	 6.4000e-03	-1.6000e-03	 7.4423e+00	 5.5990e+00
427	 7.2000e-03	-1.6000e-03	 7.4025e+00	 5.5873e+00
428	 8.0000e-03	-1.6000e-03	 7.3650e+00	 5.5656e+00
429	 8.8000e-03	-1.6000e-03	 7.3285e+00	 5.5446e+00
430	 9.6000e-03	-1.6000e-03	 7.2980e+00	 5.5291e+00
431	 1.0400e-02	-1.6000e-03	 7.2746e+00	 5.5104e+00
432	 1.1200e-02	-1.6000e-03	 7.2306e+00	 5.4936e+00
433	 1.2000e-02	-1.6000e-03	 7.1918e+00	 5.4493e+00
434	-1.2000e-02	-8.0000e-04	 7.3115e+00	 7.1586e+00
435	-1.1200e-02	-8.0000e-04	 7.3348e+00	 7.1172e+00
436	-1.0400e-02	-8.0000e-04	 7.3588e+00	 7.0426e+00
437	-9.6000e-03	-8.0000e-04	 7.3841e+00	 6.9745e+00
438	-8.8000e-03	-8.0000e-04	 7.4065e+00	 6.8841e+00
439	-8.0000e-03	-8.0000e-04	 7.4291e+00	 6.7352e+00
440	-7.2000e-03	-8.0000e-04	 7.4623e+00	 6.6057e+00
441	-6.4000e-03	-8.0000e-04	 7.4847e+00	 6.4423e+00
442	-5.6000e-03	-8.0000e-04	 7.5156e+00	 6.3210e+00
443	-4.8000e-03	-8.0000e-04	 7.5363e+00	 6.1800e+00
444	-4.0000e-03	-8.0000e-04	 7.5488e+00	 6.0446e+00
445	-3.2000e-03	-8.0000e-04	 7.5652e+00	 5.9525e+00
446	-2.4000e-03	-8.0000e-04	 7.5790e+00	 5.8510e+00
447	-1.6000e-03	-8.0000e-04	 7.5896e+00	 5.8016e+00
448	-8.0000e-04	-8.0000e-04	 7.5961e+00	 5.7908e+00
449	 0.0000e+00	-8.0000e-04	 7.5892e+00	 5.7869e+00
450	 8.0000e-04	-8.0000e-04	 7.5896e+00	 5.7987e+00
451	 1.6000e-03	-8.0000e-04	 7.5882e+00	 5.8164e+00
452	 2.4000e-03	-8.0000e-04	 7.5919e+00	 5.8138e+00
453	 3.2000e-03	-8.0000e-04	 7.5790e+00	 5.7944e+00
454	 4.0000e-03	-8.0000e-04	 7.5633e+00	 5.7530e+00
455	 4.8000e-03	-8.0000e-04	 7.5386e+00	 5.6948e+00
456	 5.6000e-03	-8.0000e-04	 7.5011e+00	 5.6511e+00
457	 6.4000e-03	-8.0000e-04	 7.4712e+00	 5.6084e+00
458	 7.2000e-03	-8.0000e-04	 7.4235e+00	 5.5926e+00
459	 8.0000e-03	-8.0000e-04	 7.3940e+00	 5.5623e+00
460	 8.8000e-03	-8.0000e-04	 7.3516e+00	 5.5443e+00
461	 9.6000e-03	-8.0000e-04	 7.3174e+00	 5.5203e+00
462	 1.0400e-02	-8.0000e-04	 7.2852e+00	 5.4904e+00
463	 1.1200e-02	-8.0000e-04	 7.2372e+00	 5.4667e+00
464	 1.2000e-02	-8.0000e-04	 7.1921e+00	 5.4259e+00
465	-1.2000e-02	 0.0000e+00	 7.3131e+00	 7.1448e+00
466	-1.1200e-02	 0.0000e+00	 7.3401e+00	 7.1040e+00
467	-1.0400e-02	 0.0000e+00	 7.3647e+00	 7.0380e+00
468	-9.6000e-03	 0.0000e+00	 7.3864e+00	 6.9771e+00
469	-8.8000e-03	 0.0000e+00	 7.4074e+00	 6.8700e+00
470	-8.0000e-03	 0.0000e+00	 7.4305e+00	 6.7385e+00
471	-7.2000e-03	 0.0000e+00	 7.4610e+00	 6.5998e+00
472	-6.4000e-03	 0.0000e+00	 7.4867e+00	 6.4440e+00
473	-5.6000e-03	 0.0000e+00	 7.5149e+00	 6.3092e+00
474	-4.8000e-03	 0.0000e+00	 7.5412e+00	 6.1662e+00
475	-4.0000e-03	 0.0000e+00	 7.5560e+00	 6.0567e+00
476	-3.2000e-03	 0.0000e+00	 7.5715e+00	 5.9358e+00
477	-2.4000e-03	 0.0000e+00	 7.5876e+00	 5.8753e+00
478	-1.6000e-03	 0.0000e+00	 7.5971e+00	 5.8316e+00
479	-8.0000e-04	 0.0000e+00	 7.6050e+00	 5.8095e+00
480	 0.0000e+00	 0.0000e+00	 7.6043e+00	 5.8168e+00
481	 8.0000e-04	 0.0000e+00	 7.6037e+00	 5.8266e+00
482	 1.6000e-03	 0.0000e+00	 7.6099e+00	 5.8500e+00
483	 2.4000e-03	 0.0000e+00	 7.6043e+00	 5.8335e+00
484	 3.2000e-03	 0.0000e+00	 7.5988e+00	 5.8168e+00
485	 4.0000e-03	 0.0000e+00	 7.5876e+00	 5.7691e+00
486	 4.8000e-03	 0.0000e+00	 7.5633e+00	 5.7310e+00
487	 5.6000e-03	 0.0000e+00	 7.5310e+00	 5.6534e+00
488	 6.4000e-03	 0.0000e+00	 7.4876e+00	 5.6107e+00
489	 7.2000e-03	 0.0000e+00	 7.4521e+00	 5.5768e+00
490	 8.0000e-03	 0.0000e+00	 7.4055e+00	 5.5643e+00
491	 8.8000e-03	 0.0000e+00	 7.3729e+00	 5.5377e+00
492	 9.6000e-03	 0.0000e+00	 7.3335e+00	 5.5081e+00
493	 1.0400e-02	 0.0000e+00	 7.3019e+00	 5.4716e+00
494	 1.1200e-02	 0.0000e+00	 7.2539e+00	 5.4598e+00
495	 1.2000e-02	 0.0000e+00	 7.1990e+00	 5.3904e+00
496	-1.2000e-02	 8.0000e-04	 7.3059e+00	 7.1113e+00
497	-1.1200e-02	 8.0000e-04	 7.3433e+00	 7.0626e+00
498	-1.0400e-02	 8.0000e-04	 7.3624e+00	 7.0067e+00
499	-9.6000e-03	 8.0000e-04	 7.3831e+00	 6.9390e+00
500	-8.8000e-03	 8.0000e-04	 7.4019e+00	 6.8434e+00
501	-8.0000e-03	 8.0000e-04	 7.4298e+00	 6.7175e+00
502	-7.2000e-03	 8.0000e-04	 7.4584e+00	 6.5916e+00
503	-6.4000e-03	 8.0000e-04	 7.4840e+00	 6.4410e+00
504	-5.6000e-03	 8.0000e-04	 7.5116e+00	 6.3230e+00
505	-4.8000e-03	 8.0000e-04	 7.5317e+00	 6.1731e+00
506	-4.0000e-03	 8.0000e-04	 7.5531e+00	 6.0755e+00
507	-3.2000e-03	 8.0000e-04	 7.5711e+00	 5.9581e+00
508	-2.4000e-03	 8.0000e-04	 7.5863e+00	 5.8911e+00
509	-1.6000e-03	 8.0000e-04	 7.5961e+00	 5.8473e+00
510	-8.0000e-04	 8.0000e-04	 7.5997e+00	 5.8312e+00
511	 0.0000e+00	 8.0000e-04	 7.6020e+00	 5.8401e+00
512	 8.0000e-04	 8.0000e-04	 7.5974e+00	 5.8460e+00
513	 1.6000e-03	 8.0000e-04	 7.6024e+00	 5.8621e+00
514	 2.4000e-03	 8.0000e-04	 7.6040e+00	 5.8487e+00
515	 3.2000e-03	 8.0000e-04	 7.5899e+00	 5.8506e+00
516	 4.0000e-03	 8.0000e-04	 7.5850e+00	 5.7842e+00
517	 4.8000e-03	 8.0000e-04	 7.5626e+00	 5.7346e+00
518	 5.6000e-03	 8.0000e-04	 7.5366e+00	 5.6780e+00
519	 6.4000e-03	 8.0000e-04	 7.5008e+00	 5.6248e+00
520	 7.2000e-03	 8.0000e-04	 7.4630e+00	 5.5873e+00
521	 8.0000e-03	 8.0000e-04	 7.4173e+00	 5.5525e+00
522	 8.8000e-03	 8.0000e-04	 7.3769e+00	 5.5275e+00
523	 9.6000e-03	 8.0000e-04	 7.3456e+00	 5.5140e+00
524	 1.0400e-02	 8.0000e-04	 7.3013e+00	 5.4923e+00
525	 1.1200e-02	 8.0000e-04	 7.2510e+00	 5.4525e+00
526	 1.2000e-02	 8.0000e-04	 7.2138e+00	 5.4144e+00
527	-1.2000e-02	 1.6000e-03	 7.2921e+00	 7.0971e+00
528	-1.1200e-02	 1.6000e-03	 7.3272e+00	 7.0399e+00
529	-1.0400e-02	 1.6000e-03	 7.3486e+00	 6.9956e+00
530	-9.6000e-03	 1.6000e-03	 7.3726e+00	 6.9384e+00
531	-8.8000e-03	 1.6000e-03	 7.3903e+00	 6.8437e+00
532	-8.0000e-03	 1.6000e-03	 7.4196e+00	 6.7378e+00
533	-7.2000e-03	 1.6000e-03	 7.4387e+00	 6.5985e+00
534	-6.4000e-03	 1.6000e-03	 7.4653e+00	 6.4614e+00
535	-5.6000e-03	 1.6000e-03	 7.4909e+00	 6.3299e+00
536	-4.8000e-03	 1.6000e-03	 7.5176e+00	 6.2096e+00
537	-4.0000e-03	 1.6000e-03	 7.5301e+00	 6.0919e+00
538	-3.2000e-03	 1.6000e-03	 7.5557e+00	 5.9838e+00
539	-2.4000e-03	 1.6000e-03	 7.5646e+00	 5.9154e+00
540	-1.6000e-03	 1.6000e-03	 7.5794e+00	 5.8891e+00
541	-8.0000e-04	 1.6000e-03	 7.5754e+00	 5.8865e+00
542	 0.0000e+00	 1.6000e-03	 7.5797e+00	 5.8930e+00
543	 8.0000e-04	 1.6000e-03	 7.5708e+00	 5.9029e+00
544	 1.6000e-03	 1.6000e-03	 7.5813e+00	 5.9049e+00
545	 2.4000e-03	 1.6000e-03	 7.5833e+00	 5.9121e+00
546	 3.2000e-03	 1.6000e-03	 7.5807e+00	 5.8897e+00
547	 4.0000e-03	 1.6000e-03	 7.5675e+00	 5.8391e+00
548	 4.8000e-03	 1.6000e-03	 7.5501e+00	 5.7869e+00
549	 5.6000e-03	 1.6000e-03	 7.5320e+00	 5.7211e+00
550	 6.4000e-03	 1.6000e-03	 7.5038e+00	 5.6524e+00
551	 7.2000e-03	 1.6000e-03	 7.4597e+00	 5.6126e+00
552	 8.0000e-03	 1.6000e-03	 7.4216e+00	 5.5824e+00
553	 8.8000e-03	 1.6000e-03	 7.3765e+00	 5.5502e+00
554	 9.6000e-03	 1.6000e-03	 7.3351e+00	 5.5190e+00
555	 1.0400e-02	 1.6000e-03	 7.2996e+00	 5.4963e+00
556	 1.1200e-02	 1.6000e-03	 7.2589e+00	 5.4292e+00
557	 1.2000e-02	 1.6000e-03	 7.2086e+00	 5.3960e+00
558	-1.2000e-02	 2.4000e-03	 7.2710e+00	 7.0958e+00
559	-1.1200e-02	 2.4000e-03	 7.3009e+00	 7.0422e+00
560	-1.0400e-02	 2.4000e-03	 7.3315e+00	 6.9716e+00
561	-9.6000e-03	 2.4000e-03	 7.3539e+00	 6.9006e+00
562	-8.8000e-03	 2.4000e-03	 7.3710e+00	 6.8319e+00
563	-8.0000e-03	 2.4000e-03	 7.3956e+00	 6.7286e+00
564	-7.2000e-03	 2.4000e-03	 7.4196e+00	 6.6169e+00
565	-6.4000e-03	 2.4000e-03	 7.4449e+00	 6.4666e+00
566	-5.6000e-03	 2.4000e-03	 7.4614e+00	 6.3352e+00
567	-4.8000e-03	 2.4000e-03	 7.4870e+00	 6.2454e+00
568	-4.0000e-03	 2.4000e-03	 7.5067e+00	 6.1494e+00
569	-3.2000e-03	 2.4000e-03	 7.5166e+00	 6.0423e+00
570	-2.4000e-03	 2.4000e-03	 7.5327e+00	 5.9916e+00
571	-1.6000e-03	 2.4000e-03	 7.5416e+00	 5.9706e+00
572	-8.0000e-04	 2.4000e-03	 7.5452e+00	 5.9522e+00
573	 0.0000e+00	 2.4000e-03	 7.5462e+00	 5.9660e+00
574	 8.0000e-04	 2.4000e-03	 7.5475e+00	 5.9637e+00
575	 1.6000e-03	 2.4000e-03	 7.5508e+00	 5.9676e+00
576	 2.4000e-03	 2.4000e-03	 7.5524e+00	 5.9489e+00
577	 3.2000e-03	 2.4000e-03	 7.5521e+00	 5.9203e+00
578	 4.0000e-03	 2.4000e-03	 7.5475e+00	 5.8736e+00
579	 4.8000e-03	 2.4000e-03	 7.5297e+00	 5.8026e+00
580	 5.6000e-03	 2.4000e-03	 7.5093e+00	 5.7675e+00
581	 6.4000e-03	 2.4000e-03	 7.4794e+00	 5.6942e+00
582	 7.2000e-03	 2.4000e-03	 7.4456e+00	 5.6682e+00
583	 8.0000e-03	 2.4000e-03	 7.4025e+00	 5.6116e+00
584	 8.8000e-03	 2.4000e-03	 7.3683e+00	 5.5763e+00
585	 9.6000e-03	 2.4000e-03	 7.3269e+00	 5.5374e+00
586	 1.0400e-02	 2.4000e-03	 7.2806e+00	 5.4920e+00
587	 1.1200e-02	 2.4000e-03	 7.2355e+00	 5.4578e+00
588	 1.2000e-02	 2.4000e-03	 7.1990e+00	 5.3990e+00
589	-1.2000e-02	 3.2000e-03	 7.2362e+00	 7.0741e+00
590	-1.1200e-02	 3.2000e-03	 7.2750e+00	 7.0278e+00
591	-1.0400e-02	 3.2000e-03	 7.2976e+00	 6.9752e+00
592	-9.6000e-03	 3.2000e-03	 7.3184e+00	 6.8940e+00
593	-8.8000e-03	 3.2000e-03	 7.3437e+00	 6.8072e+00
594	-8.0000e-03	 3.2000e-03	 7.3677e+00	 6.7145e+00
595	-7.2000e-03	 3.2000e-03	 7.3884e+00	 6.6083e+00
596	-6.4000e-03	 3.2000e-03	 7.4101e+00	 6.4749e+00
597	-5.6000e-03	 3.2000e-03	 7.4364e+00	 6.3853e+00
598	-4.8000e-03	 3.2000e-03	 7.4508e+00	 6.2573e+00
599	-4.0000e-03	 3.2000e-03	 7.4673e+00	 6.1747e+00
600	-3.2000e-03	 3.2000e-03	 7.4771e+00	 6.0922e+00
601	-2.4000e-03	 3.2000e-03	 7.4923e+00	 6.0488e+00
602	-1.6000e-03	 3.2000e-03	 7.4942e+00	 6.0074e+00
603	-8.0000e-04	 3.2000e-03	 7.5031e+00	 6.0301e+00
604	 0.0000e+00	 3.2000e-03	 7.4965e+00	 6.0015e+00
605	 8.0000e-04	 3.2000e-03	 7.4988e+00	 6.0041e+00
606	 1.6000e-03	 3.2000e-03	 7.5120e+00	 5.9933e+00
607	 2.4000e-03	 3.2000e-03	 7.5162e+00	 5.9867e+00
608	 3.2000e-03	 3.2000e-03	 7.5110e+00	 5.9571e+00
609	 4.0000e-03	 3.2000e-03	 7.5015e+00	 5.9170e+00
610	 4.8000e-03	 3.2000e-03	 7.4985e+00	 5.8378e+00
611	 5.6000e-03	 3.2000e-03	 7.4765e+00	 5.7823e+00
612	 6.4000e-03	 3.2000e-03	 7.4452e+00	 5.7254e+00
613	 7.2000e-03	 3.2000e-03	 7.4163e+00	 5.6721e+00
614	 8.0000e-03	 3.2000e-03	 7.3782e+00	 5.6481e+00
615	 8.8000e-03	 3.2000e-03	 7.3460e+00	 5.5914e+00
616	 9.6000e-03	 3.2000e-03	 7.3023e+00	 5.5587e+00
617	 1.0400e-02	 3.2000e-03	 7.2598e+00	 5.5071e+00
618	 1.1200e-02	 3.2000e-03	 7.2165e+00	 5.4680e+00
619	 1.2000e-02	 3.2000e-03	 7.1757e+00	 5.4253e+00
620	-1.2000e-02	 4.0000e-03	 7.2007e+00	 7.0409e+00
621	-1.1200e-02	 4.0000e-03	 7.2355e+00	 6.9946e+00
622	-1.0400e-02	 4.0000e-03	 7.2625e+00	 6.9495e+00
623	-9.6000e-03	 4.0000e-03	 7.2819e+00	 6.8723e+00
624	-8.8000e-03	 4.0000e-03	 7.3055e+00	 6.7875e+00
625	-8.0000e-03	 4.0000e-03	 7.3272e+00	 6.7079e+00
626	-7.2000e-03	 4.0000e-03	 7.3483e+00	 6.6156e+00
627	-6.4000e-03	 4.0000e-03	 7.3693e+00	 6.5127e+00
628	-5.6000e-03	 4.0000e-03	 7.3907e+00	 6.4114e+00
629	-4.8000e-03	 4.0000e-03	 7.4071e+00	 6.3210e+00
630	-4.0000e-03	 4.0000e-03	 7.4216e+00	 6.2352e+00
631	-3.2000e-03	 4.0000e-03	 7.4354e+00	 6.1560e+00
632	-2.4000e-03	 4.0000e-03	 7.4452e+00	 6.1189e+00
633	-1.6000e-03	 4.0000e-03	 7.4502e+00	 6.0916e+00
634	-8.0000e-04	 4.0000e-03	 7.4479e+00	 6.0886e+00
635	 0.0000e+00	 4.0000e-03	 7.4459e+00	 6.0814e+00
636	 8.0000e-04	 4.0000e-03	 7.4627e+00	 6.0715e+00
637	 1.6000e-03	 4.0000e-03	 7.4706e+00	 6.0603e+00
638	 2.4000e-03	 4.0000e-03	 7.4689e+00	 6.0176e+00
639	 3.2000e-03	 4.0000e-03	 7.4673e+00	 5.9746e+00
640	 4.0000e-03	 4.0000e-03	 7.4712e+00	 5.9331e+00
641	 4.8000e-03	 4.0000e-03	 7.4577e+00	 5.8710e+00
642	 5.6000e-03	 4.0000e-03	 7.4400e+00	 5.8115e+00
643	 6.4000e-03	 4.0000e-03	 7.4084e+00	 5.7678e+00
644	 7.2000e-03	 4.0000e-03	 7.3788e+00	 5.7237e+00
645	 8.0000e-03	 4.0000e-03	 7.3368e+00	 5.6600e+00
646	 8.8000e-03	 4.0000e-03	 7.3006e+00	 5.6373e+00
647	 9.6000e-03	 4.0000e-03	 7.2667e+00	 5.5932e+00
648	 1.0400e-02	 4.0000e-03	 7.2326e+00	 5.5456e+00
649	 1.1200e-02	 4.0000e-03	 7.2013e+00	 5.5170e+00
650	 1.2000e-02	 4.0000e-03	 7.1481e+00	 5.4410e+00
651	-1.2000e-02	 4.8000e-03	 7.1583e+00	 7.0235e+00
652	-1.1200e-02	 4.8000e-03	 7.1846e+00	 6.9765e+00
653	-1.0400e-02	 4.8000e-03	 7.2128e+00	 6.9262e+00
654	-9.6000e-03	 4.8000e-03	 7.2454e+00	 6.8535e+00
655	-8.8000e-03	 4.8000e-03	 7.2700e+00	 6.7990e+00
656	-8.0000e-03	 4.8000e-03	 7.2891e+00	 6.7194e+00
657	-7.2000e-03	 4.8000e-03	 7.3075e+00	 6.6402e+00
658	-6.4000e-03	 4.8000e-03	 7.3243e+00	 6.5554e+00
659	-5.6000e-03	 4.8000e-03	 7.3447e+00	 6.4735e+00
660	-4.8000e-03	 4.8000e-03	 7.3634e+00	 6.3802e+00
661	-4.0000e-03	 4.8000e-03	 7.3723e+00	 6.3381e+00
662	-3.2000e-03	 4.8000e-03	 7.3831e+00	 6.2566e+00
663	-2.4000e-03	 4.8000e-03	 7.3900e+00	 6.1889e+00
664	-1.6000e-03	 4.8000e-03	 7.3946e+00	 6.1820e+00
665	-8.0000e-04	 4.8000e-03	 7.3982e+00	 6.1787e+00
666	 0.0000e+00	 4.8000e-03	 7.4032e+00	 6.1603e+00
667	 8.0000e-04	 4.8000e-03	 7.4107e+00	 6.1297e+00
668	 1.6000e-03	 4.8000e-03	 7.4127e+00	 6.1070e+00
669	 2.4000e-03	 4.8000e-03	 7.4252e+00	 6.0600e+00
670	 3.2000e-03	 4.8000e-03	 7.4282e+00	 6.0288e+00
671	 4.0000e-03	 4.8000e-03	 7.4193e+00	 5.9854e+00
672	 4.8000e-03	 4.8000e-03	 7.4084e+00	 5.9098e+00
673	 5.6000e-03	 4.8000e-03	 7.3887e+00	 5.8542e+00
674	 6.4000e-03	 4.8000e-03	 7.3677e+00	 5.8401e+00
675	 7.2000e-03	 4.8000e-03	 7.3345e+00	 5.7520e+00
676	 8.0000e-03	 4.8000e-03	 7.3009e+00	 5.7218e+00
677	 8.8000e-03	 4.8000e-03	 7.2612e+00	 5.6912e+00
678	 9.6000e-03	 4.8000e-03	 7.2335e+00	 5.6495e+00
679	 1.0400e-02	 4.8000e-03	 7.2007e+00	 5.5955e+00
680	 1.1200e-02	 4.8000e-03	 7.1616e+00	 5.5472e+00
681	 1.2000e-02	 4.8000e-03	 7.1280e+00	 5.4897e+00
682	-1.2000e-02	 5.6000e-03	 7.1007e+00	 7.0261e+00
683	-1.1200e-02	 5.6000e-03	 7.1372e+00	 6.9719e+00
684	-1.0400e-02	 5.6000e-03	 7.1609e+00	 6.9315e+00
685	-9.6000e-03	 5.6000e-03	 7.1918e+00	 6.8657e+00
686	-8.8000e-03	 5.6000e-03	 7.2151e+00	 6.8154e+00
687	-8.0000e-03	 5.6000e-03	 7.2408e+00	 6.7211e+00
688	-7.2000e-03	 5.6000e-03	 7.2569e+00	 6.6524e+00
689	-6.4000e-03	 5.6000e-03	 7.2792e+00	 6.5988e+00
690	-5.6000e-03	 5.6000e-03	 7.3072e+00	 6.5087e+00
691	-4.8000e-03	 5.6000e-03	 7.3197e+00	 6.4423e+00
692	-4.0000e-03	 5.6000e-03	 7.3348e+00	 6.3812e+00
693	-3.2000e-03	 5.6000e-03	 7.3381e+00	 6.3391e+00
694	-2.4000e-03	 5.6000e-03	 7.3443e+00	 6.2872e+00
695	-1.6000e-03	 5.6000e-03	 7.3512e+00	 6.2546e+00
696	-8.0000e-04	 5.6000e-03	 7.3529e+00	 6.2336e+00
697	 0.0000e+00	 5.6000e-03	 7.3641e+00	 6.2093e+00
698	 8.0000e-04	 5.6000e-03	 7.3637e+00	 6.1787e+00
699	 1.6000e-03	 5.6000e-03	 7.3726e+00	 6.1366e+00
700	 2.4000e-03	 5.6000e-03	 7.3746e+00	 6.0912e+00
701	 3.2000e-03	 5.6000e-03	 7.3736e+00	 6.0613e+00
702	 4.0000e-03	 5.6000e-03	 7.3742e+00	 6.0127e+00
703	 4.8000e-03	 5.6000e-03	 7.3617e+00	 5.9410e+00
704	 5.6000e-03	 5.6000e-03	 7.3378e+00	 5.8677e+00
705	 6.4000e-03	 5.6000e-03	 7.3128e+00	 5.8141e+00
706	 7.2000e-03	 5.6000e-03	 7.2802e+00	 5.7763e+00
707	 8.0000e-03	 5.6000e-03	 7.2428e+00	 5.7625e+00
708	 8.8000e-03	 5.6000e-03	 7.2171e+00	 5.7149e+00
709	 9.6000e-03	 5.6000e-03	 7.1944e+00	 5.6794e+00
710	 1.0400e-02	 5.6000e-03	 7.1635e+00	 5.6255e+00
711	 1.1200e-02	 5.6000e-03	 7.1359e+00	 5.6024e+00
712	 1.2000e-02	 5.6000e-03	 7.1106e+00	 5.5219e+00
713	-1.2000e-02	 6.4000e-03	 7.0215e+00	 7.0153e+00
714	-1.1200e-02	 6.4000e-03	 7.0698e+00	 6.9923e+00
715	-1.0400e-02	 6.4000e-03	 7.0902e+00	 6.9364e+00
716	-9.6000e-03	 6.4000e-03	 7.1264e+00	 6.8861e+00
717	-8.8000e-03	 6.4000e-03	 7.1632e+00	 6.8299e+00
718	-8.0000e-03	 6.4000e-03	 7.1724e+00	 6.7523e+00
719	-7.2000e-03	 6.4000e-03	 7.1971e+00	 6.6783e+00
720	-6.4000e-03	 6.4000e-03	 7.2194e+00	 6.6228e+00
721	-5.6000e-03	 6.4000e-03	 7.2451e+00	 6.5620e+00
722	-4.8000e-03	 6.4000e-03	 7.2641e+00	 6.4959e+00
723	-4.0000e-03	 6.4000e-03	 7.2727e+00	 6.4394e+00
724	-3.2000e-03	 6.4000e-03	 7.2891e+00	 6.4098e+00
725	-2.4000e-03	 6.4000e-03	 7.3026e+00	 6.3381e+00
726	-1.6000e-03	 6.4000e-03	 7.3029e+00	 6.3121e+00
727	-8.0000e-04	 6.4000e-03	 7.3108e+00	 6.2937e+00
728	 0.0000e+00	 6.4000e-03	 7.3069e+00	 6.2352e+00
729	 8.0000e-04	 6.4000e-03	 7.3115e+00	 6.1968e+00
730	 1.6000e-03	 6.4000e-03	 7.3220e+00	 6.1724e+00
731	 2.4000e-03	 6.4000e-03	 7.3226e+00	 6.1244e+00
732	 3.2000e-03	 6.4000e-03	 7.3269e+00	 6.0889e+00
733	 4.0000e-03	 6.4000e-03	 7.3118e+00	 6.0176e+00
734	 4.8000e-03	 6.4000e-03	 7.3144e+00	 5.9558e+00
735	 5.6000e-03	 6.4000e-03	 7.2848e+00	 5.8989e+00
736	 6.4000e-03	 6.4000e-03	 7.2483e+00	 5.8579e+00
737	 7.2000e-03	 6.4000e-03	 7.2296e+00	 5.8233e+00
738	 8.0000e-03	 6.4000e-03	 7.1971e+00	 5.7905e+00
739	 8.8000e-03	 6.4000e-03	 7.1754e+00	 5.7635e+00
740	 9.6000e-03	 6.4000e-03	 7.1520e+00	 5.7034e+00
741	 1.0400e-02	 6.4000e-03	 7.1307e+00	 5.6675e+00
742	 1.1200e-02	 6.4000e-03	 7.1070e+00	 5.6212e+00
743	 1.2000e-02	 6.4000e-03	 7.0823e+00	 5.5272e+00
744	-1.2000e-02	 7.2000e-03	 6.9673e+00	 7.0327e+00
745	-1.1200e-02	 7.2000e-03	 6.9949e+00	 6.9887e+00
746	-1.0400e-02	 7.2000e-03	 7.0258e+00	 6.9620e+00
747	-9.6000e-03	 7.2000e-03	 7.0610e+00	 6.9246e+00
748	-8.8000e-03	 7.2000e-03	 7.0869e+00	 6.8489e+00
749	-8.0000e-03	 7.2000e-03	 7.1093e+00	 6.8026e+00
750	-7.2000e-03	 7.2000e-03	 7.1487e+00	 6.7431e+00
751	-6.4000e-03	 7.2000e-03	 7.1714e+00	 6.6711e+00
752	-5.6000e-03	 7.2000e-03	 7.1898e+00	 6.5991e+00
753	-4.8000e-03	 7.2000e-03	 7.2112e+00	 6.5469e+00
754	-4.0000e-03	 7.2000e-03	 7.2293e+00	 6.4857e+00
755	-3.2000e-03	 7.2000e-03	 7.2424e+00	 6.4515e+00
756	-2.4000e-03	 7.2000e-03	 7.2457e+00	 6.3940e+00
757	-1.6000e-03	 7.2000e-03	 7.2618e+00	 6.3762e+00
758	-8.0000e-04	 7.2000e-03	 7.2602e+00	 6.3421e+00
759	 0.0000e+00	 7.2000e-03	 7.2635e+00	 6.2960e+00
760	 8.0000e-04	 7.2000e-03	 7.2720e+00	 6.2540e+00
761	 1.6000e-03	 7.2000e-03	 7.2720e+00	 6.2152e+00
762	 2.4000e-03	 7.2000e-03	 7.2730e+00	 6.1636e+00
763	 3.2000e-03	 7.2000e-03	 7.2651e+00	 6.0932e+00
764	 4.0000e-03	 7.2000e-03	 7.2631e+00	 6.0511e+00
765	 4.8000e-03	 7.2000e-03	 7.2493e+00	 5.9999e+00
766	 5.6000e-03	 7.2000e-03	 7.2276e+00	 5.9394e+00
767	 6.4000e-03	 7.2000e-03	 7.1902e+00	 5.8937e+00
768	 7.2000e-03	 7.2000e-03	 7.1731e+00	 5.8602e+00
769	 8.0000e-03	 7.2000e-03	 7.1589e+00	 5.8296e+00
770	 8.8000e-03	 7.2000e-03	 7.1359e+00	 5.8062e+00
771	 9.6000e-03	 7.2000e-03	 7.1211e+00	 5.7642e+00
772	 1.0400e-02	 7.2000e-03	 7.1030e+00	 5.7274e+00
773	 1.1200e-02	 7.2000e-03	 7.0804e+00	 5.6583e+00
774	 1.2000e-02	 7.2000e-03	 7.0541e+00	 5.5883e+00
775	-1.2000e-02	 8.0000e-03	 6.9071e+00	 7.0491e+00
776	-1.1200e-02	 8.0000e-03	 6.9413e+00	 7.0274e+00
777	-1.0400e-02	 8.0000e-03	 6.9765e+00	 6.9916e+00
778	-9.6000e-03	 8.0000e-03	 7.0031e+00	 6.9485e+00
779	-8.8000e-03	 8.0000e-03	 7.0376e+00	 6.9075e+00
780	-8.0000e-03	 8.0000e-03	 7.0574e+00	 6.8450e+00
781	-7.2000e-03	 8.0000e-03	 7.0961e+00	 6.7848e+00
782	-6.4000e-03	 8.0000e-03	 7.1129e+00	 6.7148e+00
783	-5.6000e-03	 8.0000e-03	 7.1405e+00	 6.6425e+00
784	-4.8000e-03	 8.0000e-03	 7.1494e+00	 6.5929e+00
785	-4.0000e-03	 8.0000e-03	 7.1701e+00	 6.5340e+00
786	-3.2000e-03	 8.0000e-03	 7.1750e+00	 6.4847e+00
787	-2.4000e-03	 8.0000e-03	 7.2082e+00	 6.4367e+00
788	-1.6000e-03	 8.0000e-03	 7.2059e+00	 6.4088e+00
789	-8.0000e-04	 8.0000e-03	 7.2089e+00	 6.3509e+00
790	 0.0000e+00	 8.0000e-03	 7.2069e+00	 6.3289e+00
791	 8.0000e-04	 8.0000e-03	 7.2092e+00	 6.2717e+00
792	 1.6000e-03	 8.0000e-03	 7.2197e+00	 6.2247e+00
793	 2.4000e-03	 8.0000e-03	 7.2023e+00	 6.1846e+00
794	 3.2000e-03	 8.0000e-03	 7.1997e+00	 6.1287e+00
795	 4.0000e-03	 8.0000e-03	 7.1842e+00	 6.0965e+00
796	 4.8000e-03	 8.0000e-03	 7.1737e+00	 6.0439e+00
797	 5.6000e-03	 8.0000e-03	 7.1543e+00	 5.9985e+00
798	 6.4000e-03	 8.0000e-03	 7.1399e+00	 5.9515e+00
799	 7.2000e-03	 8.0000e-03	 7.1136e+00	 5.9298e+00
800	 8.0000e-03	 8.0000e-03	 7.1096e+00	 5.9072e+00
801	 8.8000e-03	 8.0000e-03	 7.0942e+00	 5.8657e+00
802	 9.6000e-03	 8.0000e-03	 7.0919e+00	 5.8197e+00
803	 1.0400e-02	 8.0000e-03	 7.0837e+00	 5.7425e+00
804	 1.1200e-02	 8.0000e-03	 7.0659e+00	 5.6702e+00
805	 1.2000e-02	 8.0000e-03	 7.0521e+00	 5.5896e+00
806	-1.2000e-02	 8.8000e-03	 6.8611e+00	 7.0531e+00
807	-1.1200e-02	 8.8000e-03	 6.9124e+00	 7.0067e+00
808	-1.0400e-02	 8.8000e-03	 6.9341e+00	 6.9844e+00
809	-9.6000e-03	 8.8000e-03	 6.9712e+00	 6.9390e+00
810	-8.8000e-03	 8.8000e-03	 6.9919e+00	 6.9088e+00
811	-8.0000e-03	 8.8000e-03	 7.0222e+00	 6.8532e+00
812	-7.2000e-03	 8.8000e-03	 7.0406e+00	 6.8000e+00
813	-6.4000e-03	 8.8000e-03	 7.0508e+00	 6.7299e+00
814	-5.6000e-03	 8.8000e-03	 7.0850e+00	 6.6662e+00
815	-4.8000e-03	 8.8000e-03	 7.1014e+00	 6.6399e+00
816	-4.0000e-03	 8.8000e-03	 7.1155e+00	 6.5955e+00
817	-3.2000e-03	 8.8000e-03	 7.1362e+00	 6.5403e+00
818	-2.4000e-03	 8.8000e-03	 7.1547e+00	 6.4962e+00
819	-1.6000e-03	 8.8000e-03	 7.1665e+00	 6.4525e+00
820	-8.0000e-04	 8.8000e-03	 7.1665e+00	 6.4124e+00
821	 0.0000e+00	 8.8000e-03	 7.1635e+00	 6.3799e+00
822	 8.0000e-04	 8.8000e-03	 7.1622e+00	 6.3391e+00
823	 1.6000e-03	 8.8000e-03	 7.1593e+00	 6.2865e+00
824	 2.4000e-03	 8.8000e-03	 7.1527e+00	 6.2342e+00
825	 3.2000e-03	 8.8000e-03	 7.1356e+00	 6.1912e+00
826	 4.0000e-03	 8.8000e-03	 7.1336e+00	 6.1672e+00
827	 4.8000e-03	 8.8000e-03	 7.1221e+00	 6.1126e+00
828	 5.6000e-03	 8.8000e-03	 7.1001e+00	 6.0745e+00
829	 6.4000e-03	 8.8000e-03	 7.0820e+00	 6.0429e+00
830	 7.2000e-03	 8.8000e-03	 7.0784e+00	 6.0206e+00
831	 8.0000e-03	 8.8000e-03	 7.0744e+00	 6.0012e+00
832	 8.8000e-03	 8.8000e-03	 7.0735e+00	 5.9315e+00
833	 9.6000e-03	 8.8000e-03	 7.0567e+00	 5.8720e+00
834	 1.0400e-02	 8.8000e-03	 7.0580e+00	 5.8086e+00
835	 1.1200e-02	 8.8000e-03	 7.0455e+00	 5.7274e+00
836	 1.2000e-02	 8.8000e-03	 7.0225e+00	 5.5978e+00
837	-1.2000e-02	 9.6000e-03	 6.8259e+00	 7.0376e+00
838	-1.1200e-02	 9.6000e-03	 6.8605e+00	 6.9959e+00
839	-1.0400e-02	 9.6000e-03	 6.8923e+00	 6.9518e+00
840	-9.6000e-03	 9.6000e-03	 6.9331e+00	 6.9347e+00
841	-8.8000e-03	 9.6000e-03	 6.9581e+00	 6.8914e+00
842	-8.0000e-03	 9.6000e-03	 6.9725e+00	 6.8443e+00
843	-7.2000e-03	 9.6000e-03	 6.9985e+00	 6.7832e+00
844	-6.4000e-03	 9.6000e-03	 7.0235e+00	 6.7395e+00
845	-5.6000e-03	 9.6000e-03	 7.0462e+00	 6.7099e+00
846	-4.8000e-03	 9.6000e-03	 7.0712e+00	 6.6593e+00
847	-4.0000e-03	 9.6000e-03	 7.0876e+00	 6.6133e+00
848	-3.2000e-03	 9.6000e-03	 7.0929e+00	 6.5656e+00
849	-2.4000e-03	 9.6000e-03	 7.1116e+00	 6.4998e+00
850	-1.6000e-03	 9.6000e-03	 7.1297e+00	 6.4860e+00
851	-8.0000e-04	 9.6000e-03	 7.1274e+00	 6.4380e+00
852	 0.0000e+00	 9.6000e-03	 7.1231e+00	 6.4091e+00
853	 8.0000e-04	 9.6000e-03	 7.1330e+00	 6.3670e+00
854	 1.6000e-03	 9.6000e-03	 7.1185e+00	 6.3378e+00
855	 2.4000e-03	 9.6000e-03	 7.0994e+00	 6.2931e+00
856	 3.2000e-03	 9.6000e-03	 7.0991e+00	 6.2727e+00
857	 4.0000e-03	 9.6000e-03	 7.0975e+00	 6.2336e+00
858	 4.8000e-03	 9.6000e-03	 7.0738e+00	 6.2050e+00
859	 5.6000e-03	 9.6000e-03	 7.0761e+00	 6.1491e+00
860	 6.4000e-03	 9.6000e-03	 7.0593e+00	 6.1205e+00
861	 7.2000e-03	 9.6000e-03	 7.0580e+00	 6.0768e+00
862	 8.0000e-03	 9.6000e-03	 7.0435e+00	 6.0232e+00
863	 8.8000e-03	 9.6000e-03	 7.0551e+00	 5.9811e+00
864	 9.6000e-03	 9.6000e-03	 7.0462e+00	 5.9045e+00
865	 1.0400e-02	 9.6000e-03	 7.0505e+00	 5.8549e+00
866	 1.1200e-02	 9.6000e-03	 7.0386e+00	 5.7441e+00
867	 1.2000e-02	 9.6000e-03	 7.0153e+00	 5.5978e+00
868	-1.2000e-02	 1.0400e-02	 6.7707e+00	 6.9979e+00
869	-1.1200e-02	 1.0400e-02	 6.8118e+00	 6.9804e+00
870	-1.0400e-02	 1.0400e-02	 6.8542e+00	 6.9042e+00
871	-9.6000e-03	 1.0400e-02	 6.8785e+00	 6.8890e+00
872	-8.8000e-03	 1.0400e-02	 6.9071e+00	 6.8414e+00
873	-8.0000e-03	 1.0400e-02	 6.9292e+00	 6.8217e+00
874	-7.2000e-03	 1.0400e-02	 6.9545e+00	 6.7487e+00
875	-6.4000e-03	 1.0400e-02	 6.9844e+00	 6.7270e+00
876	-5.6000e-03	 1.0400e-02	 7.0136e+00	 6.6612e+00
877	-4.8000e-03	 1.0400e-02	 7.0330e+00	 6.6208e+00
878	-4.0000e-03	 1.0400e-02	 7.0628e+00	 6.5860e+00
879	-3.2000e-03	 1.0400e-02	 7.0603e+00	 6.5574e+00
880	-2.4000e-03	 1.0400e-02	 7.0764e+00	 6.5179e+00
881	-1.6000e-03	 1.0400e-02	 7.0938e+00	 6.4867e+00
882	-8.0000e-04	 1.0400e-02	 7.0961e+00	 6.4496e+00
883	 0.0000e+00	 1.0400e-02	 7.0981e+00	 6.4476e+00
884	 8.0000e-04	 1.0400e-02	 7.0929e+00	 6.3956e+00
885	 1.6000e-03	 1.0400e-02	 7.0830e+00	 6.3779e+00
886	 2.4000e-03	 1.0400e-02	 7.0738e+00	 6.3368e+00
887	 3.2000e-03	 1.0400e-02	 7.0610e+00	 6.3240e+00
888	 4.0000e-03	 1.0400e-02	 7.0698e+00	 6.2822e+00
889	 4.8000e-03	 1.0400e-02	 7.0409e+00	 6.2434e+00
890	 5.6000e-03	 1.0400e-02	 7.0327e+00	 6.1872e+00
891	 6.4000e-03	 1.0400e-02	 7.0386e+00	 6.1448e+00
892	 7.2000e-03	 1.0400e-02	 7.0340e+00	 6.1323e+00
893	 8.0000e-03	 1.0400e-02	 7.0182e+00	 6.0679e+00
894	 8.8000e-03	 1.0400e-02	 7.0146e+00	 6.0071e+00
895	 9.6000e-03	 1.0400e-02	 7.0182e+00	 5.9200e+00
896	 1.0400e-02	 1.0400e-02	 7.0403e+00	 5.8335e+00
897	 1.1200e-02	 1.0400e-02	 7.0235e+00	 5.7011e+00
898	 1.2000e-02	 1.0400e-02	 6.9857e+00	 5.5847e+00
899	-1.2000e-02	 1.1200e-02	 6.7276e+00	 6.9627e+00
900	-1.1200e-02	 1.1200e-02	 6.7701e+00	 6.9351e+00
901	-1.0400e-02	 1.1200e-02	 6.8046e+00	 6.8752e+00
902	-9.6000e-03	 1.1200e-02	 6.8358e+00	 6.8228e+00
903	-8.8000e-03	 1.1200e-02	 6.8720e+00	 6.7934e+00
904	-8.0000e-03	 1.1200e-02	 6.8825e+00	 6.7359e+00
905	-7.2000e-03	 1.1200e-02	 6.9229e+00	 6.7234e+00
906	-6.4000e-03	 1.1200e-02	 6.9449e+00	 6.6649e+00
907	-5.6000e-03	 1.1200e-02	 6.9771e+00	 6.6188e+00
908	-4.8000e-03	 1.1200e-02	 6.9811e+00	 6.5702e+00
909	-4.0000e-03	 1.1200e-02	 7.0166e+00	 6.5459e+00
910	-3.2000e-03	 1.1200e-02	 7.0340e+00	 6.5301e+00
911	-2.4000e-03	 1.1200e-02	 7.0403e+00	 6.5225e+00
912	-1.6000e-03	 1.1200e-02	 7.0580e+00	 6.4821e+00
913	-8.0000e-04	 1.1200e-02	 7.0629e+00	 6.4551e+00
914	 0.0000e+00	 1.1200e-02	 7.0636e+00	 6.4410e+00
915	 8.0000e-04	 1.1200e-02	 7.0659e+00	 6.4203e+00
916	 1.6000e-03	 1.1200e-02	 7.0702e+00	 6.3677e+00
917	 2.4000e-03	 1.1200e-02	 7.0623e+00	 6.3493e+00
918	 3.2000e-03	 1.1200e-02	 7.0488e+00	 6.3345e+00
919	 4.0000e-03	 1.1200e-02	 7.0376e+00	 6.3184e+00
920	 4.8000e-03	 1.1200e-02	 7.0304e+00	 6.2928e+00
921	 5.6000e-03	 1.1200e-02	 7.0284e+00	 6.2457e+00
922	 6.4000e-03	 1.1200e-02	 7.0163e+00	 6.1905e+00
923	 7.2000e-03	 1.1200e-02	 7.0169e+00	 6.1284e+00
924	 8.0000e-03	 1.1200e-02	 7.0123e+00	 6.0788e+00
925	 8.8000e-03	 1.1200e-02	 7.0071e+00	 6.0235e+00
926	 9.6000e-03	 1.1200e-02	 7.0005e+00	 5.9295e+00
927	 1.0400e-02	 1.1200e-02	 6.9906e+00	 5.8434e+00
928	 1.1200e-02	 1.1200e-02	 6.9732e+00	 5.6974e+00
929	 1.2000e-02	 1.1200e-02	 6.9515e+00	 5.5446e+00
930	-1.2000e-02	 1.2000e-02	 6.6793e+00	 6.8960e+00
931	-1.1200e-02	 1.2000e-02	 6.7066e+00	 6.8397e+00
932	-1.0400e-02	 1.2000e-02	 6.7520e+00	 6.8144e+00
933	-9.6000e-03	 1.2000e-02	 6.7793e+00	 6.7546e+00
934	-8.8000e-03	 1.2000e-02	 6.8095e+00	 6.7244e+00
935	-8.0000e-03	 1.2000e-02	 6.8282e+00	 6.6619e+00
936	-7.2000e-03	 1.2000e-02	 6.8644e+00	 6.6070e+00
937	-6.4000e-03	 1.2000e-02	 6.8881e+00	 6.5695e+00
938	-5.6000e-03	 1.2000e-02	 6.8992e+00	 6.5090e+00
939	-4.8000e-03	 1.2000e-02	 6.9390e+00	 6.4972e+00
940	-4.0000e-03	 1.2000e-02	 6.9699e+00	 6.4650e+00
941	-3.2000e-03	 1.2000e-02	 6.9939e+00	 6.4640e+00
942	-2.4000e-03	 1.2000e-02	 7.0067e+00	 6.4239e+00
943	-1.6000e-03	 1.2000e-02	 7.0163e+00	 6.3887e+00
944	-8.0000e-04	 1.2000e-02	 7.0202e+00	 6.3950e+00
945	 0.0000e+00	 1.2000e-02	 7.0350e+00	 6.3802e+00
946	 8.0000e-04	 1.2000e-02	 7.0389e+00	 6.3549e+00
947	 1.6000e-03	 1.2000e-02	 7.0383e+00	 6.3536e+00
948	 2.4000e-03	 1.2000e-02	 7.0225e+00	 6.3006e+00
949	 3.2000e-03	 1.2000e-02	 7.0386e+00	 6.3105e+00
950	 4.0000e-03	 1.2000e-02	 7.0113e+00	 6.2757e+00
951	 4.8000e-03	 1.2000e-02	 7.0090e+00	 6.2405e+00
952	 5.6000e-03	 1.2000e-02	 7.0071e+00	 6.1961e+00
953	 6.4000e-03	 1.2000e-02	 7.0038e+00	 6.1310e+00
954	 7.2000e-03	 1.2000e-02	 7.0038e+00	 6.0824e+00
955	 8.0000e-03	 1.2000e-02	 6.9893e+00	 6.0456e+00
956	 8.8000e-03	 1.2000e-02	 6.9887e+00	 5.9473e+00
957	 9.6000e-03	 1.2000e-02	 6.9709e+00	 5.8496e+00
958	 1.0400e-02	 1.2000e-02	 6.9578e+00	 5.7589e+00
959	 1.1200e-02	 1.2000e-02	 6.9338e+00	 5.6278e+00
960	 1.2000e-02	 1.2000e-02	 6.9032e+00	 5.4295e+00
