	x (m)	y (m)	Mesure ch1 (V)	Mesure ch2 (V)
0	-8.0000e-03	-8.0000e-03	 5.3838e+00	 9.5898e+00
1	-7.2000e-03	-8.0000e-03	 5.8966e+00	 9.7961e+00
2	-6.4000e-03	-8.0000e-03	 6.2112e+00	 5.8135e-01
3	-5.6000e-03	-8.0000e-03	 6.4834e+00	 1.4844e-01
4	-4.8000e-03	-8.0000e-03	 6.6514e+00	 1.7145e-01
5	-4.0000e-03	-8.0000e-03	 6.7977e+00	 2.2042e-01
6	-3.2000e-03	-8.0000e-03	 6.9180e+00	 2.8617e-01
7	-2.4000e-03	-8.0000e-03	 7.0107e+00	 3.3679e-01
8	-1.6000e-03	-8.0000e-03	 7.0725e+00	 3.6834e-01
9	-8.0000e-04	-8.0000e-03	 7.1270e+00	 4.0351e-01
10	 0.0000e+00	-8.0000e-03	 7.1593e+00	 4.2718e-01
11	 8.0000e-04	-8.0000e-03	 7.1767e+00	 4.4197e-01
12	 1.6000e-03	-8.0000e-03	 7.1902e+00	 4.6400e-01
13	 2.4000e-03	-8.0000e-03	 7.1849e+00	 4.8964e-01
14	 3.2000e-03	-8.0000e-03	 7.1760e+00	 5.1988e-01
15	 4.0000e-03	-8.0000e-03	 7.1376e+00	 4.8964e-01
16	 4.8000e-03	-8.0000e-03	 7.1001e+00	 4.6005e-01
17	 5.6000e-03	-8.0000e-03	 7.0242e+00	 4.6005e-01
18	 6.4000e-03	-8.0000e-03	 6.9545e+00	 4.4493e-01
19	 7.2000e-03	-8.0000e-03	 6.8519e+00	 4.4592e-01
20	 8.0000e-03	-8.0000e-03	 6.7063e+00	 4.3869e-01
21	-8.0000e-03	-7.2000e-03	 5.8464e+00	 2.8255e-01
22	-7.2000e-03	-7.2000e-03	 6.1987e+00	 1.9741e-01
23	-6.4000e-03	-7.2000e-03	 6.4742e+00	 1.7276e-01
24	-5.6000e-03	-7.2000e-03	 6.7099e+00	 2.8419e-01
25	-4.8000e-03	-7.2000e-03	 6.8575e+00	 3.2430e-01
26	-4.0000e-03	-7.2000e-03	 6.9877e+00	 3.9102e-01
27	-3.2000e-03	-7.2000e-03	 7.1007e+00	 4.8043e-01
28	-2.4000e-03	-7.2000e-03	 7.1803e+00	 5.1495e-01
29	-1.6000e-03	-7.2000e-03	 7.2319e+00	 5.4256e-01
30	-8.0000e-04	-7.2000e-03	 7.2743e+00	 5.6425e-01
31	 0.0000e+00	-7.2000e-03	 7.3062e+00	 6.1290e-01
32	 8.0000e-04	-7.2000e-03	 7.3233e+00	 6.2342e-01
33	 1.6000e-03	-7.2000e-03	 7.3430e+00	 6.4019e-01
34	 2.4000e-03	-7.2000e-03	 7.3249e+00	 6.2835e-01
35	 3.2000e-03	-7.2000e-03	 7.3128e+00	 6.6484e-01
36	 4.0000e-03	-7.2000e-03	 7.2835e+00	 6.5399e-01
37	 4.8000e-03	-7.2000e-03	 7.2529e+00	 6.3854e-01
38	 5.6000e-03	-7.2000e-03	 7.1948e+00	 6.1816e-01
39	 6.4000e-03	-7.2000e-03	 7.1228e+00	 6.1586e-01
40	 7.2000e-03	-7.2000e-03	 7.0330e+00	 5.9154e-01
41	 8.0000e-03	-7.2000e-03	 6.8983e+00	 6.0008e-01
42	-8.0000e-03	-6.4000e-03	 6.1475e+00	 3.1936e-01
43	-7.2000e-03	-6.4000e-03	 6.4489e+00	 2.6414e-01
44	-6.4000e-03	-6.4000e-03	 6.6944e+00	 3.4763e-01
45	-5.6000e-03	-6.4000e-03	 6.8917e+00	 4.1042e-01
46	-4.8000e-03	-6.4000e-03	 7.0468e+00	 4.9851e-01
47	-4.0000e-03	-6.4000e-03	 7.1652e+00	 5.5784e-01
48	-3.2000e-03	-6.4000e-03	 7.2552e+00	 6.2244e-01
49	-2.4000e-03	-6.4000e-03	 7.3276e+00	 6.6303e-01
50	-1.6000e-03	-6.4000e-03	 7.3825e+00	 7.1152e-01
51	-8.0000e-04	-6.4000e-03	 7.4189e+00	 7.2730e-01
52	 0.0000e+00	-6.4000e-03	 7.4443e+00	 7.5688e-01
53	 8.0000e-04	-6.4000e-03	 7.4525e+00	 7.5885e-01
54	 1.6000e-03	-6.4000e-03	 7.4633e+00	 7.5293e-01
55	 2.4000e-03	-6.4000e-03	 7.4541e+00	 7.8153e-01
56	 3.2000e-03	-6.4000e-03	 7.4541e+00	 7.9435e-01
57	 4.0000e-03	-6.4000e-03	 7.4239e+00	 7.8679e-01
58	 4.8000e-03	-6.4000e-03	 7.3874e+00	 8.0290e-01
59	 5.6000e-03	-6.4000e-03	 7.3404e+00	 8.0914e-01
60	 6.4000e-03	-6.4000e-03	 7.2746e+00	 7.5096e-01
61	 7.2000e-03	-6.4000e-03	 7.1856e+00	 7.4274e-01
62	 8.0000e-03	-6.4000e-03	 7.0692e+00	 7.3551e-01
63	-8.0000e-03	-5.6000e-03	 6.3953e+00	 3.7163e-01
64	-7.2000e-03	-5.6000e-03	 6.6622e+00	 4.1732e-01
65	-6.4000e-03	-5.6000e-03	 6.8756e+00	 4.7912e-01
66	-5.6000e-03	-5.6000e-03	 7.0613e+00	 5.7444e-01
67	-4.8000e-03	-5.6000e-03	 7.1957e+00	 6.3854e-01
68	-4.0000e-03	-5.6000e-03	 7.3223e+00	 7.1480e-01
69	-3.2000e-03	-5.6000e-03	 7.4055e+00	 7.6181e-01
70	-2.4000e-03	-5.6000e-03	 7.4666e+00	 7.9172e-01
71	-1.6000e-03	-5.6000e-03	 7.5123e+00	 8.1703e-01
72	-8.0000e-04	-5.6000e-03	 7.5422e+00	 8.4859e-01
73	 0.0000e+00	-5.6000e-03	 7.5672e+00	 8.7127e-01
74	 8.0000e-04	-5.6000e-03	 7.5807e+00	 8.8738e-01
75	 1.6000e-03	-5.6000e-03	 7.5810e+00	 9.0447e-01
76	 2.4000e-03	-5.6000e-03	 7.5817e+00	 9.1499e-01
77	 3.2000e-03	-5.6000e-03	 7.5682e+00	 9.1860e-01
78	 4.0000e-03	-5.6000e-03	 7.5491e+00	 9.3208e-01
79	 4.8000e-03	-5.6000e-03	 7.5084e+00	 9.3373e-01
80	 5.6000e-03	-5.6000e-03	 7.4640e+00	 9.1729e-01
81	 6.4000e-03	-5.6000e-03	 7.3979e+00	 9.3537e-01
82	 7.2000e-03	-5.6000e-03	 7.3187e+00	 9.0973e-01
83	 8.0000e-03	-5.6000e-03	 7.2096e+00	 8.6864e-01
84	-8.0000e-03	-4.8000e-03	 6.5971e+00	 5.0673e-01
85	-7.2000e-03	-4.8000e-03	 6.8361e+00	 5.4322e-01
86	-6.4000e-03	-4.8000e-03	 7.0508e+00	 5.9877e-01
87	-5.6000e-03	-4.8000e-03	 7.2128e+00	 6.8193e-01
88	-4.8000e-03	-4.8000e-03	 7.3401e+00	 7.6707e-01
89	-4.0000e-03	-4.8000e-03	 7.4541e+00	 8.3807e-01
90	-3.2000e-03	-4.8000e-03	 7.5347e+00	 9.0611e-01
91	-2.4000e-03	-4.8000e-03	 7.5850e+00	 9.3997e-01
92	-1.6000e-03	-4.8000e-03	 7.6297e+00	 9.7646e-01
93	-8.0000e-04	-4.8000e-03	 7.6583e+00	 9.8237e-01
94	 0.0000e+00	-4.8000e-03	 7.6770e+00	 9.9585e-01
95	 8.0000e-04	-4.8000e-03	 7.6911e+00	 9.9519e-01
96	 1.6000e-03	-4.8000e-03	 7.6934e+00	 1.0143e+00
97	 2.4000e-03	-4.8000e-03	 7.6888e+00	 1.0297e+00
98	 3.2000e-03	-4.8000e-03	 7.6783e+00	 1.0606e+00
99	 4.0000e-03	-4.8000e-03	 7.6537e+00	 1.0734e+00
100	 4.8000e-03	-4.8000e-03	 7.6201e+00	 1.0738e+00
101	 5.6000e-03	-4.8000e-03	 7.5784e+00	 1.0567e+00
102	 6.4000e-03	-4.8000e-03	 7.5149e+00	 1.0534e+00
103	 7.2000e-03	-4.8000e-03	 7.4341e+00	 1.0419e+00
104	 8.0000e-03	-4.8000e-03	 7.3364e+00	 9.8533e-01
105	-8.0000e-03	-4.0000e-03	 6.7549e+00	 5.9384e-01
106	-7.2000e-03	-4.0000e-03	 6.9864e+00	 6.3164e-01
107	-6.4000e-03	-4.0000e-03	 7.1839e+00	 6.8160e-01
108	-5.6000e-03	-4.0000e-03	 7.3414e+00	 7.8811e-01
109	-4.8000e-03	-4.0000e-03	 7.4617e+00	 8.8935e-01
110	-4.0000e-03	-4.0000e-03	 7.5646e+00	 9.5674e-01
111	-3.2000e-03	-4.0000e-03	 7.6356e+00	 1.0271e+00
112	-2.4000e-03	-4.0000e-03	 7.6892e+00	 1.0501e+00
113	-1.6000e-03	-4.0000e-03	 7.7312e+00	 1.0652e+00
114	-8.0000e-04	-4.0000e-03	 7.7549e+00	 1.0945e+00
115	 0.0000e+00	-4.0000e-03	 7.7743e+00	 1.1089e+00
116	 8.0000e-04	-4.0000e-03	 7.7855e+00	 1.1139e+00
117	 1.6000e-03	-4.0000e-03	 7.7842e+00	 1.1349e+00
118	 2.4000e-03	-4.0000e-03	 7.7842e+00	 1.1477e+00
119	 3.2000e-03	-4.0000e-03	 7.7690e+00	 1.1937e+00
120	 4.0000e-03	-4.0000e-03	 7.7470e+00	 1.1865e+00
121	 4.8000e-03	-4.0000e-03	 7.7148e+00	 1.1872e+00
122	 5.6000e-03	-4.0000e-03	 7.6684e+00	 1.1763e+00
123	 6.4000e-03	-4.0000e-03	 7.6073e+00	 1.1760e+00
124	 7.2000e-03	-4.0000e-03	 7.5350e+00	 1.1467e+00
125	 8.0000e-03	-4.0000e-03	 7.4341e+00	 1.1287e+00
126	-8.0000e-03	-3.2000e-03	 6.8802e+00	 6.5662e-01
127	-7.2000e-03	-3.2000e-03	 7.1014e+00	 6.9410e-01
128	-6.4000e-03	-3.2000e-03	 7.2937e+00	 7.8942e-01
129	-5.6000e-03	-3.2000e-03	 7.4452e+00	 8.8771e-01
130	-4.8000e-03	-3.2000e-03	 7.5692e+00	 9.8369e-01
131	-4.0000e-03	-3.2000e-03	 7.6540e+00	 1.0784e+00
132	-3.2000e-03	-3.2000e-03	 7.7191e+00	 1.1333e+00
133	-2.4000e-03	-3.2000e-03	 7.7651e+00	 1.1724e+00
134	-1.6000e-03	-3.2000e-03	 7.8052e+00	 1.1796e+00
135	-8.0000e-04	-3.2000e-03	 7.8305e+00	 1.1954e+00
136	 0.0000e+00	-3.2000e-03	 7.8512e+00	 1.2233e+00
137	 8.0000e-04	-3.2000e-03	 7.8594e+00	 1.2289e+00
138	 1.6000e-03	-3.2000e-03	 7.8647e+00	 1.2407e+00
139	 2.4000e-03	-3.2000e-03	 7.8611e+00	 1.2651e+00
140	 3.2000e-03	-3.2000e-03	 7.8466e+00	 1.2976e+00
141	 4.0000e-03	-3.2000e-03	 7.8256e+00	 1.3101e+00
142	 4.8000e-03	-3.2000e-03	 7.7911e+00	 1.3104e+00
143	 5.6000e-03	-3.2000e-03	 7.7421e+00	 1.2956e+00
144	 6.4000e-03	-3.2000e-03	 7.6846e+00	 1.2894e+00
145	 7.2000e-03	-3.2000e-03	 7.6172e+00	 1.2657e+00
146	 8.0000e-03	-3.2000e-03	 7.5271e+00	 1.2013e+00
147	-8.0000e-03	-2.4000e-03	 6.9702e+00	 6.9475e-01
148	-7.2000e-03	-2.4000e-03	 7.1898e+00	 7.4899e-01
149	-6.4000e-03	-2.4000e-03	 7.3772e+00	 8.7127e-01
150	-5.6000e-03	-2.4000e-03	 7.5251e+00	 9.8139e-01
151	-4.8000e-03	-2.4000e-03	 7.6412e+00	 1.0899e+00
152	-4.0000e-03	-2.4000e-03	 7.7233e+00	 1.1622e+00
153	-3.2000e-03	-2.4000e-03	 7.7861e+00	 1.2264e+00
154	-2.4000e-03	-2.4000e-03	 7.8279e+00	 1.2759e+00
155	-1.6000e-03	-2.4000e-03	 7.8673e+00	 1.2979e+00
156	-8.0000e-04	-2.4000e-03	 7.8920e+00	 1.2828e+00
157	 0.0000e+00	-2.4000e-03	 7.9127e+00	 1.2983e+00
158	 8.0000e-04	-2.4000e-03	 7.9222e+00	 1.3219e+00
159	 1.6000e-03	-2.4000e-03	 7.9295e+00	 1.3239e+00
160	 2.4000e-03	-2.4000e-03	 7.9242e+00	 1.3640e+00
161	 3.2000e-03	-2.4000e-03	 7.9061e+00	 1.3785e+00
162	 4.0000e-03	-2.4000e-03	 7.8828e+00	 1.4100e+00
163	 4.8000e-03	-2.4000e-03	 7.8443e+00	 1.3923e+00
164	 5.6000e-03	-2.4000e-03	 7.7986e+00	 1.3850e+00
165	 6.4000e-03	-2.4000e-03	 7.7441e+00	 1.3762e+00
166	 7.2000e-03	-2.4000e-03	 7.6698e+00	 1.3492e+00
167	 8.0000e-03	-2.4000e-03	 7.5787e+00	 1.3045e+00
168	-8.0000e-03	-1.6000e-03	 7.0409e+00	 7.4965e-01
169	-7.2000e-03	-1.6000e-03	 7.2602e+00	 8.3873e-01
170	-6.4000e-03	-1.6000e-03	 7.4449e+00	 9.4457e-01
171	-5.6000e-03	-1.6000e-03	 7.5808e+00	 1.0494e+00
172	-4.8000e-03	-1.6000e-03	 7.6888e+00	 1.1651e+00
173	-4.0000e-03	-1.6000e-03	 7.7690e+00	 1.2516e+00
174	-3.2000e-03	-1.6000e-03	 7.8295e+00	 1.2966e+00
175	-2.4000e-03	-1.6000e-03	 7.8709e+00	 1.3403e+00
176	-1.6000e-03	-1.6000e-03	 7.9032e+00	 1.3489e+00
177	-8.0000e-04	-1.6000e-03	 7.9324e+00	 1.3643e+00
178	 0.0000e+00	-1.6000e-03	 7.9511e+00	 1.3959e+00
179	 8.0000e-04	-1.6000e-03	 7.9682e+00	 1.4058e+00
180	 1.6000e-03	-1.6000e-03	 7.9702e+00	 1.4002e+00
181	 2.4000e-03	-1.6000e-03	 7.9617e+00	 1.4376e+00
182	 3.2000e-03	-1.6000e-03	 7.9469e+00	 1.4406e+00
183	 4.0000e-03	-1.6000e-03	 7.9183e+00	 1.4692e+00
184	 4.8000e-03	-1.6000e-03	 7.8824e+00	 1.4692e+00
185	 5.6000e-03	-1.6000e-03	 7.8407e+00	 1.4564e+00
186	 6.4000e-03	-1.6000e-03	 7.7796e+00	 1.4580e+00
187	 7.2000e-03	-1.6000e-03	 7.7125e+00	 1.4432e+00
188	 8.0000e-03	-1.6000e-03	 7.6270e+00	 1.3860e+00
189	-8.0000e-03	-8.0000e-04	 7.0892e+00	 8.1769e-01
190	-7.2000e-03	-8.0000e-04	 7.3019e+00	 8.8146e-01
191	-6.4000e-03	-8.0000e-04	 7.4788e+00	 1.0093e+00
192	-5.6000e-03	-8.0000e-04	 7.6175e+00	 1.1198e+00
193	-4.8000e-03	-8.0000e-04	 7.7233e+00	 1.2499e+00
194	-4.0000e-03	-8.0000e-04	 7.7940e+00	 1.3338e+00
195	-3.2000e-03	-8.0000e-04	 7.8515e+00	 1.3804e+00
196	-2.4000e-03	-8.0000e-04	 7.9009e+00	 1.4097e+00
197	-1.6000e-03	-8.0000e-04	 7.9275e+00	 1.4268e+00
198	-8.0000e-04	-8.0000e-04	 7.9531e+00	 1.4524e+00
199	 0.0000e+00	-8.0000e-04	 7.9755e+00	 1.4503e+00
200	 8.0000e-04	-8.0000e-04	 7.9903e+00	 1.4774e+00
201	 1.6000e-03	-8.0000e-04	 7.9945e+00	 1.4745e+00
202	 2.4000e-03	-8.0000e-04	 7.9850e+00	 1.4889e+00
203	 3.2000e-03	-8.0000e-04	 7.9663e+00	 1.5169e+00
204	 4.0000e-03	-8.0000e-04	 7.9360e+00	 1.5294e+00
205	 4.8000e-03	-8.0000e-04	 7.9012e+00	 1.5159e+00
206	 5.6000e-03	-8.0000e-04	 7.8519e+00	 1.5188e+00
207	 6.4000e-03	-8.0000e-04	 7.7983e+00	 1.5425e+00
208	 7.2000e-03	-8.0000e-04	 7.7299e+00	 1.4991e+00
209	 8.0000e-03	-8.0000e-04	 7.6481e+00	 1.4528e+00
210	-8.0000e-03	 0.0000e+00	 7.0961e+00	 8.5845e-01
211	-7.2000e-03	 0.0000e+00	 7.3246e+00	 9.2091e-01
212	-6.4000e-03	 0.0000e+00	 7.4893e+00	 1.0258e+00
213	-5.6000e-03	 0.0000e+00	 7.6237e+00	 1.1523e+00
214	-4.8000e-03	 0.0000e+00	 7.7312e+00	 1.2638e+00
215	-4.0000e-03	 0.0000e+00	 7.8029e+00	 1.3739e+00
216	-3.2000e-03	 0.0000e+00	 7.8588e+00	 1.4133e+00
217	-2.4000e-03	 0.0000e+00	 7.9012e+00	 1.4554e+00
218	-1.6000e-03	 0.0000e+00	 7.9334e+00	 1.4639e+00
219	-8.0000e-04	 0.0000e+00	 7.9594e+00	 1.4768e+00
220	 0.0000e+00	 0.0000e+00	 7.9761e+00	 1.4741e+00
221	 8.0000e-04	 0.0000e+00	 7.9916e+00	 1.5031e+00
222	 1.6000e-03	 0.0000e+00	 7.9936e+00	 1.5096e+00
223	 2.4000e-03	 0.0000e+00	 7.9870e+00	 1.5224e+00
224	 3.2000e-03	 0.0000e+00	 7.9715e+00	 1.5247e+00
225	 4.0000e-03	 0.0000e+00	 7.9423e+00	 1.5530e+00
226	 4.8000e-03	 0.0000e+00	 7.9055e+00	 1.5556e+00
227	 5.6000e-03	 0.0000e+00	 7.8555e+00	 1.5303e+00
228	 6.4000e-03	 0.0000e+00	 7.8009e+00	 1.5307e+00
229	 7.2000e-03	 0.0000e+00	 7.7339e+00	 1.5057e+00
230	 8.0000e-03	 0.0000e+00	 7.6517e+00	 1.4764e+00
231	-8.0000e-03	 8.0000e-04	 7.0952e+00	 8.5730e-01
232	-7.2000e-03	 8.0000e-04	 7.2990e+00	 9.2649e-01
233	-6.4000e-03	 8.0000e-04	 7.4742e+00	 1.0162e+00
234	-5.6000e-03	 8.0000e-04	 7.6162e+00	 1.1546e+00
235	-4.8000e-03	 8.0000e-04	 7.7145e+00	 1.2674e+00
236	-4.0000e-03	 8.0000e-04	 7.7897e+00	 1.3601e+00
237	-3.2000e-03	 8.0000e-04	 7.8460e+00	 1.4205e+00
238	-2.4000e-03	 8.0000e-04	 7.8857e+00	 1.4403e+00
239	-1.6000e-03	 8.0000e-04	 7.9199e+00	 1.4462e+00
240	-8.0000e-04	 8.0000e-04	 7.9446e+00	 1.4482e+00
241	 0.0000e+00	 8.0000e-04	 7.9653e+00	 1.4745e+00
242	 8.0000e-04	 8.0000e-04	 7.9751e+00	 1.4682e+00
243	 1.6000e-03	 8.0000e-04	 7.9791e+00	 1.4768e+00
244	 2.4000e-03	 8.0000e-04	 7.9725e+00	 1.4998e+00
245	 3.2000e-03	 8.0000e-04	 7.9538e+00	 1.4965e+00
246	 4.0000e-03	 8.0000e-04	 7.9265e+00	 1.5218e+00
247	 4.8000e-03	 8.0000e-04	 7.8844e+00	 1.5146e+00
248	 5.6000e-03	 8.0000e-04	 7.8394e+00	 1.5234e+00
249	 6.4000e-03	 8.0000e-04	 7.7845e+00	 1.5244e+00
250	 7.2000e-03	 8.0000e-04	 7.7187e+00	 1.5093e+00
251	 8.0000e-03	 8.0000e-04	 7.6359e+00	 1.4574e+00
252	-8.0000e-03	 1.6000e-03	 7.0537e+00	 8.5746e-01
253	-7.2000e-03	 1.6000e-03	 7.2684e+00	 9.1959e-01
254	-6.4000e-03	 1.6000e-03	 7.4466e+00	 1.0277e+00
255	-5.6000e-03	 1.6000e-03	 7.5751e+00	 1.1300e+00
256	-4.8000e-03	 1.6000e-03	 7.6865e+00	 1.2401e+00
257	-4.0000e-03	 1.6000e-03	 7.7585e+00	 1.3048e+00
258	-3.2000e-03	 1.6000e-03	 7.8101e+00	 1.3604e+00
259	-2.4000e-03	 1.6000e-03	 7.8515e+00	 1.3969e+00
260	-1.6000e-03	 1.6000e-03	 7.8821e+00	 1.3982e+00
261	-8.0000e-04	 1.6000e-03	 7.9081e+00	 1.4021e+00
262	 0.0000e+00	 1.6000e-03	 7.9225e+00	 1.4153e+00
263	 8.0000e-04	 1.6000e-03	 7.9410e+00	 1.4202e+00
264	 1.6000e-03	 1.6000e-03	 7.9442e+00	 1.4242e+00
265	 2.4000e-03	 1.6000e-03	 7.9383e+00	 1.4393e+00
266	 3.2000e-03	 1.6000e-03	 7.9216e+00	 1.4590e+00
267	 4.0000e-03	 1.6000e-03	 7.8946e+00	 1.4662e+00
268	 4.8000e-03	 1.6000e-03	 7.8571e+00	 1.4643e+00
269	 5.6000e-03	 1.6000e-03	 7.8075e+00	 1.4692e+00
270	 6.4000e-03	 1.6000e-03	 7.7549e+00	 1.4679e+00
271	 7.2000e-03	 1.6000e-03	 7.6908e+00	 1.4699e+00
272	 8.0000e-03	 1.6000e-03	 7.6096e+00	 1.4202e+00
273	-8.0000e-03	 2.4000e-03	 7.0002e+00	 7.9928e-01
274	-7.2000e-03	 2.4000e-03	 7.1957e+00	 8.7949e-01
275	-6.4000e-03	 2.4000e-03	 7.3696e+00	 9.5674e-01
276	-5.6000e-03	 2.4000e-03	 7.5084e+00	 1.0879e+00
277	-4.8000e-03	 2.4000e-03	 7.6228e+00	 1.1858e+00
278	-4.0000e-03	 2.4000e-03	 7.7003e+00	 1.2716e+00
279	-3.2000e-03	 2.4000e-03	 7.7588e+00	 1.3140e+00
280	-2.4000e-03	 2.4000e-03	 7.7986e+00	 1.3398e+00
281	-1.6000e-03	 2.4000e-03	 7.8289e+00	 1.3354e+00
282	-8.0000e-04	 2.4000e-03	 7.8489e+00	 1.3482e+00
283	 0.0000e+00	 2.4000e-03	 7.8677e+00	 1.3515e+00
284	 8.0000e-04	 2.4000e-03	 7.8795e+00	 1.3446e+00
285	 1.6000e-03	 2.4000e-03	 7.8864e+00	 1.3703e+00
286	 2.4000e-03	 2.4000e-03	 7.8831e+00	 1.3740e+00
287	 3.2000e-03	 2.4000e-03	 7.8709e+00	 1.3982e+00
288	 4.0000e-03	 2.4000e-03	 7.8450e+00	 1.4087e+00
289	 4.8000e-03	 2.4000e-03	 7.8111e+00	 1.4199e+00
290	 5.6000e-03	 2.4000e-03	 7.7625e+00	 1.4077e+00
291	 6.4000e-03	 2.4000e-03	 7.7049e+00	 1.4196e+00
292	 7.2000e-03	 2.4000e-03	 7.6385e+00	 1.4169e+00
293	 8.0000e-03	 2.4000e-03	 7.5521e+00	 1.3804e+00
294	-8.0000e-03	 3.2000e-03	 6.8983e+00	 7.7989e-01
295	-7.2000e-03	 3.2000e-03	 7.1146e+00	 8.2788e-01
296	-6.4000e-03	 3.2000e-03	 7.2812e+00	 9.1893e-01
297	-5.6000e-03	 3.2000e-03	 7.4351e+00	 1.0310e+00
298	-4.8000e-03	 3.2000e-03	 7.5373e+00	 1.1168e+00
299	-4.0000e-03	 3.2000e-03	 7.6201e+00	 1.1832e+00
300	-3.2000e-03	 3.2000e-03	 7.6852e+00	 1.2470e+00
301	-2.4000e-03	 3.2000e-03	 7.7266e+00	 1.2509e+00
302	-1.6000e-03	 3.2000e-03	 7.7556e+00	 1.2644e+00
303	-8.0000e-04	 3.2000e-03	 7.7792e+00	 1.2785e+00
304	 0.0000e+00	 3.2000e-03	 7.8006e+00	 1.2963e+00
305	 8.0000e-04	 3.2000e-03	 7.8114e+00	 1.2818e+00
306	 1.6000e-03	 3.2000e-03	 7.8141e+00	 1.2588e+00
307	 2.4000e-03	 3.2000e-03	 7.8111e+00	 1.2828e+00
308	 3.2000e-03	 3.2000e-03	 7.8029e+00	 1.3016e+00
309	 4.0000e-03	 3.2000e-03	 7.7835e+00	 1.3269e+00
310	 4.8000e-03	 3.2000e-03	 7.7437e+00	 1.3367e+00
311	 5.6000e-03	 3.2000e-03	 7.6961e+00	 1.3328e+00
312	 6.4000e-03	 3.2000e-03	 7.6405e+00	 1.3213e+00
313	 7.2000e-03	 3.2000e-03	 7.5662e+00	 1.3229e+00
314	 8.0000e-03	 3.2000e-03	 7.4840e+00	 1.2933e+00
315	-8.0000e-03	 4.0000e-03	 6.7917e+00	 7.3354e-01
316	-7.2000e-03	 4.0000e-03	 6.9992e+00	 7.6707e-01
317	-6.4000e-03	 4.0000e-03	 7.1773e+00	 8.5286e-01
318	-5.6000e-03	 4.0000e-03	 7.3177e+00	 9.4983e-01
319	-4.8000e-03	 4.0000e-03	 7.4318e+00	 1.0327e+00
320	-4.0000e-03	 4.0000e-03	 7.5225e+00	 1.0864e+00
321	-3.2000e-03	 4.0000e-03	 7.5827e+00	 1.1356e+00
322	-2.4000e-03	 4.0000e-03	 7.6313e+00	 1.1526e+00
323	-1.6000e-03	 4.0000e-03	 7.6642e+00	 1.1747e+00
324	-8.0000e-04	 4.0000e-03	 7.6915e+00	 1.1605e+00
325	 0.0000e+00	 4.0000e-03	 7.7092e+00	 1.1553e+00
326	 8.0000e-04	 4.0000e-03	 7.7237e+00	 1.1707e+00
327	 1.6000e-03	 4.0000e-03	 7.7293e+00	 1.1704e+00
328	 2.4000e-03	 4.0000e-03	 7.7253e+00	 1.1803e+00
329	 3.2000e-03	 4.0000e-03	 7.7191e+00	 1.2046e+00
330	 4.0000e-03	 4.0000e-03	 7.6954e+00	 1.2371e+00
331	 4.8000e-03	 4.0000e-03	 7.6589e+00	 1.2342e+00
332	 5.6000e-03	 4.0000e-03	 7.6142e+00	 1.2495e+00
333	 6.4000e-03	 4.0000e-03	 7.5537e+00	 1.2549e+00
334	 7.2000e-03	 4.0000e-03	 7.4804e+00	 1.2522e+00
335	 8.0000e-03	 4.0000e-03	 7.3887e+00	 1.2154e+00
336	-8.0000e-03	 4.8000e-03	 6.6254e+00	 6.9607e-01
337	-7.2000e-03	 4.8000e-03	 6.8470e+00	 6.9015e-01
338	-6.4000e-03	 4.8000e-03	 7.0366e+00	 7.7529e-01
339	-5.6000e-03	 4.8000e-03	 7.1898e+00	 8.4169e-01
340	-4.8000e-03	 4.8000e-03	 7.3069e+00	 9.4687e-01
341	-4.0000e-03	 4.8000e-03	 7.4088e+00	 1.0024e+00
342	-3.2000e-03	 4.8000e-03	 7.4775e+00	 1.0261e+00
343	-2.4000e-03	 4.8000e-03	 7.5271e+00	 1.0583e+00
344	-1.6000e-03	 4.8000e-03	 7.5662e+00	 1.0583e+00
345	-8.0000e-04	 4.8000e-03	 7.5889e+00	 1.0596e+00
346	 0.0000e+00	 4.8000e-03	 7.6070e+00	 1.0715e+00
347	 8.0000e-04	 4.8000e-03	 7.6257e+00	 1.0672e+00
348	 1.6000e-03	 4.8000e-03	 7.6293e+00	 1.0688e+00
349	 2.4000e-03	 4.8000e-03	 7.6303e+00	 1.0869e+00
350	 3.2000e-03	 4.8000e-03	 7.6231e+00	 1.0899e+00
351	 4.0000e-03	 4.8000e-03	 7.5971e+00	 1.1356e+00
352	 4.8000e-03	 4.8000e-03	 7.5583e+00	 1.1421e+00
353	 5.6000e-03	 4.8000e-03	 7.5103e+00	 1.1428e+00
354	 6.4000e-03	 4.8000e-03	 7.4551e+00	 1.1454e+00
355	 7.2000e-03	 4.8000e-03	 7.3746e+00	 1.1441e+00
356	 8.0000e-03	 4.8000e-03	 7.2753e+00	 1.1250e+00
357	-8.0000e-03	 5.6000e-03	 6.4364e+00	 6.4315e-01
358	-7.2000e-03	 5.6000e-03	 6.6599e+00	 6.0830e-01
359	-6.4000e-03	 5.6000e-03	 6.8729e+00	 6.7930e-01
360	-5.6000e-03	 5.6000e-03	 7.0327e+00	 7.5622e-01
361	-4.8000e-03	 5.6000e-03	 7.1616e+00	 7.9961e-01
362	-4.0000e-03	 5.6000e-03	 7.2710e+00	 8.6535e-01
363	-3.2000e-03	 5.6000e-03	 7.3476e+00	 9.1433e-01
364	-2.4000e-03	 5.6000e-03	 7.4101e+00	 9.2321e-01
365	-1.6000e-03	 5.6000e-03	 7.4429e+00	 9.3110e-01
366	-8.0000e-04	 5.6000e-03	 7.4778e+00	 9.3405e-01
367	 0.0000e+00	 5.6000e-03	 7.5047e+00	 9.3931e-01
368	 8.0000e-04	 5.6000e-03	 7.5139e+00	 9.3405e-01
369	 1.6000e-03	 5.6000e-03	 7.5195e+00	 9.2879e-01
370	 2.4000e-03	 5.6000e-03	 7.5189e+00	 9.4753e-01
371	 3.2000e-03	 5.6000e-03	 7.5077e+00	 9.7514e-01
372	 4.0000e-03	 5.6000e-03	 7.4817e+00	 1.0014e+00
373	 4.8000e-03	 5.6000e-03	 7.4426e+00	 1.0080e+00
374	 5.6000e-03	 5.6000e-03	 7.3844e+00	 1.0304e+00
375	 6.4000e-03	 5.6000e-03	 7.3318e+00	 1.0208e+00
376	 7.2000e-03	 5.6000e-03	 7.2378e+00	 1.0110e+00
377	 8.0000e-03	 5.6000e-03	 7.1405e+00	 1.0024e+00
378	-8.0000e-03	 6.4000e-03	 6.1494e+00	 6.1849e-01
379	-7.2000e-03	 6.4000e-03	 6.4065e+00	 5.4355e-01
380	-6.4000e-03	 6.4000e-03	 6.6571e+00	 6.0863e-01
381	-5.6000e-03	 6.4000e-03	 6.8414e+00	 6.3361e-01
382	-4.8000e-03	 6.4000e-03	 6.9785e+00	 7.1349e-01
383	-4.0000e-03	 6.4000e-03	 7.0975e+00	 7.6970e-01
384	-3.2000e-03	 6.4000e-03	 7.1856e+00	 7.8548e-01
385	-2.4000e-03	 6.4000e-03	 7.2589e+00	 8.1177e-01
386	-1.6000e-03	 6.4000e-03	 7.3082e+00	 8.1342e-01
387	-8.0000e-04	 6.4000e-03	 7.3453e+00	 8.2394e-01
388	 0.0000e+00	 6.4000e-03	 7.3719e+00	 8.2361e-01
389	 8.0000e-04	 6.4000e-03	 7.3956e+00	 8.1966e-01
390	 1.6000e-03	 6.4000e-03	 7.4002e+00	 8.1375e-01
391	 2.4000e-03	 6.4000e-03	 7.3959e+00	 8.3939e-01
392	 3.2000e-03	 6.4000e-03	 7.3762e+00	 8.4892e-01
393	 4.0000e-03	 6.4000e-03	 7.3555e+00	 8.6930e-01
394	 4.8000e-03	 6.4000e-03	 7.3105e+00	 8.8771e-01
395	 5.6000e-03	 6.4000e-03	 7.2536e+00	 9.0348e-01
396	 6.4000e-03	 6.4000e-03	 7.1895e+00	 9.0907e-01
397	 7.2000e-03	 6.4000e-03	 7.0863e+00	 9.1039e-01
398	 8.0000e-03	 6.4000e-03	 6.9706e+00	 8.6864e-01
399	-8.0000e-03	 7.2000e-03	 5.7113e+00	 7.2105e-01
400	-7.2000e-03	 7.2000e-03	 6.0643e+00	 5.2054e-01
401	-6.4000e-03	 7.2000e-03	 6.3437e+00	 5.0903e-01
402	-5.6000e-03	 7.2000e-03	 6.5656e+00	 5.4157e-01
403	-4.8000e-03	 7.2000e-03	 6.7569e+00	 6.1981e-01
404	-4.0000e-03	 7.2000e-03	 6.8923e+00	 6.0600e-01
405	-3.2000e-03	 7.2000e-03	 7.0038e+00	 6.5794e-01
406	-2.4000e-03	 7.2000e-03	 7.0728e+00	 7.0494e-01
407	-1.6000e-03	 7.2000e-03	 7.1366e+00	 7.0954e-01
408	-8.0000e-04	 7.2000e-03	 7.1852e+00	 6.9870e-01
409	 0.0000e+00	 7.2000e-03	 7.2224e+00	 6.9870e-01
410	 8.0000e-04	 7.2000e-03	 7.2398e+00	 6.9705e-01
411	 1.6000e-03	 7.2000e-03	 7.2477e+00	 7.2434e-01
412	 2.4000e-03	 7.2000e-03	 7.2483e+00	 7.1908e-01
413	 3.2000e-03	 7.2000e-03	 7.2342e+00	 7.4932e-01
414	 4.0000e-03	 7.2000e-03	 7.1951e+00	 7.6773e-01
415	 4.8000e-03	 7.2000e-03	 7.1468e+00	 7.5162e-01
416	 5.6000e-03	 7.2000e-03	 7.0902e+00	 7.7430e-01
417	 6.4000e-03	 7.2000e-03	 7.0084e+00	 7.7989e-01
418	 7.2000e-03	 7.2000e-03	 6.8890e+00	 7.8153e-01
419	 8.0000e-03	 7.2000e-03	 6.7467e+00	 8.0027e-01
420	-8.0000e-03	 8.0000e-03	 4.8076e+00	 1.4659e+00
421	-7.2000e-03	 8.0000e-03	 5.4961e+00	 7.4603e-01
422	-6.4000e-03	 8.0000e-03	 5.9167e+00	 4.5216e-01
423	-5.6000e-03	 8.0000e-03	 6.2219e+00	 4.6104e-01
424	-4.8000e-03	 8.0000e-03	 6.4357e+00	 4.7978e-01
425	-4.0000e-03	 8.0000e-03	 6.6290e+00	 4.9950e-01
426	-3.2000e-03	 8.0000e-03	 6.7434e+00	 5.2612e-01
427	-2.4000e-03	 8.0000e-03	 6.8407e+00	 5.5472e-01
428	-1.6000e-03	 8.0000e-03	 6.9311e+00	 5.6951e-01
429	-8.0000e-04	 8.0000e-03	 6.9755e+00	 5.5472e-01
430	 0.0000e+00	 8.0000e-03	 7.0311e+00	 5.7083e-01
431	 8.0000e-04	 8.0000e-03	 7.0547e+00	 5.7806e-01
432	 1.6000e-03	 8.0000e-03	 7.0774e+00	 5.8332e-01
433	 2.4000e-03	 8.0000e-03	 7.0708e+00	 5.7181e-01
434	 3.2000e-03	 8.0000e-03	 7.0574e+00	 5.9515e-01
435	 4.0000e-03	 8.0000e-03	 7.0159e+00	 6.2014e-01
436	 4.8000e-03	 8.0000e-03	 6.9508e+00	 6.4577e-01
437	 5.6000e-03	 8.0000e-03	 6.8654e+00	 6.3526e-01
438	 6.4000e-03	 8.0000e-03	 6.7783e+00	 6.4084e-01
439	 7.2000e-03	 8.0000e-03	 6.6537e+00	 6.9147e-01
440	 8.0000e-03	 8.0000e-03	 6.4781e+00	 7.0198e-01
