idx	pos (m)	Mesure ch1 (V)	Mesure ch2 (V)	pos Moteur (m)
0	-1.0000e-02	 6.9722e+00	 5.8529e+00	 2.6116e+02
1	-9.8000e-03	 6.9808e+00	 5.8427e+00	 2.6096e+02
2	-9.6000e-03	 6.9827e+00	 5.8112e+00	 2.6076e+02
3	-9.4000e-03	 6.9844e+00	 5.7852e+00	 2.6056e+02
4	-9.2000e-03	 7.0110e+00	 5.7435e+00	 2.6036e+02
5	-9.0000e-03	 7.0034e+00	 5.7612e+00	 2.6016e+02
6	-8.8000e-03	 7.0215e+00	 5.7172e+00	 2.5996e+02
7	-8.6000e-03	 7.0442e+00	 5.7066e+00	 2.5976e+02
8	-8.4000e-03	 7.0505e+00	 5.6698e+00	 2.5956e+02
9	-8.2000e-03	 7.0564e+00	 5.6465e+00	 2.5936e+02
10	-8.0000e-03	 7.0695e+00	 5.6093e+00	 2.5916e+02
11	-7.8000e-03	 7.0856e+00	 5.6018e+00	 2.5896e+02
12	-7.6000e-03	 7.0883e+00	 5.5831e+00	 2.5876e+02
13	-7.4000e-03	 7.1050e+00	 5.5551e+00	 2.5856e+02
14	-7.2000e-03	 7.1155e+00	 5.5306e+00	 2.5836e+02
15	-7.0000e-03	 7.1280e+00	 5.5216e+00	 2.5816e+02
16	-6.8000e-03	 7.1428e+00	 5.5045e+00	 2.5796e+02
17	-6.6000e-03	 7.1570e+00	 5.4785e+00	 2.5776e+02
18	-6.4000e-03	 7.1671e+00	 5.4525e+00	 2.5756e+02
19	-6.2000e-03	 7.1744e+00	 5.4243e+00	 2.5736e+02
20	-6.0000e-03	 7.1780e+00	 5.4157e+00	 2.5716e+02
21	-5.8000e-03	 7.1925e+00	 5.3934e+00	 2.5696e+02
22	-5.6000e-03	 7.2112e+00	 5.4026e+00	 2.5676e+02
23	-5.4000e-03	 7.2105e+00	 5.3641e+00	 2.5656e+02
24	-5.2000e-03	 7.2240e+00	 5.3474e+00	 2.5636e+02
25	-5.0000e-03	 7.2326e+00	 5.3408e+00	 2.5616e+02
26	-4.8000e-03	 7.2326e+00	 5.3165e+00	 2.5596e+02
27	-4.6000e-03	 7.2474e+00	 5.2997e+00	 2.5576e+02
28	-4.4000e-03	 7.2559e+00	 5.3086e+00	 2.5556e+02
29	-4.2000e-03	 7.2559e+00	 5.2652e+00	 2.5536e+02
30	-4.0000e-03	 7.2671e+00	 5.2731e+00	 2.5516e+02
31	-3.8000e-03	 7.2704e+00	 5.2609e+00	 2.5496e+02
32	-3.6000e-03	 7.2796e+00	 5.2672e+00	 2.5476e+02
33	-3.4000e-03	 7.2921e+00	 5.2504e+00	 2.5456e+02
34	-3.2000e-03	 7.2914e+00	 5.2484e+00	 2.5436e+02
35	-3.0000e-03	 7.2930e+00	 5.2343e+00	 2.5416e+02
36	-2.8000e-03	 7.3042e+00	 5.2372e+00	 2.5396e+02
37	-2.6000e-03	 7.3019e+00	 5.2343e+00	 2.5376e+02
38	-2.4000e-03	 7.3069e+00	 5.2152e+00	 2.5356e+02
39	-2.2000e-03	 7.3069e+00	 5.2070e+00	 2.5336e+02
40	-2.0000e-03	 7.3144e+00	 5.1968e+00	 2.5316e+02
41	-1.8000e-03	 7.3154e+00	 5.1919e+00	 2.5296e+02
42	-1.6000e-03	 7.3345e+00	 5.2090e+00	 2.5276e+02
43	-1.4000e-03	 7.3295e+00	 5.1853e+00	 2.5256e+02
44	-1.2000e-03	 7.3295e+00	 5.2001e+00	 2.5236e+02
45	-1.0000e-03	 7.3348e+00	 5.1869e+00	 2.5216e+02
46	-8.0000e-04	 7.3443e+00	 5.1695e+00	 2.5196e+02
47	-6.0000e-04	 7.3476e+00	 5.1912e+00	 2.5176e+02
48	-4.0000e-04	 7.3496e+00	 5.1827e+00	 2.5156e+02
49	-2.0000e-04	 7.3502e+00	 5.1804e+00	 2.5136e+02
50	 0.0000e+00	 7.3519e+00	 5.1853e+00	 2.5116e+02
51	 2.0000e-04	 7.3535e+00	 5.1906e+00	 2.5096e+02
52	 4.0000e-04	 7.3611e+00	 5.1883e+00	 2.5076e+02
53	 6.0000e-04	 7.3677e+00	 5.1823e+00	 2.5056e+02
54	 8.0000e-04	 7.3627e+00	 5.1820e+00	 2.5036e+02
55	 1.0000e-03	 7.3608e+00	 5.1965e+00	 2.5016e+02
56	 1.2000e-03	 7.3578e+00	 5.2054e+00	 2.4996e+02
57	 1.4000e-03	 7.3568e+00	 5.2123e+00	 2.4976e+02
58	 1.6000e-03	 7.3555e+00	 5.2123e+00	 2.4956e+02
59	 1.8000e-03	 7.3401e+00	 5.2231e+00	 2.4936e+02
60	 2.0000e-03	 7.3453e+00	 5.2175e+00	 2.4916e+02
61	 2.2000e-03	 7.3371e+00	 5.2382e+00	 2.4896e+02
62	 2.4000e-03	 7.3361e+00	 5.2629e+00	 2.4876e+02
63	 2.6000e-03	 7.3262e+00	 5.2563e+00	 2.4856e+02
64	 2.8000e-03	 7.3259e+00	 5.2813e+00	 2.4836e+02
65	 3.0000e-03	 7.3226e+00	 5.2790e+00	 2.4816e+02
66	 3.2000e-03	 7.3128e+00	 5.3017e+00	 2.4796e+02
67	 3.4000e-03	 7.3121e+00	 5.3395e+00	 2.4776e+02
68	 3.6000e-03	 7.3013e+00	 5.3326e+00	 2.4756e+02
69	 3.8000e-03	 7.2927e+00	 5.3648e+00	 2.4736e+02
70	 4.0000e-03	 7.2868e+00	 5.3691e+00	 2.4716e+02
71	 4.2000e-03	 7.2799e+00	 5.3723e+00	 2.4696e+02
72	 4.4000e-03	 7.2769e+00	 5.3843e+00	 2.4676e+02
73	 4.6000e-03	 7.2697e+00	 5.3957e+00	 2.4656e+02
74	 4.8000e-03	 7.2638e+00	 5.4069e+00	 2.4636e+02
75	 5.0000e-03	 7.2559e+00	 5.4529e+00	 2.4616e+02
76	 5.2000e-03	 7.2474e+00	 5.4318e+00	 2.4596e+02
77	 5.4000e-03	 7.2414e+00	 5.4700e+00	 2.4576e+02
78	 5.6000e-03	 7.2306e+00	 5.4677e+00	 2.4556e+02
79	 5.8000e-03	 7.2273e+00	 5.4815e+00	 2.4536e+02
80	 6.0000e-03	 7.2263e+00	 5.5091e+00	 2.4516e+02
81	 6.2000e-03	 7.2201e+00	 5.5045e+00	 2.4496e+02
82	 6.4000e-03	 7.2076e+00	 5.5275e+00	 2.4476e+02
83	 6.6000e-03	 7.2119e+00	 5.5341e+00	 2.4456e+02
84	 6.8000e-03	 7.2063e+00	 5.5439e+00	 2.4436e+02
85	 7.0000e-03	 7.2003e+00	 5.5489e+00	 2.4416e+02
86	 7.2000e-03	 7.1938e+00	 5.5821e+00	 2.4396e+02
87	 7.4000e-03	 7.1977e+00	 5.5890e+00	 2.4376e+02
88	 7.6000e-03	 7.1961e+00	 5.6008e+00	 2.4356e+02
89	 7.8000e-03	 7.1849e+00	 5.5896e+00	 2.4336e+02
90	 8.0000e-03	 7.1908e+00	 5.6136e+00	 2.4316e+02
91	 8.2000e-03	 7.1915e+00	 5.6077e+00	 2.4296e+02
92	 8.4000e-03	 7.1951e+00	 5.6084e+00	 2.4276e+02
93	 8.6000e-03	 7.1948e+00	 5.6156e+00	 2.4256e+02
94	 8.8000e-03	 7.1888e+00	 5.6005e+00	 2.4236e+02
95	 9.0000e-03	 7.1882e+00	 5.6255e+00	 2.4216e+02
96	 9.2000e-03	 7.1796e+00	 5.5893e+00	 2.4196e+02
97	 9.4000e-03	 7.1849e+00	 5.5903e+00	 2.4176e+02
98	 9.6000e-03	 7.1806e+00	 5.6021e+00	 2.4156e+02
99	 9.8000e-03	 7.1750e+00	 5.5837e+00	 2.4136e+02
100	 1.0000e-02	 7.1701e+00	 5.5775e+00	 2.4116e+02
