	x (m)	y (m)	Mesure ch1 (V)	Mesure ch2 (V)
0	-8.0000e-03	-8.0000e-03	 7.1987e+00	 7.0228e+00
1	-7.2000e-03	-8.0000e-03	 7.2082e+00	 6.9469e+00
2	-6.4000e-03	-8.0000e-03	 7.2125e+00	 6.8805e+00
3	-5.6000e-03	-8.0000e-03	 7.2161e+00	 6.7694e+00
4	-4.8000e-03	-8.0000e-03	 7.2303e+00	 6.6481e+00
5	-4.0000e-03	-8.0000e-03	 7.2207e+00	 6.5495e+00
6	-3.2000e-03	-8.0000e-03	 7.2391e+00	 6.4328e+00
7	-2.4000e-03	-8.0000e-03	 7.2309e+00	 6.3220e+00
8	-1.6000e-03	-8.0000e-03	 7.2368e+00	 6.1491e+00
9	-8.0000e-04	-8.0000e-03	 7.2335e+00	 6.1110e+00
10	 0.0000e+00	-8.0000e-03	 7.2411e+00	 6.0416e+00
11	 8.0000e-04	-8.0000e-03	 7.2329e+00	 6.0298e+00
12	 1.6000e-03	-8.0000e-03	 7.2355e+00	 5.9765e+00
13	 2.4000e-03	-8.0000e-03	 7.2312e+00	 5.9604e+00
14	 3.2000e-03	-8.0000e-03	 7.2411e+00	 5.9548e+00
15	 4.0000e-03	-8.0000e-03	 7.2289e+00	 5.9538e+00
16	 4.8000e-03	-8.0000e-03	 7.2247e+00	 5.9206e+00
17	 5.6000e-03	-8.0000e-03	 7.2207e+00	 5.8510e+00
18	 6.4000e-03	-8.0000e-03	 7.2033e+00	 5.7951e+00
19	 7.2000e-03	-8.0000e-03	 7.1928e+00	 5.7579e+00
20	 8.0000e-03	-8.0000e-03	 7.1520e+00	 5.6951e+00
21	-8.0000e-03	-7.2000e-03	 7.2382e+00	 6.9831e+00
22	-7.2000e-03	-7.2000e-03	 7.2546e+00	 6.8835e+00
23	-6.4000e-03	-7.2000e-03	 7.2529e+00	 6.8161e+00
24	-5.6000e-03	-7.2000e-03	 7.2556e+00	 6.7050e+00
25	-4.8000e-03	-7.2000e-03	 7.2661e+00	 6.6008e+00
26	-4.0000e-03	-7.2000e-03	 7.2796e+00	 6.4887e+00
27	-3.2000e-03	-7.2000e-03	 7.2904e+00	 6.3519e+00
28	-2.4000e-03	-7.2000e-03	 7.2937e+00	 6.2566e+00
29	-1.6000e-03	-7.2000e-03	 7.2986e+00	 6.1314e+00
30	-8.0000e-04	-7.2000e-03	 7.3092e+00	 6.0548e+00
31	 0.0000e+00	-7.2000e-03	 7.3092e+00	 5.9946e+00
32	 8.0000e-04	-7.2000e-03	 7.3003e+00	 5.9446e+00
33	 1.6000e-03	-7.2000e-03	 7.3019e+00	 5.9170e+00
34	 2.4000e-03	-7.2000e-03	 7.3023e+00	 5.8878e+00
35	 3.2000e-03	-7.2000e-03	 7.2947e+00	 5.8980e+00
36	 4.0000e-03	-7.2000e-03	 7.2917e+00	 5.8789e+00
37	 4.8000e-03	-7.2000e-03	 7.2894e+00	 5.8345e+00
38	 5.6000e-03	-7.2000e-03	 7.2796e+00	 5.7855e+00
39	 6.4000e-03	-7.2000e-03	 7.2658e+00	 5.7461e+00
40	 7.2000e-03	-7.2000e-03	 7.2405e+00	 5.7050e+00
41	 8.0000e-03	-7.2000e-03	 7.2184e+00	 5.6613e+00
42	-8.0000e-03	-6.4000e-03	 7.2727e+00	 6.9633e+00
43	-7.2000e-03	-6.4000e-03	 7.2904e+00	 6.8838e+00
44	-6.4000e-03	-6.4000e-03	 7.2937e+00	 6.8000e+00
45	-5.6000e-03	-6.4000e-03	 7.3052e+00	 6.7053e+00
46	-4.8000e-03	-6.4000e-03	 7.3154e+00	 6.5801e+00
47	-4.0000e-03	-6.4000e-03	 7.3305e+00	 6.4305e+00
48	-3.2000e-03	-6.4000e-03	 7.3456e+00	 6.3266e+00
49	-2.4000e-03	-6.4000e-03	 7.3512e+00	 6.1941e+00
50	-1.6000e-03	-6.4000e-03	 7.3542e+00	 6.0909e+00
51	-8.0000e-04	-6.4000e-03	 7.3627e+00	 5.9966e+00
52	 0.0000e+00	-6.4000e-03	 7.3677e+00	 5.9391e+00
53	 8.0000e-04	-6.4000e-03	 7.3667e+00	 5.8730e+00
54	 1.6000e-03	-6.4000e-03	 7.3644e+00	 5.8628e+00
55	 2.4000e-03	-6.4000e-03	 7.3611e+00	 5.8526e+00
56	 3.2000e-03	-6.4000e-03	 7.3594e+00	 5.8513e+00
57	 4.0000e-03	-6.4000e-03	 7.3470e+00	 5.8510e+00
58	 4.8000e-03	-6.4000e-03	 7.3420e+00	 5.8089e+00
59	 5.6000e-03	-6.4000e-03	 7.3262e+00	 5.7606e+00
60	 6.4000e-03	-6.4000e-03	 7.3230e+00	 5.7191e+00
61	 7.2000e-03	-6.4000e-03	 7.3019e+00	 5.6771e+00
62	 8.0000e-03	-6.4000e-03	 7.2700e+00	 5.6350e+00
63	-8.0000e-03	-5.6000e-03	 7.3019e+00	 6.9752e+00
64	-7.2000e-03	-5.6000e-03	 7.3170e+00	 6.8835e+00
65	-6.4000e-03	-5.6000e-03	 7.3279e+00	 6.7766e+00
66	-5.6000e-03	-5.6000e-03	 7.3453e+00	 6.6708e+00
67	-4.8000e-03	-5.6000e-03	 7.3604e+00	 6.5551e+00
68	-4.0000e-03	-5.6000e-03	 7.3749e+00	 6.4012e+00
69	-3.2000e-03	-5.6000e-03	 7.3940e+00	 6.2829e+00
70	-2.4000e-03	-5.6000e-03	 7.4035e+00	 6.1468e+00
71	-1.6000e-03	-5.6000e-03	 7.4143e+00	 6.0525e+00
72	-8.0000e-04	-5.6000e-03	 7.4226e+00	 5.9598e+00
73	 0.0000e+00	-5.6000e-03	 7.4265e+00	 5.8828e+00
74	 8.0000e-04	-5.6000e-03	 7.4216e+00	 5.8408e+00
75	 1.6000e-03	-5.6000e-03	 7.4219e+00	 5.8069e+00
76	 2.4000e-03	-5.6000e-03	 7.4219e+00	 5.8086e+00
77	 3.2000e-03	-5.6000e-03	 7.4160e+00	 5.8151e+00
78	 4.0000e-03	-5.6000e-03	 7.4009e+00	 5.8112e+00
79	 4.8000e-03	-5.6000e-03	 7.3982e+00	 5.7970e+00
80	 5.6000e-03	-5.6000e-03	 7.3890e+00	 5.7356e+00
81	 6.4000e-03	-5.6000e-03	 7.3706e+00	 5.7139e+00
82	 7.2000e-03	-5.6000e-03	 7.3499e+00	 5.6633e+00
83	 8.0000e-03	-5.6000e-03	 7.3180e+00	 5.6067e+00
84	-8.0000e-03	-4.8000e-03	 7.3213e+00	 6.9804e+00
85	-7.2000e-03	-4.8000e-03	 7.3440e+00	 6.8917e+00
86	-6.4000e-03	-4.8000e-03	 7.3667e+00	 6.7894e+00
87	-5.6000e-03	-4.8000e-03	 7.3785e+00	 6.6721e+00
88	-4.8000e-03	-4.8000e-03	 7.3926e+00	 6.5340e+00
89	-4.0000e-03	-4.8000e-03	 7.4111e+00	 6.4022e+00
90	-3.2000e-03	-4.8000e-03	 7.4370e+00	 6.2684e+00
91	-2.4000e-03	-4.8000e-03	 7.4456e+00	 6.1116e+00
92	-1.6000e-03	-4.8000e-03	 7.4531e+00	 5.9933e+00
93	-8.0000e-04	-4.8000e-03	 7.4617e+00	 5.9139e+00
94	 0.0000e+00	-4.8000e-03	 7.4738e+00	 5.8411e+00
95	 8.0000e-04	-4.8000e-03	 7.4712e+00	 5.8141e+00
96	 1.6000e-03	-4.8000e-03	 7.4686e+00	 5.7767e+00
97	 2.4000e-03	-4.8000e-03	 7.4604e+00	 5.7655e+00
98	 3.2000e-03	-4.8000e-03	 7.4623e+00	 5.7721e+00
99	 4.0000e-03	-4.8000e-03	 7.4482e+00	 5.8013e+00
100	 4.8000e-03	-4.8000e-03	 7.4383e+00	 5.7615e+00
101	 5.6000e-03	-4.8000e-03	 7.4370e+00	 5.7241e+00
102	 6.4000e-03	-4.8000e-03	 7.4203e+00	 5.6925e+00
103	 7.2000e-03	-4.8000e-03	 7.3903e+00	 5.6642e+00
104	 8.0000e-03	-4.8000e-03	 7.3545e+00	 5.6057e+00
105	-8.0000e-03	-4.0000e-03	 7.3456e+00	 6.9709e+00
106	-7.2000e-03	-4.0000e-03	 7.3621e+00	 6.8914e+00
107	-6.4000e-03	-4.0000e-03	 7.3798e+00	 6.7740e+00
108	-5.6000e-03	-4.0000e-03	 7.4081e+00	 6.6369e+00
109	-4.8000e-03	-4.0000e-03	 7.4245e+00	 6.4847e+00
110	-4.0000e-03	-4.0000e-03	 7.4397e+00	 6.3657e+00
111	-3.2000e-03	-4.0000e-03	 7.4656e+00	 6.2342e+00
112	-2.4000e-03	-4.0000e-03	 7.4765e+00	 6.0794e+00
113	-1.6000e-03	-4.0000e-03	 7.4883e+00	 5.9644e+00
114	-8.0000e-04	-4.0000e-03	 7.5067e+00	 5.8858e+00
115	 0.0000e+00	-4.0000e-03	 7.5093e+00	 5.8105e+00
116	 8.0000e-04	-4.0000e-03	 7.5153e+00	 5.7569e+00
117	 1.6000e-03	-4.0000e-03	 7.5159e+00	 5.7583e+00
118	 2.4000e-03	-4.0000e-03	 7.5064e+00	 5.7556e+00
119	 3.2000e-03	-4.0000e-03	 7.5051e+00	 5.7573e+00
120	 4.0000e-03	-4.0000e-03	 7.4972e+00	 5.7698e+00
121	 4.8000e-03	-4.0000e-03	 7.4896e+00	 5.7619e+00
122	 5.6000e-03	-4.0000e-03	 7.4817e+00	 5.7155e+00
123	 6.4000e-03	-4.0000e-03	 7.4604e+00	 5.6715e+00
124	 7.2000e-03	-4.0000e-03	 7.4291e+00	 5.6307e+00
125	 8.0000e-03	-4.0000e-03	 7.3966e+00	 5.5893e+00
126	-8.0000e-03	-3.2000e-03	 7.3631e+00	 6.9656e+00
127	-7.2000e-03	-3.2000e-03	 7.3841e+00	 6.8821e+00
128	-6.4000e-03	-3.2000e-03	 7.4012e+00	 6.7898e+00
129	-5.6000e-03	-3.2000e-03	 7.4239e+00	 6.6425e+00
130	-4.8000e-03	-3.2000e-03	 7.4515e+00	 6.4956e+00
131	-4.0000e-03	-3.2000e-03	 7.4660e+00	 6.3493e+00
132	-3.2000e-03	-3.2000e-03	 7.4916e+00	 6.1856e+00
133	-2.4000e-03	-3.2000e-03	 7.5080e+00	 6.0814e+00
134	-1.6000e-03	-3.2000e-03	 7.5225e+00	 5.9496e+00
135	-8.0000e-04	-3.2000e-03	 7.5402e+00	 5.8664e+00
136	 0.0000e+00	-3.2000e-03	 7.5462e+00	 5.7901e+00
137	 8.0000e-04	-3.2000e-03	 7.5445e+00	 5.7527e+00
138	 1.6000e-03	-3.2000e-03	 7.5445e+00	 5.7178e+00
139	 2.4000e-03	-3.2000e-03	 7.5416e+00	 5.7306e+00
140	 3.2000e-03	-3.2000e-03	 7.5448e+00	 5.7428e+00
141	 4.0000e-03	-3.2000e-03	 7.5383e+00	 5.7655e+00
142	 4.8000e-03	-3.2000e-03	 7.5287e+00	 5.7398e+00
143	 5.6000e-03	-3.2000e-03	 7.5143e+00	 5.7030e+00
144	 6.4000e-03	-3.2000e-03	 7.4985e+00	 5.6761e+00
145	 7.2000e-03	-3.2000e-03	 7.4686e+00	 5.6251e+00
146	 8.0000e-03	-3.2000e-03	 7.4354e+00	 5.5758e+00
147	-8.0000e-03	-2.4000e-03	 7.3670e+00	 6.9837e+00
148	-7.2000e-03	-2.4000e-03	 7.3913e+00	 6.8841e+00
149	-6.4000e-03	-2.4000e-03	 7.4196e+00	 6.7661e+00
150	-5.6000e-03	-2.4000e-03	 7.4400e+00	 6.6289e+00
151	-4.8000e-03	-2.4000e-03	 7.4650e+00	 6.4781e+00
152	-4.0000e-03	-2.4000e-03	 7.4919e+00	 6.3437e+00
153	-3.2000e-03	-2.4000e-03	 7.5097e+00	 6.1839e+00
154	-2.4000e-03	-2.4000e-03	 7.5248e+00	 6.0617e+00
155	-1.6000e-03	-2.4000e-03	 7.5452e+00	 5.9502e+00
156	-8.0000e-04	-2.4000e-03	 7.5541e+00	 5.8569e+00
157	 0.0000e+00	-2.4000e-03	 7.5702e+00	 5.7701e+00
158	 8.0000e-04	-2.4000e-03	 7.5757e+00	 5.7371e+00
159	 1.6000e-03	-2.4000e-03	 7.5731e+00	 5.7277e+00
160	 2.4000e-03	-2.4000e-03	 7.5741e+00	 5.7326e+00
161	 3.2000e-03	-2.4000e-03	 7.5711e+00	 5.7556e+00
162	 4.0000e-03	-2.4000e-03	 7.5659e+00	 5.7612e+00
163	 4.8000e-03	-2.4000e-03	 7.5600e+00	 5.7537e+00
164	 5.6000e-03	-2.4000e-03	 7.5511e+00	 5.7297e+00
165	 6.4000e-03	-2.4000e-03	 7.5307e+00	 5.6800e+00
166	 7.2000e-03	-2.4000e-03	 7.5031e+00	 5.6116e+00
167	 8.0000e-03	-2.4000e-03	 7.4640e+00	 5.5584e+00
168	-8.0000e-03	-1.6000e-03	 7.3749e+00	 6.9735e+00
169	-7.2000e-03	-1.6000e-03	 7.3950e+00	 6.8680e+00
170	-6.4000e-03	-1.6000e-03	 7.4166e+00	 6.7451e+00
171	-5.6000e-03	-1.6000e-03	 7.4472e+00	 6.6234e+00
172	-4.8000e-03	-1.6000e-03	 7.4755e+00	 6.4653e+00
173	-4.0000e-03	-1.6000e-03	 7.5064e+00	 6.3394e+00
174	-3.2000e-03	-1.6000e-03	 7.5202e+00	 6.1974e+00
175	-2.4000e-03	-1.6000e-03	 7.5432e+00	 6.0488e+00
176	-1.6000e-03	-1.6000e-03	 7.5646e+00	 5.9321e+00
177	-8.0000e-04	-1.6000e-03	 7.5813e+00	 5.8421e+00
178	 0.0000e+00	-1.6000e-03	 7.5866e+00	 5.7846e+00
179	 8.0000e-04	-1.6000e-03	 7.5938e+00	 5.7474e+00
180	 1.6000e-03	-1.6000e-03	 7.5948e+00	 5.7418e+00
181	 2.4000e-03	-1.6000e-03	 7.5958e+00	 5.7599e+00
182	 3.2000e-03	-1.6000e-03	 7.5942e+00	 5.7606e+00
183	 4.0000e-03	-1.6000e-03	 7.5928e+00	 5.7934e+00
184	 4.8000e-03	-1.6000e-03	 7.5925e+00	 5.7648e+00
185	 5.6000e-03	-1.6000e-03	 7.5820e+00	 5.7231e+00
186	 6.4000e-03	-1.6000e-03	 7.5652e+00	 5.6810e+00
187	 7.2000e-03	-1.6000e-03	 7.5317e+00	 5.6166e+00
188	 8.0000e-03	-1.6000e-03	 7.4926e+00	 5.5946e+00
189	-8.0000e-03	-8.0000e-04	 7.3756e+00	 6.9578e+00
190	-7.2000e-03	-8.0000e-04	 7.4009e+00	 6.8591e+00
191	-6.4000e-03	-8.0000e-04	 7.4189e+00	 6.7579e+00
192	-5.6000e-03	-8.0000e-04	 7.4502e+00	 6.6192e+00
193	-4.8000e-03	-8.0000e-04	 7.4768e+00	 6.4686e+00
194	-4.0000e-03	-8.0000e-04	 7.4992e+00	 6.3361e+00
195	-3.2000e-03	-8.0000e-04	 7.5251e+00	 6.2066e+00
196	-2.4000e-03	-8.0000e-04	 7.5498e+00	 6.0709e+00
197	-1.6000e-03	-8.0000e-04	 7.5652e+00	 5.9476e+00
198	-8.0000e-04	-8.0000e-04	 7.5803e+00	 5.8661e+00
199	 0.0000e+00	-8.0000e-04	 7.5994e+00	 5.7938e+00
200	 8.0000e-04	-8.0000e-04	 7.6004e+00	 5.7704e+00
201	 1.6000e-03	-8.0000e-04	 7.6014e+00	 5.7491e+00
202	 2.4000e-03	-8.0000e-04	 7.6070e+00	 5.7599e+00
203	 3.2000e-03	-8.0000e-04	 7.6037e+00	 5.7911e+00
204	 4.0000e-03	-8.0000e-04	 7.6086e+00	 5.7967e+00
205	 4.8000e-03	-8.0000e-04	 7.6063e+00	 5.7842e+00
206	 5.6000e-03	-8.0000e-04	 7.5948e+00	 5.7484e+00
207	 6.4000e-03	-8.0000e-04	 7.5800e+00	 5.6807e+00
208	 7.2000e-03	-8.0000e-04	 7.5504e+00	 5.6675e+00
209	 8.0000e-03	-8.0000e-04	 7.5139e+00	 5.6093e+00
210	-8.0000e-03	 0.0000e+00	 7.3719e+00	 6.9134e+00
211	-7.2000e-03	 0.0000e+00	 7.3959e+00	 6.8434e+00
212	-6.4000e-03	 0.0000e+00	 7.4137e+00	 6.7372e+00
213	-5.6000e-03	 0.0000e+00	 7.4410e+00	 6.6169e+00
214	-4.8000e-03	 0.0000e+00	 7.4617e+00	 6.4785e+00
215	-4.0000e-03	 0.0000e+00	 7.4932e+00	 6.3269e+00
216	-3.2000e-03	 0.0000e+00	 7.5212e+00	 6.1866e+00
217	-2.4000e-03	 0.0000e+00	 7.5370e+00	 6.0646e+00
218	-1.6000e-03	 0.0000e+00	 7.5588e+00	 5.9509e+00
219	-8.0000e-04	 0.0000e+00	 7.5764e+00	 5.8769e+00
220	 0.0000e+00	 0.0000e+00	 7.5938e+00	 5.8273e+00
221	 8.0000e-04	 0.0000e+00	 7.5922e+00	 5.7901e+00
222	 1.6000e-03	 0.0000e+00	 7.5974e+00	 5.7957e+00
223	 2.4000e-03	 0.0000e+00	 7.5938e+00	 5.7967e+00
224	 3.2000e-03	 0.0000e+00	 7.5955e+00	 5.8247e+00
225	 4.0000e-03	 0.0000e+00	 7.5922e+00	 5.8316e+00
226	 4.8000e-03	 0.0000e+00	 7.6027e+00	 5.8181e+00
227	 5.6000e-03	 0.0000e+00	 7.5869e+00	 5.7829e+00
228	 6.4000e-03	 0.0000e+00	 7.5725e+00	 5.7510e+00
229	 7.2000e-03	 0.0000e+00	 7.5501e+00	 5.6810e+00
230	 8.0000e-03	 0.0000e+00	 7.5182e+00	 5.6225e+00
231	-8.0000e-03	 8.0000e-04	 7.3558e+00	 6.9117e+00
232	-7.2000e-03	 8.0000e-04	 7.3756e+00	 6.8417e+00
233	-6.4000e-03	 8.0000e-04	 7.4032e+00	 6.7194e+00
234	-5.6000e-03	 8.0000e-04	 7.4288e+00	 6.6221e+00
235	-4.8000e-03	 8.0000e-04	 7.4479e+00	 6.4854e+00
236	-4.0000e-03	 8.0000e-04	 7.4761e+00	 6.3677e+00
237	-3.2000e-03	 8.0000e-04	 7.4985e+00	 6.2047e+00
238	-2.4000e-03	 8.0000e-04	 7.5245e+00	 6.0804e+00
239	-1.6000e-03	 8.0000e-04	 7.5419e+00	 5.9861e+00
240	-8.0000e-04	 8.0000e-04	 7.5567e+00	 5.8993e+00
241	 0.0000e+00	 8.0000e-04	 7.5619e+00	 5.8595e+00
242	 8.0000e-04	 8.0000e-04	 7.5744e+00	 5.8572e+00
243	 1.6000e-03	 8.0000e-04	 7.5725e+00	 5.8220e+00
244	 2.4000e-03	 8.0000e-04	 7.5754e+00	 5.8562e+00
245	 3.2000e-03	 8.0000e-04	 7.5774e+00	 5.8636e+00
246	 4.0000e-03	 8.0000e-04	 7.5820e+00	 5.8842e+00
247	 4.8000e-03	 8.0000e-04	 7.5711e+00	 5.8441e+00
248	 5.6000e-03	 8.0000e-04	 7.5702e+00	 5.8092e+00
249	 6.4000e-03	 8.0000e-04	 7.5544e+00	 5.7698e+00
250	 7.2000e-03	 8.0000e-04	 7.5425e+00	 5.7168e+00
251	 8.0000e-03	 8.0000e-04	 7.5103e+00	 5.6419e+00
252	-8.0000e-03	 1.6000e-03	 7.3312e+00	 6.9038e+00
253	-7.2000e-03	 1.6000e-03	 7.3558e+00	 6.8062e+00
254	-6.4000e-03	 1.6000e-03	 7.3811e+00	 6.7227e+00
255	-5.6000e-03	 1.6000e-03	 7.4022e+00	 6.5962e+00
256	-4.8000e-03	 1.6000e-03	 7.4239e+00	 6.4788e+00
257	-4.0000e-03	 1.6000e-03	 7.4459e+00	 6.3845e+00
258	-3.2000e-03	 1.6000e-03	 7.4666e+00	 6.2503e+00
259	-2.4000e-03	 1.6000e-03	 7.4893e+00	 6.1419e+00
260	-1.6000e-03	 1.6000e-03	 7.5034e+00	 6.0488e+00
261	-8.0000e-04	 1.6000e-03	 7.5189e+00	 5.9847e+00
262	 0.0000e+00	 1.6000e-03	 7.5314e+00	 5.9275e+00
263	 8.0000e-04	 1.6000e-03	 7.5347e+00	 5.9249e+00
264	 1.6000e-03	 1.6000e-03	 7.5314e+00	 5.9078e+00
265	 2.4000e-03	 1.6000e-03	 7.5356e+00	 5.9262e+00
266	 3.2000e-03	 1.6000e-03	 7.5409e+00	 5.9203e+00
267	 4.0000e-03	 1.6000e-03	 7.5432e+00	 5.9226e+00
268	 4.8000e-03	 1.6000e-03	 7.5465e+00	 5.8970e+00
269	 5.6000e-03	 1.6000e-03	 7.5373e+00	 5.8513e+00
270	 6.4000e-03	 1.6000e-03	 7.5337e+00	 5.8128e+00
271	 7.2000e-03	 1.6000e-03	 7.5149e+00	 5.7583e+00
272	 8.0000e-03	 1.6000e-03	 7.4916e+00	 5.7017e+00
273	-8.0000e-03	 2.4000e-03	 7.3039e+00	 6.9071e+00
274	-7.2000e-03	 2.4000e-03	 7.3161e+00	 6.8207e+00
275	-6.4000e-03	 2.4000e-03	 7.3463e+00	 6.7263e+00
276	-5.6000e-03	 2.4000e-03	 7.3756e+00	 6.6241e+00
277	-4.8000e-03	 2.4000e-03	 7.3900e+00	 6.4841e+00
278	-4.0000e-03	 2.4000e-03	 7.4081e+00	 6.4052e+00
279	-3.2000e-03	 2.4000e-03	 7.4344e+00	 6.2895e+00
280	-2.4000e-03	 2.4000e-03	 7.4505e+00	 6.1876e+00
281	-1.6000e-03	 2.4000e-03	 7.4702e+00	 6.1120e+00
282	-8.0000e-04	 2.4000e-03	 7.4735e+00	 6.0377e+00
283	 0.0000e+00	 2.4000e-03	 7.4834e+00	 6.0025e+00
284	 8.0000e-04	 2.4000e-03	 7.4978e+00	 5.9785e+00
285	 1.6000e-03	 2.4000e-03	 7.4906e+00	 5.9795e+00
286	 2.4000e-03	 2.4000e-03	 7.4896e+00	 5.9992e+00
287	 3.2000e-03	 2.4000e-03	 7.4926e+00	 5.9877e+00
288	 4.0000e-03	 2.4000e-03	 7.5024e+00	 5.9709e+00
289	 4.8000e-03	 2.4000e-03	 7.5080e+00	 5.9565e+00
290	 5.6000e-03	 2.4000e-03	 7.5008e+00	 5.8960e+00
291	 6.4000e-03	 2.4000e-03	 7.4955e+00	 5.8556e+00
292	 7.2000e-03	 2.4000e-03	 7.4834e+00	 5.7980e+00
293	 8.0000e-03	 2.4000e-03	 7.4535e+00	 5.7398e+00
294	-8.0000e-03	 3.2000e-03	 7.2658e+00	 6.8641e+00
295	-7.2000e-03	 3.2000e-03	 7.2871e+00	 6.7917e+00
296	-6.4000e-03	 3.2000e-03	 7.3151e+00	 6.7207e+00
297	-5.6000e-03	 3.2000e-03	 7.3345e+00	 6.6534e+00
298	-4.8000e-03	 3.2000e-03	 7.3486e+00	 6.5488e+00
299	-4.0000e-03	 3.2000e-03	 7.3703e+00	 6.4338e+00
300	-3.2000e-03	 3.2000e-03	 7.3913e+00	 6.3325e+00
301	-2.4000e-03	 3.2000e-03	 7.4022e+00	 6.2494e+00
302	-1.6000e-03	 3.2000e-03	 7.4163e+00	 6.1741e+00
303	-8.0000e-04	 3.2000e-03	 7.4278e+00	 6.1340e+00
304	 0.0000e+00	 3.2000e-03	 7.4328e+00	 6.1182e+00
305	 8.0000e-04	 3.2000e-03	 7.4360e+00	 6.0722e+00
306	 1.6000e-03	 3.2000e-03	 7.4390e+00	 6.0692e+00
307	 2.4000e-03	 3.2000e-03	 7.4482e+00	 6.0518e+00
308	 3.2000e-03	 3.2000e-03	 7.4571e+00	 6.0301e+00
309	 4.0000e-03	 3.2000e-03	 7.4633e+00	 6.0370e+00
310	 4.8000e-03	 3.2000e-03	 7.4604e+00	 5.9923e+00
311	 5.6000e-03	 3.2000e-03	 7.4614e+00	 5.9453e+00
312	 6.4000e-03	 3.2000e-03	 7.4577e+00	 5.8687e+00
313	 7.2000e-03	 3.2000e-03	 7.4423e+00	 5.8191e+00
314	 8.0000e-03	 3.2000e-03	 7.4104e+00	 5.7832e+00
315	-8.0000e-03	 4.0000e-03	 7.2174e+00	 6.8953e+00
316	-7.2000e-03	 4.0000e-03	 7.2388e+00	 6.8092e+00
317	-6.4000e-03	 4.0000e-03	 7.2598e+00	 6.7224e+00
318	-5.6000e-03	 4.0000e-03	 7.2907e+00	 6.6672e+00
319	-4.8000e-03	 4.0000e-03	 7.3075e+00	 6.5833e+00
320	-4.0000e-03	 4.0000e-03	 7.3256e+00	 6.5038e+00
321	-3.2000e-03	 4.0000e-03	 7.3422e+00	 6.4009e+00
322	-2.4000e-03	 4.0000e-03	 7.3585e+00	 6.3276e+00
323	-1.6000e-03	 4.0000e-03	 7.3752e+00	 6.2826e+00
324	-8.0000e-04	 4.0000e-03	 7.3739e+00	 6.2165e+00
325	 0.0000e+00	 4.0000e-03	 7.3802e+00	 6.1945e+00
326	 8.0000e-04	 4.0000e-03	 7.3867e+00	 6.1616e+00
327	 1.6000e-03	 4.0000e-03	 7.3936e+00	 6.1097e+00
328	 2.4000e-03	 4.0000e-03	 7.3923e+00	 6.0837e+00
329	 3.2000e-03	 4.0000e-03	 7.4097e+00	 6.0949e+00
330	 4.0000e-03	 4.0000e-03	 7.4065e+00	 6.0689e+00
331	 4.8000e-03	 4.0000e-03	 7.4120e+00	 6.0304e+00
332	 5.6000e-03	 4.0000e-03	 7.4117e+00	 5.9525e+00
333	 6.4000e-03	 4.0000e-03	 7.4084e+00	 5.9022e+00
334	 7.2000e-03	 4.0000e-03	 7.3940e+00	 5.8391e+00
335	 8.0000e-03	 4.0000e-03	 7.3673e+00	 5.8003e+00
336	-8.0000e-03	 4.8000e-03	 7.1645e+00	 6.8779e+00
337	-7.2000e-03	 4.8000e-03	 7.1852e+00	 6.8177e+00
338	-6.4000e-03	 4.8000e-03	 7.2119e+00	 6.7280e+00
339	-5.6000e-03	 4.8000e-03	 7.2431e+00	 6.6757e+00
340	-4.8000e-03	 4.8000e-03	 7.2526e+00	 6.6024e+00
341	-4.0000e-03	 4.8000e-03	 7.2786e+00	 6.5212e+00
342	-3.2000e-03	 4.8000e-03	 7.2894e+00	 6.4653e+00
343	-2.4000e-03	 4.8000e-03	 7.3032e+00	 6.3812e+00
344	-1.6000e-03	 4.8000e-03	 7.3256e+00	 6.3467e+00
345	-8.0000e-04	 4.8000e-03	 7.3358e+00	 6.2849e+00
346	 0.0000e+00	 4.8000e-03	 7.3394e+00	 6.2651e+00
347	 8.0000e-04	 4.8000e-03	 7.3479e+00	 6.2333e+00
348	 1.6000e-03	 4.8000e-03	 7.3525e+00	 6.1899e+00
349	 2.4000e-03	 4.8000e-03	 7.3552e+00	 6.1701e+00
350	 3.2000e-03	 4.8000e-03	 7.3575e+00	 6.1307e+00
351	 4.0000e-03	 4.8000e-03	 7.3710e+00	 6.1051e+00
352	 4.8000e-03	 4.8000e-03	 7.3565e+00	 6.0505e+00
353	 5.6000e-03	 4.8000e-03	 7.3611e+00	 5.9851e+00
354	 6.4000e-03	 4.8000e-03	 7.3453e+00	 5.9469e+00
355	 7.2000e-03	 4.8000e-03	 7.3417e+00	 5.8773e+00
356	 8.0000e-03	 4.8000e-03	 7.3157e+00	 5.8391e+00
357	-8.0000e-03	 5.6000e-03	 7.0892e+00	 6.8900e+00
358	-7.2000e-03	 5.6000e-03	 7.1149e+00	 6.8125e+00
359	-6.4000e-03	 5.6000e-03	 7.1533e+00	 6.7661e+00
360	-5.6000e-03	 5.6000e-03	 7.1764e+00	 6.7145e+00
361	-4.8000e-03	 5.6000e-03	 7.2003e+00	 6.6340e+00
362	-4.0000e-03	 5.6000e-03	 7.2303e+00	 6.5787e+00
363	-3.2000e-03	 5.6000e-03	 7.2414e+00	 6.4939e+00
364	-2.4000e-03	 5.6000e-03	 7.2621e+00	 6.4288e+00
365	-1.6000e-03	 5.6000e-03	 7.2654e+00	 6.3808e+00
366	-8.0000e-04	 5.6000e-03	 7.2809e+00	 6.3440e+00
367	 0.0000e+00	 5.6000e-03	 7.2861e+00	 6.3102e+00
368	 8.0000e-04	 5.6000e-03	 7.3026e+00	 6.2619e+00
369	 1.6000e-03	 5.6000e-03	 7.3019e+00	 6.2336e+00
370	 2.4000e-03	 5.6000e-03	 7.2996e+00	 6.1882e+00
371	 3.2000e-03	 5.6000e-03	 7.3118e+00	 6.1616e+00
372	 4.0000e-03	 5.6000e-03	 7.3177e+00	 6.1212e+00
373	 4.8000e-03	 5.6000e-03	 7.3118e+00	 6.0666e+00
374	 5.6000e-03	 5.6000e-03	 7.3147e+00	 5.9989e+00
375	 6.4000e-03	 5.6000e-03	 7.3026e+00	 5.9621e+00
376	 7.2000e-03	 5.6000e-03	 7.2792e+00	 5.8927e+00
377	 8.0000e-03	 5.6000e-03	 7.2572e+00	 5.8730e+00
378	-8.0000e-03	 6.4000e-03	 7.0268e+00	 6.9114e+00
379	-7.2000e-03	 6.4000e-03	 7.0656e+00	 6.8618e+00
380	-6.4000e-03	 6.4000e-03	 7.0932e+00	 6.7779e+00
381	-5.6000e-03	 6.4000e-03	 7.1109e+00	 6.7296e+00
382	-4.8000e-03	 6.4000e-03	 7.1428e+00	 6.6862e+00
383	-4.0000e-03	 6.4000e-03	 7.1668e+00	 6.5985e+00
384	-3.2000e-03	 6.4000e-03	 7.1925e+00	 6.5337e+00
385	-2.4000e-03	 6.4000e-03	 7.2073e+00	 6.4772e+00
386	-1.6000e-03	 6.4000e-03	 7.2234e+00	 6.4344e+00
387	-8.0000e-04	 6.4000e-03	 7.2270e+00	 6.3838e+00
388	 0.0000e+00	 6.4000e-03	 7.2447e+00	 6.3588e+00
389	 8.0000e-04	 6.4000e-03	 7.2457e+00	 6.3075e+00
390	 1.6000e-03	 6.4000e-03	 7.2526e+00	 6.2704e+00
391	 2.4000e-03	 6.4000e-03	 7.2615e+00	 6.2290e+00
392	 3.2000e-03	 6.4000e-03	 7.2566e+00	 6.1813e+00
393	 4.0000e-03	 6.4000e-03	 7.2654e+00	 6.1445e+00
394	 4.8000e-03	 6.4000e-03	 7.2464e+00	 6.0824e+00
395	 5.6000e-03	 6.4000e-03	 7.2444e+00	 6.0324e+00
396	 6.4000e-03	 6.4000e-03	 7.2240e+00	 5.9867e+00
397	 7.2000e-03	 6.4000e-03	 7.2171e+00	 5.9377e+00
398	 8.0000e-03	 6.4000e-03	 7.1928e+00	 5.9174e+00
399	-8.0000e-03	 7.2000e-03	 6.9722e+00	 6.9121e+00
400	-7.2000e-03	 7.2000e-03	 7.0077e+00	 6.8825e+00
401	-6.4000e-03	 7.2000e-03	 7.0383e+00	 6.8516e+00
402	-5.6000e-03	 7.2000e-03	 7.0646e+00	 6.7592e+00
403	-4.8000e-03	 7.2000e-03	 7.0896e+00	 6.7050e+00
404	-4.0000e-03	 7.2000e-03	 7.1129e+00	 6.6494e+00
405	-3.2000e-03	 7.2000e-03	 7.1372e+00	 6.5916e+00
406	-2.4000e-03	 7.2000e-03	 7.1468e+00	 6.5196e+00
407	-1.6000e-03	 7.2000e-03	 7.1632e+00	 6.4877e+00
408	-8.0000e-04	 7.2000e-03	 7.1859e+00	 6.4456e+00
409	 0.0000e+00	 7.2000e-03	 7.1977e+00	 6.3993e+00
410	 8.0000e-04	 7.2000e-03	 7.1994e+00	 6.3516e+00
411	 1.6000e-03	 7.2000e-03	 7.1954e+00	 6.3131e+00
412	 2.4000e-03	 7.2000e-03	 7.2043e+00	 6.2766e+00
413	 3.2000e-03	 7.2000e-03	 7.1902e+00	 6.2314e+00
414	 4.0000e-03	 7.2000e-03	 7.1872e+00	 6.1994e+00
415	 4.8000e-03	 7.2000e-03	 7.1819e+00	 6.1438e+00
416	 5.6000e-03	 7.2000e-03	 7.1724e+00	 6.1011e+00
417	 6.4000e-03	 7.2000e-03	 7.1645e+00	 6.0426e+00
418	 7.2000e-03	 7.2000e-03	 7.1435e+00	 6.0087e+00
419	 8.0000e-03	 7.2000e-03	 7.1389e+00	 5.9594e+00
420	-8.0000e-03	 8.0000e-03	 6.9298e+00	 6.9499e+00
421	-7.2000e-03	 8.0000e-03	 6.9660e+00	 6.9196e+00
422	-6.4000e-03	 8.0000e-03	 6.9857e+00	 6.8519e+00
423	-5.6000e-03	 8.0000e-03	 7.0202e+00	 6.7671e+00
424	-4.8000e-03	 8.0000e-03	 7.0370e+00	 6.7349e+00
425	-4.0000e-03	 8.0000e-03	 7.0629e+00	 6.6816e+00
426	-3.2000e-03	 8.0000e-03	 7.0830e+00	 6.6481e+00
427	-2.4000e-03	 8.0000e-03	 7.1129e+00	 6.5919e+00
428	-1.6000e-03	 8.0000e-03	 7.1172e+00	 6.5268e+00
429	-8.0000e-04	 8.0000e-03	 7.1303e+00	 6.4870e+00
430	 0.0000e+00	 8.0000e-03	 7.1418e+00	 6.4423e+00
431	 8.0000e-04	 8.0000e-03	 7.1520e+00	 6.4042e+00
432	 1.6000e-03	 8.0000e-03	 7.1586e+00	 6.3519e+00
433	 2.4000e-03	 8.0000e-03	 7.1494e+00	 6.3098e+00
434	 3.2000e-03	 8.0000e-03	 7.1458e+00	 6.2632e+00
435	 4.0000e-03	 8.0000e-03	 7.1428e+00	 6.2526e+00
436	 4.8000e-03	 8.0000e-03	 7.1244e+00	 6.2024e+00
437	 5.6000e-03	 8.0000e-03	 7.1326e+00	 6.1514e+00
438	 6.4000e-03	 8.0000e-03	 7.1195e+00	 6.1251e+00
439	 7.2000e-03	 8.0000e-03	 7.1057e+00	 6.0916e+00
440	 8.0000e-03	 8.0000e-03	 7.0705e+00	 6.0324e+00
