	x (m)	y (m)	Mesure ch1 (V)	Mesure ch2 (V)
0	-6.0000e-03	-6.0000e-03	 7.3700e+00	 6.3674e+00
1	-5.6000e-03	-6.0000e-03	 7.3848e+00	 6.3319e+00
2	-5.2000e-03	-6.0000e-03	 7.3894e+00	 6.2763e+00
3	-4.8000e-03	-6.0000e-03	 7.3920e+00	 6.2047e+00
4	-4.4000e-03	-6.0000e-03	 7.4009e+00	 6.1534e+00
5	-4.0000e-03	-6.0000e-03	 7.4002e+00	 6.1067e+00
6	-3.6000e-03	-6.0000e-03	 7.4068e+00	 6.0689e+00
7	-3.2000e-03	-6.0000e-03	 7.4032e+00	 6.0265e+00
8	-2.8000e-03	-6.0000e-03	 7.3992e+00	 5.9709e+00
9	-2.4000e-03	-6.0000e-03	 7.3877e+00	 5.9068e+00
10	-2.0000e-03	-6.0000e-03	 7.3834e+00	 5.8740e+00
11	-1.6000e-03	-6.0000e-03	 7.3739e+00	 5.8283e+00
12	-1.2000e-03	-6.0000e-03	 7.3535e+00	 5.7760e+00
13	-8.0000e-04	-6.0000e-03	 7.3470e+00	 5.7507e+00
14	-4.0000e-04	-6.0000e-03	 7.3430e+00	 5.7040e+00
15	 0.0000e+00	-6.0000e-03	 7.3351e+00	 5.6721e+00
16	 4.0000e-04	-6.0000e-03	 7.3239e+00	 5.6281e+00
17	 8.0000e-04	-6.0000e-03	 7.3184e+00	 5.6245e+00
18	 1.2000e-03	-6.0000e-03	 7.3055e+00	 5.5932e+00
19	 1.6000e-03	-6.0000e-03	 7.3046e+00	 5.5505e+00
20	 2.0000e-03	-6.0000e-03	 7.3032e+00	 5.5203e+00
21	 2.4000e-03	-6.0000e-03	 7.3111e+00	 5.4838e+00
22	 2.8000e-03	-6.0000e-03	 7.3042e+00	 5.4624e+00
23	 3.2000e-03	-6.0000e-03	 7.3006e+00	 5.4358e+00
24	 3.6000e-03	-6.0000e-03	 7.3095e+00	 5.4105e+00
25	 4.0000e-03	-6.0000e-03	 7.3029e+00	 5.3802e+00
26	 4.4000e-03	-6.0000e-03	 7.3115e+00	 5.3332e+00
27	 4.8000e-03	-6.0000e-03	 7.3088e+00	 5.3092e+00
28	 5.2000e-03	-6.0000e-03	 7.3092e+00	 5.2652e+00
29	 5.6000e-03	-6.0000e-03	 7.3046e+00	 5.2251e+00
30	 6.0000e-03	-6.0000e-03	 7.3069e+00	 5.1965e+00
31	-6.0000e-03	-5.6000e-03	 7.3953e+00	 6.3762e+00
32	-5.6000e-03	-5.6000e-03	 7.4081e+00	 6.3121e+00
33	-5.2000e-03	-5.6000e-03	 7.4091e+00	 6.2734e+00
34	-4.8000e-03	-5.6000e-03	 7.4166e+00	 6.2086e+00
35	-4.4000e-03	-5.6000e-03	 7.4295e+00	 6.1501e+00
36	-4.0000e-03	-5.6000e-03	 7.4242e+00	 6.1074e+00
37	-3.6000e-03	-5.6000e-03	 7.4278e+00	 6.0350e+00
38	-3.2000e-03	-5.6000e-03	 7.4235e+00	 6.0045e+00
39	-2.8000e-03	-5.6000e-03	 7.4252e+00	 5.9630e+00
40	-2.4000e-03	-5.6000e-03	 7.4150e+00	 5.9088e+00
41	-2.0000e-03	-5.6000e-03	 7.4005e+00	 5.8634e+00
42	-1.6000e-03	-5.6000e-03	 7.3979e+00	 5.7931e+00
43	-1.2000e-03	-5.6000e-03	 7.3805e+00	 5.7599e+00
44	-8.0000e-04	-5.6000e-03	 7.3792e+00	 5.7168e+00
45	-4.0000e-04	-5.6000e-03	 7.3621e+00	 5.6623e+00
46	 0.0000e+00	-5.6000e-03	 7.3578e+00	 5.6495e+00
47	 4.0000e-04	-5.6000e-03	 7.3486e+00	 5.5949e+00
48	 8.0000e-04	-5.6000e-03	 7.3368e+00	 5.5738e+00
49	 1.2000e-03	-5.6000e-03	 7.3305e+00	 5.5646e+00
50	 1.6000e-03	-5.6000e-03	 7.3322e+00	 5.5173e+00
51	 2.0000e-03	-5.6000e-03	 7.3236e+00	 5.4923e+00
52	 2.4000e-03	-5.6000e-03	 7.3230e+00	 5.4361e+00
53	 2.8000e-03	-5.6000e-03	 7.3305e+00	 5.4315e+00
54	 3.2000e-03	-5.6000e-03	 7.3249e+00	 5.3914e+00
55	 3.6000e-03	-5.6000e-03	 7.3318e+00	 5.3707e+00
56	 4.0000e-03	-5.6000e-03	 7.3378e+00	 5.3322e+00
57	 4.4000e-03	-5.6000e-03	 7.3328e+00	 5.2984e+00
58	 4.8000e-03	-5.6000e-03	 7.3226e+00	 5.2639e+00
59	 5.2000e-03	-5.6000e-03	 7.3285e+00	 5.2484e+00
60	 5.6000e-03	-5.6000e-03	 7.3312e+00	 5.2011e+00
61	 6.0000e-03	-5.6000e-03	 7.3269e+00	 5.1764e+00
62	-6.0000e-03	-5.2000e-03	 7.4150e+00	 6.3585e+00
63	-5.6000e-03	-5.2000e-03	 7.4258e+00	 6.3200e+00
64	-5.2000e-03	-5.2000e-03	 7.4318e+00	 6.2658e+00
65	-4.8000e-03	-5.2000e-03	 7.4397e+00	 6.1981e+00
66	-4.4000e-03	-5.2000e-03	 7.4387e+00	 6.1511e+00
67	-4.0000e-03	-5.2000e-03	 7.4492e+00	 6.0873e+00
68	-3.6000e-03	-5.2000e-03	 7.4443e+00	 6.0341e+00
69	-3.2000e-03	-5.2000e-03	 7.4439e+00	 5.9831e+00
70	-2.8000e-03	-5.2000e-03	 7.4439e+00	 5.9065e+00
71	-2.4000e-03	-5.2000e-03	 7.4360e+00	 5.8776e+00
72	-2.0000e-03	-5.2000e-03	 7.4262e+00	 5.8394e+00
73	-1.6000e-03	-5.2000e-03	 7.4137e+00	 5.7678e+00
74	-1.2000e-03	-5.2000e-03	 7.4045e+00	 5.7297e+00
75	-8.0000e-04	-5.2000e-03	 7.3897e+00	 5.6889e+00
76	-4.0000e-04	-5.2000e-03	 7.3871e+00	 5.6333e+00
77	 0.0000e+00	-5.2000e-03	 7.3723e+00	 5.6116e+00
78	 4.0000e-04	-5.2000e-03	 7.3608e+00	 5.5926e+00
79	 8.0000e-04	-5.2000e-03	 7.3604e+00	 5.5525e+00
80	 1.2000e-03	-5.2000e-03	 7.3555e+00	 5.5390e+00
81	 1.6000e-03	-5.2000e-03	 7.3591e+00	 5.5035e+00
82	 2.0000e-03	-5.2000e-03	 7.3394e+00	 5.4654e+00
83	 2.4000e-03	-5.2000e-03	 7.3535e+00	 5.4460e+00
84	 2.8000e-03	-5.2000e-03	 7.3433e+00	 5.4082e+00
85	 3.2000e-03	-5.2000e-03	 7.3571e+00	 5.3894e+00
86	 3.6000e-03	-5.2000e-03	 7.3555e+00	 5.3457e+00
87	 4.0000e-03	-5.2000e-03	 7.3532e+00	 5.3125e+00
88	 4.4000e-03	-5.2000e-03	 7.3558e+00	 5.2718e+00
89	 4.8000e-03	-5.2000e-03	 7.3519e+00	 5.2346e+00
90	 5.2000e-03	-5.2000e-03	 7.3548e+00	 5.2113e+00
91	 5.6000e-03	-5.2000e-03	 7.3493e+00	 5.1892e+00
92	 6.0000e-03	-5.2000e-03	 7.3519e+00	 5.1590e+00
93	-6.0000e-03	-4.8000e-03	 7.4347e+00	 6.3611e+00
94	-5.6000e-03	-4.8000e-03	 7.4397e+00	 6.3095e+00
95	-5.2000e-03	-4.8000e-03	 7.4452e+00	 6.2474e+00
96	-4.8000e-03	-4.8000e-03	 7.4492e+00	 6.1971e+00
97	-4.4000e-03	-4.8000e-03	 7.4528e+00	 6.1386e+00
98	-4.0000e-03	-4.8000e-03	 7.4597e+00	 6.0909e+00
99	-3.6000e-03	-4.8000e-03	 7.4584e+00	 6.0262e+00
100	-3.2000e-03	-4.8000e-03	 7.4614e+00	 5.9788e+00
101	-2.8000e-03	-4.8000e-03	 7.4518e+00	 5.9414e+00
102	-2.4000e-03	-4.8000e-03	 7.4521e+00	 5.8713e+00
103	-2.0000e-03	-4.8000e-03	 7.4508e+00	 5.8003e+00
104	-1.6000e-03	-4.8000e-03	 7.4337e+00	 5.7642e+00
105	-1.2000e-03	-4.8000e-03	 7.4275e+00	 5.6981e+00
106	-8.0000e-04	-4.8000e-03	 7.4163e+00	 5.6682e+00
107	-4.0000e-04	-4.8000e-03	 7.4045e+00	 5.6258e+00
108	 0.0000e+00	-4.8000e-03	 7.3936e+00	 5.5975e+00
109	 4.0000e-04	-4.8000e-03	 7.3923e+00	 5.5617e+00
110	 8.0000e-04	-4.8000e-03	 7.3775e+00	 5.5548e+00
111	 1.2000e-03	-4.8000e-03	 7.3716e+00	 5.5259e+00
112	 1.6000e-03	-4.8000e-03	 7.3729e+00	 5.4834e+00
113	 2.0000e-03	-4.8000e-03	 7.3687e+00	 5.4696e+00
114	 2.4000e-03	-4.8000e-03	 7.3683e+00	 5.4088e+00
115	 2.8000e-03	-4.8000e-03	 7.3644e+00	 5.3911e+00
116	 3.2000e-03	-4.8000e-03	 7.3631e+00	 5.3572e+00
117	 3.6000e-03	-4.8000e-03	 7.3687e+00	 5.3296e+00
118	 4.0000e-03	-4.8000e-03	 7.3710e+00	 5.3142e+00
119	 4.4000e-03	-4.8000e-03	 7.3664e+00	 5.2908e+00
120	 4.8000e-03	-4.8000e-03	 7.3719e+00	 5.2445e+00
121	 5.2000e-03	-4.8000e-03	 7.3723e+00	 5.2274e+00
122	 5.6000e-03	-4.8000e-03	 7.3716e+00	 5.1909e+00
123	 6.0000e-03	-4.8000e-03	 7.3687e+00	 5.1646e+00
124	-6.0000e-03	-4.4000e-03	 7.4469e+00	 6.3592e+00
125	-5.6000e-03	-4.4000e-03	 7.4600e+00	 6.3171e+00
126	-5.2000e-03	-4.4000e-03	 7.4610e+00	 6.2697e+00
127	-4.8000e-03	-4.4000e-03	 7.4627e+00	 6.2020e+00
128	-4.4000e-03	-4.4000e-03	 7.4758e+00	 6.1208e+00
129	-4.0000e-03	-4.4000e-03	 7.4794e+00	 6.0853e+00
130	-3.6000e-03	-4.4000e-03	 7.4807e+00	 6.0091e+00
131	-3.2000e-03	-4.4000e-03	 7.4768e+00	 5.9499e+00
132	-2.8000e-03	-4.4000e-03	 7.4771e+00	 5.8940e+00
133	-2.4000e-03	-4.4000e-03	 7.4745e+00	 5.8362e+00
134	-2.0000e-03	-4.4000e-03	 7.4653e+00	 5.7974e+00
135	-1.6000e-03	-4.4000e-03	 7.4489e+00	 5.7352e+00
136	-1.2000e-03	-4.4000e-03	 7.4364e+00	 5.7020e+00
137	-8.0000e-04	-4.4000e-03	 7.4308e+00	 5.6432e+00
138	-4.0000e-04	-4.4000e-03	 7.4163e+00	 5.6103e+00
139	 0.0000e+00	-4.4000e-03	 7.4153e+00	 5.5877e+00
140	 4.0000e-04	-4.4000e-03	 7.4084e+00	 5.5545e+00
141	 8.0000e-04	-4.4000e-03	 7.3963e+00	 5.5088e+00
142	 1.2000e-03	-4.4000e-03	 7.3864e+00	 5.4854e+00
143	 1.6000e-03	-4.4000e-03	 7.3857e+00	 5.4572e+00
144	 2.0000e-03	-4.4000e-03	 7.3864e+00	 5.4315e+00
145	 2.4000e-03	-4.4000e-03	 7.3838e+00	 5.4019e+00
146	 2.8000e-03	-4.4000e-03	 7.3854e+00	 5.3658e+00
147	 3.2000e-03	-4.4000e-03	 7.3867e+00	 5.3506e+00
148	 3.6000e-03	-4.4000e-03	 7.3864e+00	 5.3283e+00
149	 4.0000e-03	-4.4000e-03	 7.3828e+00	 5.2859e+00
150	 4.4000e-03	-4.4000e-03	 7.3917e+00	 5.2655e+00
151	 4.8000e-03	-4.4000e-03	 7.3884e+00	 5.2271e+00
152	 5.2000e-03	-4.4000e-03	 7.3917e+00	 5.1860e+00
153	 5.6000e-03	-4.4000e-03	 7.3900e+00	 5.1626e+00
154	 6.0000e-03	-4.4000e-03	 7.3874e+00	 5.1321e+00
155	-6.0000e-03	-4.0000e-03	 7.4660e+00	 6.3759e+00
156	-5.6000e-03	-4.0000e-03	 7.4666e+00	 6.3214e+00
157	-5.2000e-03	-4.0000e-03	 7.4742e+00	 6.2615e+00
158	-4.8000e-03	-4.0000e-03	 7.4775e+00	 6.1968e+00
159	-4.4000e-03	-4.0000e-03	 7.4916e+00	 6.1422e+00
160	-4.0000e-03	-4.0000e-03	 7.4870e+00	 6.1031e+00
161	-3.6000e-03	-4.0000e-03	 7.4942e+00	 6.0380e+00
162	-3.2000e-03	-4.0000e-03	 7.4969e+00	 5.9571e+00
163	-2.8000e-03	-4.0000e-03	 7.4913e+00	 5.9016e+00
164	-2.4000e-03	-4.0000e-03	 7.4903e+00	 5.8464e+00
165	-2.0000e-03	-4.0000e-03	 7.4791e+00	 5.7970e+00
166	-1.6000e-03	-4.0000e-03	 7.4627e+00	 5.7149e+00
167	-1.2000e-03	-4.0000e-03	 7.4531e+00	 5.6935e+00
168	-8.0000e-04	-4.0000e-03	 7.4472e+00	 5.6557e+00
169	-4.0000e-04	-4.0000e-03	 7.4383e+00	 5.6126e+00
170	 0.0000e+00	-4.0000e-03	 7.4291e+00	 5.5545e+00
171	 4.0000e-04	-4.0000e-03	 7.4216e+00	 5.5541e+00
172	 8.0000e-04	-4.0000e-03	 7.4104e+00	 5.5065e+00
173	 1.2000e-03	-4.0000e-03	 7.4061e+00	 5.4769e+00
174	 1.6000e-03	-4.0000e-03	 7.4009e+00	 5.4598e+00
175	 2.0000e-03	-4.0000e-03	 7.4071e+00	 5.4184e+00
176	 2.4000e-03	-4.0000e-03	 7.4019e+00	 5.3812e+00
177	 2.8000e-03	-4.0000e-03	 7.4028e+00	 5.3526e+00
178	 3.2000e-03	-4.0000e-03	 7.4051e+00	 5.3424e+00
179	 3.6000e-03	-4.0000e-03	 7.4091e+00	 5.3033e+00
180	 4.0000e-03	-4.0000e-03	 7.4015e+00	 5.2846e+00
181	 4.4000e-03	-4.0000e-03	 7.4068e+00	 5.2543e+00
182	 4.8000e-03	-4.0000e-03	 7.4104e+00	 5.2307e+00
183	 5.2000e-03	-4.0000e-03	 7.4163e+00	 5.1929e+00
184	 5.6000e-03	-4.0000e-03	 7.4189e+00	 5.1557e+00
185	 6.0000e-03	-4.0000e-03	 7.4074e+00	 5.1416e+00
186	-6.0000e-03	-3.6000e-03	 7.4676e+00	 6.3598e+00
187	-5.6000e-03	-3.6000e-03	 7.4827e+00	 6.3000e+00
188	-5.2000e-03	-3.6000e-03	 7.4890e+00	 6.2490e+00
189	-4.8000e-03	-3.6000e-03	 7.4923e+00	 6.1968e+00
190	-4.4000e-03	-3.6000e-03	 7.4959e+00	 6.1198e+00
191	-4.0000e-03	-3.6000e-03	 7.5018e+00	 6.0653e+00
192	-3.6000e-03	-3.6000e-03	 7.5051e+00	 6.0074e+00
193	-3.2000e-03	-3.6000e-03	 7.5077e+00	 5.9502e+00
194	-2.8000e-03	-3.6000e-03	 7.5077e+00	 5.8917e+00
195	-2.4000e-03	-3.6000e-03	 7.4992e+00	 5.8210e+00
196	-2.0000e-03	-3.6000e-03	 7.4942e+00	 5.7767e+00
197	-1.6000e-03	-3.6000e-03	 7.4834e+00	 5.7168e+00
198	-1.2000e-03	-3.6000e-03	 7.4775e+00	 5.6649e+00
199	-8.0000e-04	-3.6000e-03	 7.4696e+00	 5.6360e+00
200	-4.0000e-04	-3.6000e-03	 7.4558e+00	 5.5969e+00
201	 0.0000e+00	-3.6000e-03	 7.4485e+00	 5.5873e+00
202	 4.0000e-04	-3.6000e-03	 7.4334e+00	 5.5180e+00
203	 8.0000e-04	-3.6000e-03	 7.4282e+00	 5.4897e+00
204	 1.2000e-03	-3.6000e-03	 7.4150e+00	 5.4756e+00
205	 1.6000e-03	-3.6000e-03	 7.4193e+00	 5.4417e+00
206	 2.0000e-03	-3.6000e-03	 7.4176e+00	 5.4016e+00
207	 2.4000e-03	-3.6000e-03	 7.4226e+00	 5.3635e+00
208	 2.8000e-03	-3.6000e-03	 7.4150e+00	 5.3257e+00
209	 3.2000e-03	-3.6000e-03	 7.4209e+00	 5.3257e+00
210	 3.6000e-03	-3.6000e-03	 7.4278e+00	 5.3027e+00
211	 4.0000e-03	-3.6000e-03	 7.4229e+00	 5.2780e+00
212	 4.4000e-03	-3.6000e-03	 7.4278e+00	 5.2343e+00
213	 4.8000e-03	-3.6000e-03	 7.4341e+00	 5.2083e+00
214	 5.2000e-03	-3.6000e-03	 7.4265e+00	 5.1794e+00
215	 5.6000e-03	-3.6000e-03	 7.4291e+00	 5.1307e+00
216	 6.0000e-03	-3.6000e-03	 7.4252e+00	 5.1156e+00
217	-6.0000e-03	-3.2000e-03	 7.4807e+00	 6.3608e+00
218	-5.6000e-03	-3.2000e-03	 7.4939e+00	 6.2967e+00
219	-5.2000e-03	-3.2000e-03	 7.4929e+00	 6.2533e+00
220	-4.8000e-03	-3.2000e-03	 7.5051e+00	 6.1974e+00
221	-4.4000e-03	-3.2000e-03	 7.5116e+00	 6.1484e+00
222	-4.0000e-03	-3.2000e-03	 7.5156e+00	 6.0889e+00
223	-3.6000e-03	-3.2000e-03	 7.5192e+00	 5.9943e+00
224	-3.2000e-03	-3.2000e-03	 7.5189e+00	 5.9663e+00
225	-2.8000e-03	-3.2000e-03	 7.5172e+00	 5.8868e+00
226	-2.4000e-03	-3.2000e-03	 7.5103e+00	 5.8378e+00
227	-2.0000e-03	-3.2000e-03	 7.5054e+00	 5.7832e+00
228	-1.6000e-03	-3.2000e-03	 7.4969e+00	 5.7205e+00
229	-1.2000e-03	-3.2000e-03	 7.4844e+00	 5.6725e+00
230	-8.0000e-04	-3.2000e-03	 7.4771e+00	 5.6228e+00
231	-4.0000e-04	-3.2000e-03	 7.4696e+00	 5.6093e+00
232	 0.0000e+00	-3.2000e-03	 7.4660e+00	 5.5489e+00
233	 4.0000e-04	-3.2000e-03	 7.4543e+00	 5.4982e+00
234	 8.0000e-04	-3.2000e-03	 7.4466e+00	 5.4861e+00
235	 1.2000e-03	-3.2000e-03	 7.4360e+00	 5.4565e+00
236	 1.6000e-03	-3.2000e-03	 7.4334e+00	 5.4230e+00
237	 2.0000e-03	-3.2000e-03	 7.4347e+00	 5.4059e+00
238	 2.4000e-03	-3.2000e-03	 7.4351e+00	 5.3638e+00
239	 2.8000e-03	-3.2000e-03	 7.4410e+00	 5.3336e+00
240	 3.2000e-03	-3.2000e-03	 7.4380e+00	 5.3217e+00
241	 3.6000e-03	-3.2000e-03	 7.4360e+00	 5.2787e+00
242	 4.0000e-03	-3.2000e-03	 7.4436e+00	 5.2501e+00
243	 4.4000e-03	-3.2000e-03	 7.4420e+00	 5.2103e+00
244	 4.8000e-03	-3.2000e-03	 7.4439e+00	 5.1915e+00
245	 5.2000e-03	-3.2000e-03	 7.4495e+00	 5.1465e+00
246	 5.6000e-03	-3.2000e-03	 7.4452e+00	 5.1225e+00
247	 6.0000e-03	-3.2000e-03	 7.4403e+00	 5.1044e+00
248	-6.0000e-03	-2.8000e-03	 7.4893e+00	 6.3523e+00
249	-5.6000e-03	-2.8000e-03	 7.4936e+00	 6.2882e+00
250	-5.2000e-03	-2.8000e-03	 7.5001e+00	 6.2582e+00
251	-4.8000e-03	-2.8000e-03	 7.5153e+00	 6.1859e+00
252	-4.4000e-03	-2.8000e-03	 7.5228e+00	 6.1179e+00
253	-4.0000e-03	-2.8000e-03	 7.5202e+00	 6.0745e+00
254	-3.6000e-03	-2.8000e-03	 7.5278e+00	 6.0078e+00
255	-3.2000e-03	-2.8000e-03	 7.5284e+00	 5.9483e+00
256	-2.8000e-03	-2.8000e-03	 7.5294e+00	 5.8773e+00
257	-2.4000e-03	-2.8000e-03	 7.5225e+00	 5.8102e+00
258	-2.0000e-03	-2.8000e-03	 7.5130e+00	 5.7770e+00
259	-1.6000e-03	-2.8000e-03	 7.5093e+00	 5.7089e+00
260	-1.2000e-03	-2.8000e-03	 7.5024e+00	 5.6705e+00
261	-8.0000e-04	-2.8000e-03	 7.4960e+00	 5.6041e+00
262	-4.0000e-04	-2.8000e-03	 7.4876e+00	 5.5607e+00
263	 0.0000e+00	-2.8000e-03	 7.4758e+00	 5.5413e+00
264	 4.0000e-04	-2.8000e-03	 7.4663e+00	 5.4933e+00
265	 8.0000e-04	-2.8000e-03	 7.4551e+00	 5.4687e+00
266	 1.2000e-03	-2.8000e-03	 7.4538e+00	 5.4387e+00
267	 1.6000e-03	-2.8000e-03	 7.4462e+00	 5.4210e+00
268	 2.0000e-03	-2.8000e-03	 7.4459e+00	 5.3799e+00
269	 2.4000e-03	-2.8000e-03	 7.4512e+00	 5.3525e+00
270	 2.8000e-03	-2.8000e-03	 7.4521e+00	 5.3112e+00
271	 3.2000e-03	-2.8000e-03	 7.4521e+00	 5.2997e+00
272	 3.6000e-03	-2.8000e-03	 7.4617e+00	 5.2579e+00
273	 4.0000e-03	-2.8000e-03	 7.4541e+00	 5.2349e+00
274	 4.4000e-03	-2.8000e-03	 7.4548e+00	 5.2221e+00
275	 4.8000e-03	-2.8000e-03	 7.4610e+00	 5.1745e+00
276	 5.2000e-03	-2.8000e-03	 7.4607e+00	 5.1814e+00
277	 5.6000e-03	-2.8000e-03	 7.4630e+00	 5.1413e+00
278	 6.0000e-03	-2.8000e-03	 7.4525e+00	 5.1097e+00
279	-6.0000e-03	-2.4000e-03	 7.4923e+00	 6.3578e+00
280	-5.6000e-03	-2.4000e-03	 7.5005e+00	 6.2951e+00
281	-5.2000e-03	-2.4000e-03	 7.5130e+00	 6.2425e+00
282	-4.8000e-03	-2.4000e-03	 7.5192e+00	 6.1908e+00
283	-4.4000e-03	-2.4000e-03	 7.5255e+00	 6.1281e+00
284	-4.0000e-03	-2.4000e-03	 7.5333e+00	 6.0758e+00
285	-3.6000e-03	-2.4000e-03	 7.5310e+00	 6.0219e+00
286	-3.2000e-03	-2.4000e-03	 7.5343e+00	 5.9430e+00
287	-2.8000e-03	-2.4000e-03	 7.5297e+00	 5.8799e+00
288	-2.4000e-03	-2.4000e-03	 7.5294e+00	 5.8178e+00
289	-2.0000e-03	-2.4000e-03	 7.5320e+00	 5.7661e+00
290	-1.6000e-03	-2.4000e-03	 7.5199e+00	 5.7185e+00
291	-1.2000e-03	-2.4000e-03	 7.5061e+00	 5.6577e+00
292	-8.0000e-04	-2.4000e-03	 7.4995e+00	 5.6123e+00
293	-4.0000e-04	-2.4000e-03	 7.4903e+00	 5.5485e+00
294	 0.0000e+00	-2.4000e-03	 7.4834e+00	 5.5342e+00
295	 4.0000e-04	-2.4000e-03	 7.4735e+00	 5.5005e+00
296	 8.0000e-04	-2.4000e-03	 7.4617e+00	 5.4618e+00
297	 1.2000e-03	-2.4000e-03	 7.4604e+00	 5.4312e+00
298	 1.6000e-03	-2.4000e-03	 7.4535e+00	 5.4039e+00
299	 2.0000e-03	-2.4000e-03	 7.4597e+00	 5.3727e+00
300	 2.4000e-03	-2.4000e-03	 7.4541e+00	 5.3286e+00
301	 2.8000e-03	-2.4000e-03	 7.4620e+00	 5.3171e+00
302	 3.2000e-03	-2.4000e-03	 7.4637e+00	 5.2823e+00
303	 3.6000e-03	-2.4000e-03	 7.4729e+00	 5.2468e+00
304	 4.0000e-03	-2.4000e-03	 7.4699e+00	 5.2139e+00
305	 4.4000e-03	-2.4000e-03	 7.4745e+00	 5.2201e+00
306	 4.8000e-03	-2.4000e-03	 7.4735e+00	 5.1769e+00
307	 5.2000e-03	-2.4000e-03	 7.4778e+00	 5.1284e+00
308	 5.6000e-03	-2.4000e-03	 7.4719e+00	 5.1035e+00
309	 6.0000e-03	-2.4000e-03	 7.4679e+00	 5.0660e+00
310	-6.0000e-03	-2.0000e-03	 7.4939e+00	 6.3565e+00
311	-5.6000e-03	-2.0000e-03	 7.5067e+00	 6.2747e+00
312	-5.2000e-03	-2.0000e-03	 7.5110e+00	 6.2503e+00
313	-4.8000e-03	-2.0000e-03	 7.5212e+00	 6.1761e+00
314	-4.4000e-03	-2.0000e-03	 7.5287e+00	 6.1195e+00
315	-4.0000e-03	-2.0000e-03	 7.5353e+00	 6.0580e+00
316	-3.6000e-03	-2.0000e-03	 7.5379e+00	 6.0091e+00
317	-3.2000e-03	-2.0000e-03	 7.5386e+00	 5.9443e+00
318	-2.8000e-03	-2.0000e-03	 7.5412e+00	 5.8717e+00
319	-2.4000e-03	-2.0000e-03	 7.5422e+00	 5.8082e+00
320	-2.0000e-03	-2.0000e-03	 7.5324e+00	 5.7619e+00
321	-1.6000e-03	-2.0000e-03	 7.5255e+00	 5.6988e+00
322	-1.2000e-03	-2.0000e-03	 7.5209e+00	 5.6373e+00
323	-8.0000e-04	-2.0000e-03	 7.5103e+00	 5.5988e+00
324	-4.0000e-04	-2.0000e-03	 7.5005e+00	 5.5482e+00
325	 0.0000e+00	-2.0000e-03	 7.4916e+00	 5.5061e+00
326	 4.0000e-04	-2.0000e-03	 7.4821e+00	 5.4821e+00
327	 8.0000e-04	-2.0000e-03	 7.4788e+00	 5.4525e+00
328	 1.2000e-03	-2.0000e-03	 7.4729e+00	 5.4263e+00
329	 1.6000e-03	-2.0000e-03	 7.4732e+00	 5.3921e+00
330	 2.0000e-03	-2.0000e-03	 7.4778e+00	 5.3582e+00
331	 2.4000e-03	-2.0000e-03	 7.4732e+00	 5.3299e+00
332	 2.8000e-03	-2.0000e-03	 7.4755e+00	 5.2948e+00
333	 3.2000e-03	-2.0000e-03	 7.4758e+00	 5.2593e+00
334	 3.6000e-03	-2.0000e-03	 7.4837e+00	 5.2323e+00
335	 4.0000e-03	-2.0000e-03	 7.4834e+00	 5.2211e+00
336	 4.4000e-03	-2.0000e-03	 7.4896e+00	 5.1952e+00
337	 4.8000e-03	-2.0000e-03	 7.4916e+00	 5.1597e+00
338	 5.2000e-03	-2.0000e-03	 7.4890e+00	 5.1363e+00
339	 5.6000e-03	-2.0000e-03	 7.4850e+00	 5.0860e+00
340	 6.0000e-03	-2.0000e-03	 7.4873e+00	 5.0752e+00
341	-6.0000e-03	-1.6000e-03	 7.5034e+00	 6.3398e+00
342	-5.6000e-03	-1.6000e-03	 7.5113e+00	 6.2845e+00
343	-5.2000e-03	-1.6000e-03	 7.5172e+00	 6.2144e+00
344	-4.8000e-03	-1.6000e-03	 7.5287e+00	 6.1889e+00
345	-4.4000e-03	-1.6000e-03	 7.5356e+00	 6.1162e+00
346	-4.0000e-03	-1.6000e-03	 7.5373e+00	 6.0567e+00
347	-3.6000e-03	-1.6000e-03	 7.5406e+00	 5.9844e+00
348	-3.2000e-03	-1.6000e-03	 7.5399e+00	 5.9312e+00
349	-2.8000e-03	-1.6000e-03	 7.5432e+00	 5.8730e+00
350	-2.4000e-03	-1.6000e-03	 7.5465e+00	 5.8013e+00
351	-2.0000e-03	-1.6000e-03	 7.5399e+00	 5.7500e+00
352	-1.6000e-03	-1.6000e-03	 7.5366e+00	 5.6932e+00
353	-1.2000e-03	-1.6000e-03	 7.5228e+00	 5.6445e+00
354	-8.0000e-04	-1.6000e-03	 7.5195e+00	 5.6054e+00
355	-4.0000e-04	-1.6000e-03	 7.5015e+00	 5.5232e+00
356	 0.0000e+00	-1.6000e-03	 7.5024e+00	 5.5199e+00
357	 4.0000e-04	-1.6000e-03	 7.4886e+00	 5.4851e+00
358	 8.0000e-04	-1.6000e-03	 7.4909e+00	 5.4391e+00
359	 1.2000e-03	-1.6000e-03	 7.4821e+00	 5.4180e+00
360	 1.6000e-03	-1.6000e-03	 7.4837e+00	 5.3783e+00
361	 2.0000e-03	-1.6000e-03	 7.4844e+00	 5.3608e+00
362	 2.4000e-03	-1.6000e-03	 7.4824e+00	 5.3250e+00
363	 2.8000e-03	-1.6000e-03	 7.4900e+00	 5.2935e+00
364	 3.2000e-03	-1.6000e-03	 7.4959e+00	 5.2576e+00
365	 3.6000e-03	-1.6000e-03	 7.5008e+00	 5.2323e+00
366	 4.0000e-03	-1.6000e-03	 7.4992e+00	 5.2205e+00
367	 4.4000e-03	-1.6000e-03	 7.5061e+00	 5.1912e+00
368	 4.8000e-03	-1.6000e-03	 7.5034e+00	 5.1580e+00
369	 5.2000e-03	-1.6000e-03	 7.5057e+00	 5.1199e+00
370	 5.6000e-03	-1.6000e-03	 7.5044e+00	 5.0992e+00
371	 6.0000e-03	-1.6000e-03	 7.5070e+00	 5.0726e+00
372	-6.0000e-03	-1.2000e-03	 7.4995e+00	 6.3276e+00
373	-5.6000e-03	-1.2000e-03	 7.5139e+00	 6.2780e+00
374	-5.2000e-03	-1.2000e-03	 7.5209e+00	 6.2310e+00
375	-4.8000e-03	-1.2000e-03	 7.5307e+00	 6.1724e+00
376	-4.4000e-03	-1.2000e-03	 7.5356e+00	 6.0972e+00
377	-4.0000e-03	-1.2000e-03	 7.5439e+00	 6.0337e+00
378	-3.6000e-03	-1.2000e-03	 7.5455e+00	 5.9683e+00
379	-3.2000e-03	-1.2000e-03	 7.5425e+00	 5.9014e+00
380	-2.8000e-03	-1.2000e-03	 7.5494e+00	 5.8503e+00
381	-2.4000e-03	-1.2000e-03	 7.5445e+00	 5.7941e+00
382	-2.0000e-03	-1.2000e-03	 7.5419e+00	 5.7546e+00
383	-1.6000e-03	-1.2000e-03	 7.5370e+00	 5.6767e+00
384	-1.2000e-03	-1.2000e-03	 7.5333e+00	 5.6271e+00
385	-8.0000e-04	-1.2000e-03	 7.5209e+00	 5.5929e+00
386	-4.0000e-04	-1.2000e-03	 7.5166e+00	 5.5406e+00
387	 0.0000e+00	-1.2000e-03	 7.5057e+00	 5.5048e+00
388	 4.0000e-04	-1.2000e-03	 7.5061e+00	 5.4660e+00
389	 8.0000e-04	-1.2000e-03	 7.4932e+00	 5.4558e+00
390	 1.2000e-03	-1.2000e-03	 7.4952e+00	 5.4049e+00
391	 1.6000e-03	-1.2000e-03	 7.4903e+00	 5.3658e+00
392	 2.0000e-03	-1.2000e-03	 7.4900e+00	 5.3451e+00
393	 2.4000e-03	-1.2000e-03	 7.4965e+00	 5.3234e+00
394	 2.8000e-03	-1.2000e-03	 7.5024e+00	 5.2754e+00
395	 3.2000e-03	-1.2000e-03	 7.5090e+00	 5.2540e+00
396	 3.6000e-03	-1.2000e-03	 7.5057e+00	 5.2192e+00
397	 4.0000e-03	-1.2000e-03	 7.5116e+00	 5.2215e+00
398	 4.4000e-03	-1.2000e-03	 7.5153e+00	 5.1656e+00
399	 4.8000e-03	-1.2000e-03	 7.5166e+00	 5.1432e+00
400	 5.2000e-03	-1.2000e-03	 7.5189e+00	 5.1120e+00
401	 5.6000e-03	-1.2000e-03	 7.5248e+00	 5.0887e+00
402	 6.0000e-03	-1.2000e-03	 7.5143e+00	 5.0689e+00
403	-6.0000e-03	-8.0000e-04	 7.4992e+00	 6.3355e+00
404	-5.6000e-03	-8.0000e-04	 7.5143e+00	 6.2928e+00
405	-5.2000e-03	-8.0000e-04	 7.5192e+00	 6.2293e+00
406	-4.8000e-03	-8.0000e-04	 7.5258e+00	 6.1721e+00
407	-4.4000e-03	-8.0000e-04	 7.5245e+00	 6.1090e+00
408	-4.0000e-03	-8.0000e-04	 7.5350e+00	 6.0498e+00
409	-3.6000e-03	-8.0000e-04	 7.5370e+00	 5.9851e+00
410	-3.2000e-03	-8.0000e-04	 7.5445e+00	 5.9259e+00
411	-2.8000e-03	-8.0000e-04	 7.5491e+00	 5.8582e+00
412	-2.4000e-03	-8.0000e-04	 7.5478e+00	 5.8013e+00
413	-2.0000e-03	-8.0000e-04	 7.5439e+00	 5.7553e+00
414	-1.6000e-03	-8.0000e-04	 7.5363e+00	 5.6968e+00
415	-1.2000e-03	-8.0000e-04	 7.5340e+00	 5.6376e+00
416	-8.0000e-04	-8.0000e-04	 7.5222e+00	 5.5955e+00
417	-4.0000e-04	-8.0000e-04	 7.5176e+00	 5.5594e+00
418	 0.0000e+00	-8.0000e-04	 7.5136e+00	 5.5232e+00
419	 4.0000e-04	-8.0000e-04	 7.4998e+00	 5.4841e+00
420	 8.0000e-04	-8.0000e-04	 7.4988e+00	 5.4371e+00
421	 1.2000e-03	-8.0000e-04	 7.4955e+00	 5.4118e+00
422	 1.6000e-03	-8.0000e-04	 7.4995e+00	 5.3901e+00
423	 2.0000e-03	-8.0000e-04	 7.5051e+00	 5.3536e+00
424	 2.4000e-03	-8.0000e-04	 7.5031e+00	 5.3316e+00
425	 2.8000e-03	-8.0000e-04	 7.5103e+00	 5.2875e+00
426	 3.2000e-03	-8.0000e-04	 7.5172e+00	 5.2652e+00
427	 3.6000e-03	-8.0000e-04	 7.5192e+00	 5.2307e+00
428	 4.0000e-03	-8.0000e-04	 7.5251e+00	 5.2162e+00
429	 4.4000e-03	-8.0000e-04	 7.5209e+00	 5.1659e+00
430	 4.8000e-03	-8.0000e-04	 7.5294e+00	 5.1600e+00
431	 5.2000e-03	-8.0000e-04	 7.5281e+00	 5.1150e+00
432	 5.6000e-03	-8.0000e-04	 7.5274e+00	 5.0887e+00
433	 6.0000e-03	-8.0000e-04	 7.5304e+00	 5.0532e+00
434	-6.0000e-03	-4.0000e-04	 7.5001e+00	 6.3237e+00
435	-5.6000e-03	-4.0000e-04	 7.5067e+00	 6.2638e+00
436	-5.2000e-03	-4.0000e-04	 7.5159e+00	 6.2162e+00
437	-4.8000e-03	-4.0000e-04	 7.5278e+00	 6.1599e+00
438	-4.4000e-03	-4.0000e-04	 7.5307e+00	 6.0755e+00
439	-4.0000e-03	-4.0000e-04	 7.5314e+00	 6.0245e+00
440	-3.6000e-03	-4.0000e-04	 7.5419e+00	 5.9676e+00
441	-3.2000e-03	-4.0000e-04	 7.5435e+00	 5.8937e+00
442	-2.8000e-03	-4.0000e-04	 7.5455e+00	 5.8414e+00
443	-2.4000e-03	-4.0000e-04	 7.5429e+00	 5.7829e+00
444	-2.0000e-03	-4.0000e-04	 7.5425e+00	 5.7418e+00
445	-1.6000e-03	-4.0000e-04	 7.5330e+00	 5.6915e+00
446	-1.2000e-03	-4.0000e-04	 7.5264e+00	 5.6271e+00
447	-8.0000e-04	-4.0000e-04	 7.5189e+00	 5.5995e+00
448	-4.0000e-04	-4.0000e-04	 7.5176e+00	 5.5472e+00
449	 0.0000e+00	-4.0000e-04	 7.5070e+00	 5.5051e+00
450	 4.0000e-04	-4.0000e-04	 7.5070e+00	 5.4588e+00
451	 8.0000e-04	-4.0000e-04	 7.5031e+00	 5.4479e+00
452	 1.2000e-03	-4.0000e-04	 7.5038e+00	 5.4046e+00
453	 1.6000e-03	-4.0000e-04	 7.4969e+00	 5.3730e+00
454	 2.0000e-03	-4.0000e-04	 7.5028e+00	 5.3342e+00
455	 2.4000e-03	-4.0000e-04	 7.5064e+00	 5.3086e+00
456	 2.8000e-03	-4.0000e-04	 7.5162e+00	 5.3000e+00
457	 3.2000e-03	-4.0000e-04	 7.5192e+00	 5.2438e+00
458	 3.6000e-03	-4.0000e-04	 7.5287e+00	 5.2139e+00
459	 4.0000e-03	-4.0000e-04	 7.5310e+00	 5.2132e+00
460	 4.4000e-03	-4.0000e-04	 7.5317e+00	 5.1754e+00
461	 4.8000e-03	-4.0000e-04	 7.5350e+00	 5.1419e+00
462	 5.2000e-03	-4.0000e-04	 7.5353e+00	 5.0992e+00
463	 5.6000e-03	-4.0000e-04	 7.5383e+00	 5.0719e+00
464	 6.0000e-03	-4.0000e-04	 7.5314e+00	 5.0469e+00
465	-6.0000e-03	 0.0000e+00	 7.4913e+00	 6.3085e+00
466	-5.6000e-03	 0.0000e+00	 7.5034e+00	 6.2688e+00
467	-5.2000e-03	 0.0000e+00	 7.5084e+00	 6.2227e+00
468	-4.8000e-03	 0.0000e+00	 7.5149e+00	 6.1636e+00
469	-4.4000e-03	 0.0000e+00	 7.5222e+00	 6.0807e+00
470	-4.0000e-03	 0.0000e+00	 7.5287e+00	 6.0262e+00
471	-3.6000e-03	 0.0000e+00	 7.5340e+00	 5.9716e+00
472	-3.2000e-03	 0.0000e+00	 7.5402e+00	 5.9101e+00
473	-2.8000e-03	 0.0000e+00	 7.5347e+00	 5.8375e+00
474	-2.4000e-03	 0.0000e+00	 7.5317e+00	 5.8000e+00
475	-2.0000e-03	 0.0000e+00	 7.5363e+00	 5.7645e+00
476	-1.6000e-03	 0.0000e+00	 7.5205e+00	 5.6945e+00
477	-1.2000e-03	 0.0000e+00	 7.5245e+00	 5.6388e+00
478	-8.0000e-04	 0.0000e+00	 7.5156e+00	 5.6054e+00
479	-4.0000e-04	 0.0000e+00	 7.5070e+00	 5.5512e+00
480	 0.0000e+00	 0.0000e+00	 7.5067e+00	 5.5433e+00
481	 4.0000e-04	 0.0000e+00	 7.5018e+00	 5.4782e+00
482	 8.0000e-04	 0.0000e+00	 7.4988e+00	 5.4644e+00
483	 1.2000e-03	 0.0000e+00	 7.4988e+00	 5.4328e+00
484	 1.6000e-03	 0.0000e+00	 7.5011e+00	 5.3871e+00
485	 2.0000e-03	 0.0000e+00	 7.4949e+00	 5.3599e+00
486	 2.4000e-03	 0.0000e+00	 7.5041e+00	 5.3270e+00
487	 2.8000e-03	 0.0000e+00	 7.5100e+00	 5.2885e+00
488	 3.2000e-03	 0.0000e+00	 7.5166e+00	 5.2757e+00
489	 3.6000e-03	 0.0000e+00	 7.5258e+00	 5.2349e+00
490	 4.0000e-03	 0.0000e+00	 7.5333e+00	 5.2200e+00
491	 4.4000e-03	 0.0000e+00	 7.5337e+00	 5.1777e+00
492	 4.8000e-03	 0.0000e+00	 7.5396e+00	 5.1485e+00
493	 5.2000e-03	 0.0000e+00	 7.5376e+00	 5.1265e+00
494	 5.6000e-03	 0.0000e+00	 7.5356e+00	 5.0811e+00
495	 6.0000e-03	 0.0000e+00	 7.5379e+00	 5.0601e+00
496	-6.0000e-03	 4.0000e-04	 7.4860e+00	 6.3016e+00
497	-5.6000e-03	 4.0000e-04	 7.4923e+00	 6.2609e+00
498	-5.2000e-03	 4.0000e-04	 7.5008e+00	 6.1994e+00
499	-4.8000e-03	 4.0000e-04	 7.5051e+00	 6.1389e+00
500	-4.4000e-03	 4.0000e-04	 7.5070e+00	 6.0955e+00
501	-4.0000e-03	 4.0000e-04	 7.5182e+00	 6.0442e+00
502	-3.6000e-03	 4.0000e-04	 7.5232e+00	 5.9736e+00
503	-3.2000e-03	 4.0000e-04	 7.5235e+00	 5.9098e+00
504	-2.8000e-03	 4.0000e-04	 7.5271e+00	 5.8740e+00
505	-2.4000e-03	 4.0000e-04	 7.5281e+00	 5.8128e+00
506	-2.0000e-03	 4.0000e-04	 7.5225e+00	 5.7569e+00
507	-1.6000e-03	 4.0000e-04	 7.5218e+00	 5.6873e+00
508	-1.2000e-03	 4.0000e-04	 7.5139e+00	 5.6596e+00
509	-8.0000e-04	 4.0000e-04	 7.5103e+00	 5.6261e+00
510	-4.0000e-04	 4.0000e-04	 7.5021e+00	 5.5653e+00
511	 0.0000e+00	 4.0000e-04	 7.4985e+00	 5.5334e+00
512	 4.0000e-04	 4.0000e-04	 7.5001e+00	 5.5061e+00
513	 8.0000e-04	 4.0000e-04	 7.4988e+00	 5.4726e+00
514	 1.2000e-03	 4.0000e-04	 7.4969e+00	 5.4341e+00
515	 1.6000e-03	 4.0000e-04	 7.4965e+00	 5.4000e+00
516	 2.0000e-03	 4.0000e-04	 7.5090e+00	 5.3684e+00
517	 2.4000e-03	 4.0000e-04	 7.5120e+00	 5.3447e+00
518	 2.8000e-03	 4.0000e-04	 7.5156e+00	 5.3174e+00
519	 3.2000e-03	 4.0000e-04	 7.5199e+00	 5.2869e+00
520	 3.6000e-03	 4.0000e-04	 7.5310e+00	 5.2622e+00
521	 4.0000e-03	 4.0000e-04	 7.5360e+00	 5.2395e+00
522	 4.4000e-03	 4.0000e-04	 7.5330e+00	 5.2077e+00
523	 4.8000e-03	 4.0000e-04	 7.5425e+00	 5.1741e+00
524	 5.2000e-03	 4.0000e-04	 7.5435e+00	 5.1547e+00
525	 5.6000e-03	 4.0000e-04	 7.5445e+00	 5.1044e+00
526	 6.0000e-03	 4.0000e-04	 7.5468e+00	 5.0696e+00
527	-6.0000e-03	 8.0000e-04	 7.4702e+00	 6.3230e+00
528	-5.6000e-03	 8.0000e-04	 7.4794e+00	 6.2579e+00
529	-5.2000e-03	 8.0000e-04	 7.4909e+00	 6.2060e+00
530	-4.8000e-03	 8.0000e-04	 7.4932e+00	 6.1343e+00
531	-4.4000e-03	 8.0000e-04	 7.4978e+00	 6.0876e+00
532	-4.0000e-03	 8.0000e-04	 7.5057e+00	 6.0492e+00
533	-3.6000e-03	 8.0000e-04	 7.5070e+00	 5.9880e+00
534	-3.2000e-03	 8.0000e-04	 7.5143e+00	 5.9187e+00
535	-2.8000e-03	 8.0000e-04	 7.5097e+00	 5.8694e+00
536	-2.4000e-03	 8.0000e-04	 7.5080e+00	 5.8222e+00
537	-2.0000e-03	 8.0000e-04	 7.5080e+00	 5.7783e+00
538	-1.6000e-03	 8.0000e-04	 7.5021e+00	 5.7293e+00
539	-1.2000e-03	 8.0000e-04	 7.4982e+00	 5.6721e+00
540	-8.0000e-04	 8.0000e-04	 7.5005e+00	 5.6278e+00
541	-4.0000e-04	 8.0000e-04	 7.4883e+00	 5.5854e+00
542	 0.0000e+00	 8.0000e-04	 7.4876e+00	 5.5653e+00
543	 4.0000e-04	 8.0000e-04	 7.4876e+00	 5.5199e+00
544	 8.0000e-04	 8.0000e-04	 7.4880e+00	 5.4825e+00
545	 1.2000e-03	 8.0000e-04	 7.4903e+00	 5.4598e+00
546	 1.6000e-03	 8.0000e-04	 7.4982e+00	 5.4276e+00
547	 2.0000e-03	 8.0000e-04	 7.4992e+00	 5.4062e+00
548	 2.4000e-03	 8.0000e-04	 7.5034e+00	 5.3622e+00
549	 2.8000e-03	 8.0000e-04	 7.5126e+00	 5.3092e+00
550	 3.2000e-03	 8.0000e-04	 7.5222e+00	 5.2977e+00
551	 3.6000e-03	 8.0000e-04	 7.5225e+00	 5.2642e+00
552	 4.0000e-03	 8.0000e-04	 7.5379e+00	 5.2632e+00
553	 4.4000e-03	 8.0000e-04	 7.5363e+00	 5.2297e+00
554	 4.8000e-03	 8.0000e-04	 7.5448e+00	 5.1932e+00
555	 5.2000e-03	 8.0000e-04	 7.5491e+00	 5.1367e+00
556	 5.6000e-03	 8.0000e-04	 7.5435e+00	 5.1182e+00
557	 6.0000e-03	 8.0000e-04	 7.5419e+00	 5.0989e+00
558	-6.0000e-03	 1.2000e-03	 7.4544e+00	 6.3138e+00
559	-5.6000e-03	 1.2000e-03	 7.4676e+00	 6.2872e+00
560	-5.2000e-03	 1.2000e-03	 7.4748e+00	 6.2142e+00
561	-4.8000e-03	 1.2000e-03	 7.4837e+00	 6.1675e+00
562	-4.4000e-03	 1.2000e-03	 7.4863e+00	 6.1001e+00
563	-4.0000e-03	 1.2000e-03	 7.4893e+00	 6.0551e+00
564	-3.6000e-03	 1.2000e-03	 7.4959e+00	 5.9939e+00
565	-3.2000e-03	 1.2000e-03	 7.4962e+00	 5.9486e+00
566	-2.8000e-03	 1.2000e-03	 7.4952e+00	 5.8947e+00
567	-2.4000e-03	 1.2000e-03	 7.4936e+00	 5.8424e+00
568	-2.0000e-03	 1.2000e-03	 7.4969e+00	 5.8082e+00
569	-1.6000e-03	 1.2000e-03	 7.4932e+00	 5.7471e+00
570	-1.2000e-03	 1.2000e-03	 7.4886e+00	 5.7086e+00
571	-8.0000e-04	 1.2000e-03	 7.4827e+00	 5.6550e+00
572	-4.0000e-04	 1.2000e-03	 7.4827e+00	 5.6136e+00
573	 0.0000e+00	 1.2000e-03	 7.4807e+00	 5.5870e+00
574	 4.0000e-04	 1.2000e-03	 7.4784e+00	 5.5482e+00
575	 8.0000e-04	 1.2000e-03	 7.4768e+00	 5.5150e+00
576	 1.2000e-03	 1.2000e-03	 7.4821e+00	 5.4881e+00
577	 1.6000e-03	 1.2000e-03	 7.4844e+00	 5.4588e+00
578	 2.0000e-03	 1.2000e-03	 7.4936e+00	 5.4240e+00
579	 2.4000e-03	 1.2000e-03	 7.4962e+00	 5.3723e+00
580	 2.8000e-03	 1.2000e-03	 7.4992e+00	 5.3589e+00
581	 3.2000e-03	 1.2000e-03	 7.5179e+00	 5.3411e+00
582	 3.6000e-03	 1.2000e-03	 7.5261e+00	 5.2879e+00
583	 4.0000e-03	 1.2000e-03	 7.5324e+00	 5.2787e+00
584	 4.4000e-03	 1.2000e-03	 7.5327e+00	 5.2320e+00
585	 4.8000e-03	 1.2000e-03	 7.5465e+00	 5.2100e+00
586	 5.2000e-03	 1.2000e-03	 7.5439e+00	 5.1915e+00
587	 5.6000e-03	 1.2000e-03	 7.5419e+00	 5.1551e+00
588	 6.0000e-03	 1.2000e-03	 7.5376e+00	 5.1255e+00
589	-6.0000e-03	 1.6000e-03	 7.4397e+00	 6.3342e+00
590	-5.6000e-03	 1.6000e-03	 7.4515e+00	 6.2724e+00
591	-5.2000e-03	 1.6000e-03	 7.4548e+00	 6.2329e+00
592	-4.8000e-03	 1.6000e-03	 7.4637e+00	 6.1675e+00
593	-4.4000e-03	 1.6000e-03	 7.4692e+00	 6.1307e+00
594	-4.0000e-03	 1.6000e-03	 7.4712e+00	 6.0745e+00
595	-3.6000e-03	 1.6000e-03	 7.4725e+00	 6.0216e+00
596	-3.2000e-03	 1.6000e-03	 7.4742e+00	 5.9874e+00
597	-2.8000e-03	 1.6000e-03	 7.4791e+00	 5.9282e+00
598	-2.4000e-03	 1.6000e-03	 7.4788e+00	 5.8736e+00
599	-2.0000e-03	 1.6000e-03	 7.4765e+00	 5.8375e+00
600	-1.6000e-03	 1.6000e-03	 7.4715e+00	 5.7714e+00
601	-1.2000e-03	 1.6000e-03	 7.4712e+00	 5.7234e+00
602	-8.0000e-04	 1.6000e-03	 7.4692e+00	 5.6846e+00
603	-4.0000e-04	 1.6000e-03	 7.4732e+00	 5.6419e+00
604	 0.0000e+00	 1.6000e-03	 7.4646e+00	 5.5978e+00
605	 4.0000e-04	 1.6000e-03	 7.4630e+00	 5.5755e+00
606	 8.0000e-04	 1.6000e-03	 7.4637e+00	 5.5439e+00
607	 1.2000e-03	 1.6000e-03	 7.4758e+00	 5.5081e+00
608	 1.6000e-03	 1.6000e-03	 7.4791e+00	 5.4700e+00
609	 2.0000e-03	 1.6000e-03	 7.4788e+00	 5.4437e+00
610	 2.4000e-03	 1.6000e-03	 7.4926e+00	 5.4082e+00
611	 2.8000e-03	 1.6000e-03	 7.5011e+00	 5.3842e+00
612	 3.2000e-03	 1.6000e-03	 7.5097e+00	 5.3474e+00
613	 3.6000e-03	 1.6000e-03	 7.5225e+00	 5.3372e+00
614	 4.0000e-03	 1.6000e-03	 7.5274e+00	 5.3007e+00
615	 4.4000e-03	 1.6000e-03	 7.5324e+00	 5.2754e+00
616	 4.8000e-03	 1.6000e-03	 7.5337e+00	 5.2363e+00
617	 5.2000e-03	 1.6000e-03	 7.5425e+00	 5.2093e+00
618	 5.6000e-03	 1.6000e-03	 7.5373e+00	 5.1745e+00
619	 6.0000e-03	 1.6000e-03	 7.5320e+00	 5.1367e+00
620	-6.0000e-03	 2.0000e-03	 7.4189e+00	 6.3315e+00
621	-5.6000e-03	 2.0000e-03	 7.4258e+00	 6.2924e+00
622	-5.2000e-03	 2.0000e-03	 7.4364e+00	 6.2375e+00
623	-4.8000e-03	 2.0000e-03	 7.4433e+00	 6.1882e+00
624	-4.4000e-03	 2.0000e-03	 7.4531e+00	 6.1228e+00
625	-4.0000e-03	 2.0000e-03	 7.4515e+00	 6.0870e+00
626	-3.6000e-03	 2.0000e-03	 7.4505e+00	 6.0258e+00
627	-3.2000e-03	 2.0000e-03	 7.4663e+00	 5.9775e+00
628	-2.8000e-03	 2.0000e-03	 7.4643e+00	 5.9515e+00
629	-2.4000e-03	 2.0000e-03	 7.4554e+00	 5.8963e+00
630	-2.0000e-03	 2.0000e-03	 7.4597e+00	 5.8460e+00
631	-1.6000e-03	 2.0000e-03	 7.4515e+00	 5.8016e+00
632	-1.2000e-03	 2.0000e-03	 7.4551e+00	 5.7389e+00
633	-8.0000e-04	 2.0000e-03	 7.4479e+00	 5.7083e+00
634	-4.0000e-04	 2.0000e-03	 7.4479e+00	 5.6718e+00
635	 0.0000e+00	 2.0000e-03	 7.4541e+00	 5.6317e+00
636	 4.0000e-04	 2.0000e-03	 7.4544e+00	 5.6235e+00
637	 8.0000e-04	 2.0000e-03	 7.4584e+00	 5.5653e+00
638	 1.2000e-03	 2.0000e-03	 7.4558e+00	 5.5515e+00
639	 1.6000e-03	 2.0000e-03	 7.4646e+00	 5.5124e+00
640	 2.0000e-03	 2.0000e-03	 7.4692e+00	 5.4815e+00
641	 2.4000e-03	 2.0000e-03	 7.4814e+00	 5.4512e+00
642	 2.8000e-03	 2.0000e-03	 7.4880e+00	 5.4220e+00
643	 3.2000e-03	 2.0000e-03	 7.5018e+00	 5.3894e+00
644	 3.6000e-03	 2.0000e-03	 7.5093e+00	 5.3658e+00
645	 4.0000e-03	 2.0000e-03	 7.5182e+00	 5.3474e+00
646	 4.4000e-03	 2.0000e-03	 7.5238e+00	 5.2964e+00
647	 4.8000e-03	 2.0000e-03	 7.5278e+00	 5.2888e+00
648	 5.2000e-03	 2.0000e-03	 7.5251e+00	 5.2471e+00
649	 5.6000e-03	 2.0000e-03	 7.5327e+00	 5.1991e+00
650	 6.0000e-03	 2.0000e-03	 7.5218e+00	 5.1646e+00
651	-6.0000e-03	 2.4000e-03	 7.4045e+00	 6.3335e+00
652	-5.6000e-03	 2.4000e-03	 7.4124e+00	 6.2947e+00
653	-5.2000e-03	 2.4000e-03	 7.4137e+00	 6.2461e+00
654	-4.8000e-03	 2.4000e-03	 7.4217e+00	 6.2201e+00
655	-4.4000e-03	 2.4000e-03	 7.4252e+00	 6.1415e+00
656	-4.0000e-03	 2.4000e-03	 7.4295e+00	 6.1166e+00
657	-3.6000e-03	 2.4000e-03	 7.4318e+00	 6.0755e+00
658	-3.2000e-03	 2.4000e-03	 7.4397e+00	 6.0216e+00
659	-2.8000e-03	 2.4000e-03	 7.4397e+00	 5.9584e+00
660	-2.4000e-03	 2.4000e-03	 7.4354e+00	 5.9118e+00
661	-2.0000e-03	 2.4000e-03	 7.4347e+00	 5.8776e+00
662	-1.6000e-03	 2.4000e-03	 7.4324e+00	 5.8263e+00
663	-1.2000e-03	 2.4000e-03	 7.4334e+00	 5.7839e+00
664	-8.0000e-04	 2.4000e-03	 7.4295e+00	 5.7418e+00
665	-4.0000e-04	 2.4000e-03	 7.4347e+00	 5.6991e+00
666	 0.0000e+00	 2.4000e-03	 7.4318e+00	 5.6718e+00
667	 4.0000e-04	 2.4000e-03	 7.4400e+00	 5.6281e+00
668	 8.0000e-04	 2.4000e-03	 7.4406e+00	 5.5975e+00
669	 1.2000e-03	 2.4000e-03	 7.4469e+00	 5.5801e+00
670	 1.6000e-03	 2.4000e-03	 7.4564e+00	 5.5512e+00
671	 2.0000e-03	 2.4000e-03	 7.4600e+00	 5.5252e+00
672	 2.4000e-03	 2.4000e-03	 7.4663e+00	 5.4818e+00
673	 2.8000e-03	 2.4000e-03	 7.4784e+00	 5.4634e+00
674	 3.2000e-03	 2.4000e-03	 7.4844e+00	 5.4322e+00
675	 3.6000e-03	 2.4000e-03	 7.5005e+00	 5.3871e+00
676	 4.0000e-03	 2.4000e-03	 7.5126e+00	 5.3842e+00
677	 4.4000e-03	 2.4000e-03	 7.5133e+00	 5.3418e+00
678	 4.8000e-03	 2.4000e-03	 7.5176e+00	 5.3244e+00
679	 5.2000e-03	 2.4000e-03	 7.5169e+00	 5.2711e+00
680	 5.6000e-03	 2.4000e-03	 7.5235e+00	 5.2405e+00
681	 6.0000e-03	 2.4000e-03	 7.5189e+00	 5.2083e+00
682	-6.0000e-03	 2.8000e-03	 7.3798e+00	 6.3664e+00
683	-5.6000e-03	 2.8000e-03	 7.3936e+00	 6.3194e+00
684	-5.2000e-03	 2.8000e-03	 7.3946e+00	 6.2737e+00
685	-4.8000e-03	 2.8000e-03	 7.4022e+00	 6.2234e+00
686	-4.4000e-03	 2.8000e-03	 7.3996e+00	 6.1744e+00
687	-4.0000e-03	 2.8000e-03	 7.4065e+00	 6.1399e+00
688	-3.6000e-03	 2.8000e-03	 7.4078e+00	 6.0916e+00
689	-3.2000e-03	 2.8000e-03	 7.4137e+00	 6.0433e+00
690	-2.8000e-03	 2.8000e-03	 7.4143e+00	 5.9959e+00
691	-2.4000e-03	 2.8000e-03	 7.4160e+00	 5.9627e+00
692	-2.0000e-03	 2.8000e-03	 7.4150e+00	 5.9154e+00
693	-1.6000e-03	 2.8000e-03	 7.4094e+00	 5.8526e+00
694	-1.2000e-03	 2.8000e-03	 7.4134e+00	 5.8187e+00
695	-8.0000e-04	 2.8000e-03	 7.4150e+00	 5.7878e+00
696	-4.0000e-04	 2.8000e-03	 7.4117e+00	 5.7303e+00
697	 0.0000e+00	 2.8000e-03	 7.4206e+00	 5.6961e+00
698	 4.0000e-04	 2.8000e-03	 7.4232e+00	 5.6751e+00
699	 8.0000e-04	 2.8000e-03	 7.4268e+00	 5.6255e+00
700	 1.2000e-03	 2.8000e-03	 7.4318e+00	 5.6028e+00
701	 1.6000e-03	 2.8000e-03	 7.4397e+00	 5.5597e+00
702	 2.0000e-03	 2.8000e-03	 7.4541e+00	 5.5403e+00
703	 2.4000e-03	 2.8000e-03	 7.4554e+00	 5.5084e+00
704	 2.8000e-03	 2.8000e-03	 7.4722e+00	 5.4746e+00
705	 3.2000e-03	 2.8000e-03	 7.4811e+00	 5.4489e+00
706	 3.6000e-03	 2.8000e-03	 7.4919e+00	 5.4101e+00
707	 4.0000e-03	 2.8000e-03	 7.4939e+00	 5.3940e+00
708	 4.4000e-03	 2.8000e-03	 7.5077e+00	 5.3638e+00
709	 4.8000e-03	 2.8000e-03	 7.5064e+00	 5.3378e+00
710	 5.2000e-03	 2.8000e-03	 7.5126e+00	 5.3023e+00
711	 5.6000e-03	 2.8000e-03	 7.5120e+00	 5.2626e+00
712	 6.0000e-03	 2.8000e-03	 7.5100e+00	 5.2132e+00
713	-6.0000e-03	 3.2000e-03	 7.3542e+00	 6.3618e+00
714	-5.6000e-03	 3.2000e-03	 7.3621e+00	 6.3299e+00
715	-5.2000e-03	 3.2000e-03	 7.3703e+00	 6.2928e+00
716	-4.8000e-03	 3.2000e-03	 7.3729e+00	 6.2441e+00
717	-4.4000e-03	 3.2000e-03	 7.3782e+00	 6.2112e+00
718	-4.0000e-03	 3.2000e-03	 7.3795e+00	 6.1468e+00
719	-3.6000e-03	 3.2000e-03	 7.3795e+00	 6.1097e+00
720	-3.2000e-03	 3.2000e-03	 7.3844e+00	 6.0580e+00
721	-2.8000e-03	 3.2000e-03	 7.3838e+00	 6.0186e+00
722	-2.4000e-03	 3.2000e-03	 7.3936e+00	 5.9760e+00
723	-2.0000e-03	 3.2000e-03	 7.3940e+00	 5.9351e+00
724	-1.6000e-03	 3.2000e-03	 7.3854e+00	 5.8934e+00
725	-1.2000e-03	 3.2000e-03	 7.3979e+00	 5.8385e+00
726	-8.0000e-04	 3.2000e-03	 7.4005e+00	 5.8135e+00
727	-4.0000e-04	 3.2000e-03	 7.3920e+00	 5.7727e+00
728	 0.0000e+00	 3.2000e-03	 7.4068e+00	 5.7458e+00
729	 4.0000e-04	 3.2000e-03	 7.4065e+00	 5.7195e+00
730	 8.0000e-04	 3.2000e-03	 7.4143e+00	 5.6905e+00
731	 1.2000e-03	 3.2000e-03	 7.4186e+00	 5.6646e+00
732	 1.6000e-03	 3.2000e-03	 7.4275e+00	 5.6409e+00
733	 2.0000e-03	 3.2000e-03	 7.4380e+00	 5.5781e+00
734	 2.4000e-03	 3.2000e-03	 7.4508e+00	 5.5564e+00
735	 2.8000e-03	 3.2000e-03	 7.4653e+00	 5.5111e+00
736	 3.2000e-03	 3.2000e-03	 7.4669e+00	 5.5038e+00
737	 3.6000e-03	 3.2000e-03	 7.4784e+00	 5.4802e+00
738	 4.0000e-03	 3.2000e-03	 7.4860e+00	 5.4420e+00
739	 4.4000e-03	 3.2000e-03	 7.4962e+00	 5.4026e+00
740	 4.8000e-03	 3.2000e-03	 7.4998e+00	 5.3714e+00
741	 5.2000e-03	 3.2000e-03	 7.5018e+00	 5.3391e+00
742	 5.6000e-03	 3.2000e-03	 7.5061e+00	 5.2987e+00
743	 6.0000e-03	 3.2000e-03	 7.4992e+00	 5.2711e+00
744	-6.0000e-03	 3.6000e-03	 7.3384e+00	 6.3703e+00
745	-5.6000e-03	 3.6000e-03	 7.3460e+00	 6.3361e+00
746	-5.2000e-03	 3.6000e-03	 7.3489e+00	 6.3079e+00
747	-4.8000e-03	 3.6000e-03	 7.3581e+00	 6.2707e+00
748	-4.4000e-03	 3.6000e-03	 7.3486e+00	 6.2204e+00
749	-4.0000e-03	 3.6000e-03	 7.3555e+00	 6.1632e+00
750	-3.6000e-03	 3.6000e-03	 7.3634e+00	 6.1294e+00
751	-3.2000e-03	 3.6000e-03	 7.3634e+00	 6.0712e+00
752	-2.8000e-03	 3.6000e-03	 7.3680e+00	 6.0561e+00
753	-2.4000e-03	 3.6000e-03	 7.3667e+00	 5.9903e+00
754	-2.0000e-03	 3.6000e-03	 7.3742e+00	 5.9657e+00
755	-1.6000e-03	 3.6000e-03	 7.3703e+00	 5.9233e+00
756	-1.2000e-03	 3.6000e-03	 7.3736e+00	 5.8901e+00
757	-8.0000e-04	 3.6000e-03	 7.3742e+00	 5.8437e+00
758	-4.0000e-04	 3.6000e-03	 7.3788e+00	 5.8082e+00
759	 0.0000e+00	 3.6000e-03	 7.3864e+00	 5.7734e+00
760	 4.0000e-04	 3.6000e-03	 7.3890e+00	 5.7320e+00
761	 8.0000e-04	 3.6000e-03	 7.3989e+00	 5.7116e+00
762	 1.2000e-03	 3.6000e-03	 7.4019e+00	 5.6859e+00
763	 1.6000e-03	 3.6000e-03	 7.4097e+00	 5.6383e+00
764	 2.0000e-03	 3.6000e-03	 7.4245e+00	 5.6031e+00
765	 2.4000e-03	 3.6000e-03	 7.4370e+00	 5.5781e+00
766	 2.8000e-03	 3.6000e-03	 7.4489e+00	 5.5331e+00
767	 3.2000e-03	 3.6000e-03	 7.4571e+00	 5.5111e+00
768	 3.6000e-03	 3.6000e-03	 7.4686e+00	 5.4729e+00
769	 4.0000e-03	 3.6000e-03	 7.4761e+00	 5.4673e+00
770	 4.4000e-03	 3.6000e-03	 7.4893e+00	 5.4174e+00
771	 4.8000e-03	 3.6000e-03	 7.4893e+00	 5.4016e+00
772	 5.2000e-03	 3.6000e-03	 7.4876e+00	 5.3500e+00
773	 5.6000e-03	 3.6000e-03	 7.4870e+00	 5.3122e+00
774	 6.0000e-03	 3.6000e-03	 7.4847e+00	 5.2764e+00
775	-6.0000e-03	 4.0000e-03	 7.3115e+00	 6.3917e+00
776	-5.6000e-03	 4.0000e-03	 7.3233e+00	 6.3572e+00
777	-5.2000e-03	 4.0000e-03	 7.3256e+00	 6.2957e+00
778	-4.8000e-03	 4.0000e-03	 7.3312e+00	 6.2819e+00
779	-4.4000e-03	 4.0000e-03	 7.3253e+00	 6.2303e+00
780	-4.0000e-03	 4.0000e-03	 7.3355e+00	 6.1836e+00
781	-3.6000e-03	 4.0000e-03	 7.3450e+00	 6.1534e+00
782	-3.2000e-03	 4.0000e-03	 7.3460e+00	 6.1077e+00
783	-2.8000e-03	 4.0000e-03	 7.3506e+00	 6.0929e+00
784	-2.4000e-03	 4.0000e-03	 7.3456e+00	 6.0232e+00
785	-2.0000e-03	 4.0000e-03	 7.3522e+00	 5.9933e+00
786	-1.6000e-03	 4.0000e-03	 7.3519e+00	 5.9545e+00
787	-1.2000e-03	 4.0000e-03	 7.3585e+00	 5.9124e+00
788	-8.0000e-04	 4.0000e-03	 7.3591e+00	 5.8789e+00
789	-4.0000e-04	 4.0000e-03	 7.3601e+00	 5.8256e+00
790	 0.0000e+00	 4.0000e-03	 7.3624e+00	 5.8112e+00
791	 4.0000e-04	 4.0000e-03	 7.3782e+00	 5.7813e+00
792	 8.0000e-04	 4.0000e-03	 7.3841e+00	 5.7349e+00
793	 1.2000e-03	 4.0000e-03	 7.3953e+00	 5.7113e+00
794	 1.6000e-03	 4.0000e-03	 7.4081e+00	 5.6757e+00
795	 2.0000e-03	 4.0000e-03	 7.4134e+00	 5.6406e+00
796	 2.4000e-03	 4.0000e-03	 7.4282e+00	 5.6156e+00
797	 2.8000e-03	 4.0000e-03	 7.4367e+00	 5.5844e+00
798	 3.2000e-03	 4.0000e-03	 7.4443e+00	 5.5604e+00
799	 3.6000e-03	 4.0000e-03	 7.4512e+00	 5.5314e+00
800	 4.0000e-03	 4.0000e-03	 7.4692e+00	 5.5120e+00
801	 4.4000e-03	 4.0000e-03	 7.4692e+00	 5.4838e+00
802	 4.8000e-03	 4.0000e-03	 7.4798e+00	 5.4384e+00
803	 5.2000e-03	 4.0000e-03	 7.4748e+00	 5.3934e+00
804	 5.6000e-03	 4.0000e-03	 7.4742e+00	 5.3516e+00
805	 6.0000e-03	 4.0000e-03	 7.4706e+00	 5.3263e+00
806	-6.0000e-03	 4.4000e-03	 7.2878e+00	 6.3917e+00
807	-5.6000e-03	 4.4000e-03	 7.2996e+00	 6.3687e+00
808	-5.2000e-03	 4.4000e-03	 7.3032e+00	 6.3161e+00
809	-4.8000e-03	 4.4000e-03	 7.3046e+00	 6.2829e+00
810	-4.4000e-03	 4.4000e-03	 7.3164e+00	 6.2589e+00
811	-4.0000e-03	 4.4000e-03	 7.3115e+00	 6.2247e+00
812	-3.6000e-03	 4.4000e-03	 7.3249e+00	 6.1981e+00
813	-3.2000e-03	 4.4000e-03	 7.3262e+00	 6.1333e+00
814	-2.8000e-03	 4.4000e-03	 7.3295e+00	 6.1087e+00
815	-2.4000e-03	 4.4000e-03	 7.3341e+00	 6.0673e+00
816	-2.0000e-03	 4.4000e-03	 7.3341e+00	 6.0173e+00
817	-1.6000e-03	 4.4000e-03	 7.3351e+00	 5.9713e+00
818	-1.2000e-03	 4.4000e-03	 7.3397e+00	 5.9446e+00
819	-8.0000e-04	 4.4000e-03	 7.3447e+00	 5.8973e+00
820	-4.0000e-04	 4.4000e-03	 7.3519e+00	 5.8730e+00
821	 0.0000e+00	 4.4000e-03	 7.3627e+00	 5.8427e+00
822	 4.0000e-04	 4.4000e-03	 7.3644e+00	 5.8128e+00
823	 8.0000e-04	 4.4000e-03	 7.3706e+00	 5.8062e+00
824	 1.2000e-03	 4.4000e-03	 7.3831e+00	 5.7527e+00
825	 1.6000e-03	 4.4000e-03	 7.3933e+00	 5.7132e+00
826	 2.0000e-03	 4.4000e-03	 7.3986e+00	 5.6800e+00
827	 2.4000e-03	 4.4000e-03	 7.4130e+00	 5.6465e+00
828	 2.8000e-03	 4.4000e-03	 7.4183e+00	 5.6176e+00
829	 3.2000e-03	 4.4000e-03	 7.4328e+00	 5.5949e+00
830	 3.6000e-03	 4.4000e-03	 7.4443e+00	 5.5495e+00
831	 4.0000e-03	 4.4000e-03	 7.4528e+00	 5.5183e+00
832	 4.4000e-03	 4.4000e-03	 7.4531e+00	 5.5002e+00
833	 4.8000e-03	 4.4000e-03	 7.4669e+00	 5.4742e+00
834	 5.2000e-03	 4.4000e-03	 7.4752e+00	 5.4351e+00
835	 5.6000e-03	 4.4000e-03	 7.4646e+00	 5.3817e+00
836	 6.0000e-03	 4.4000e-03	 7.4607e+00	 5.3500e+00
837	-6.0000e-03	 4.8000e-03	 7.2579e+00	 6.3808e+00
838	-5.6000e-03	 4.8000e-03	 7.2628e+00	 6.3684e+00
839	-5.2000e-03	 4.8000e-03	 7.2717e+00	 6.3315e+00
840	-4.8000e-03	 4.8000e-03	 7.2786e+00	 6.2865e+00
841	-4.4000e-03	 4.8000e-03	 7.2875e+00	 6.2711e+00
842	-4.0000e-03	 4.8000e-03	 7.2934e+00	 6.2224e+00
843	-3.6000e-03	 4.8000e-03	 7.2973e+00	 6.1820e+00
844	-3.2000e-03	 4.8000e-03	 7.3003e+00	 6.1419e+00
845	-2.8000e-03	 4.8000e-03	 7.3013e+00	 6.1238e+00
846	-2.4000e-03	 4.8000e-03	 7.3098e+00	 6.0866e+00
847	-2.0000e-03	 4.8000e-03	 7.3187e+00	 6.0541e+00
848	-1.6000e-03	 4.8000e-03	 7.3144e+00	 6.0074e+00
849	-1.2000e-03	 4.8000e-03	 7.3302e+00	 5.9617e+00
850	-8.0000e-04	 4.8000e-03	 7.3322e+00	 5.9400e+00
851	-4.0000e-04	 4.8000e-03	 7.3364e+00	 5.9029e+00
852	 0.0000e+00	 4.8000e-03	 7.3460e+00	 5.8740e+00
853	 4.0000e-04	 4.8000e-03	 7.3532e+00	 5.8260e+00
854	 8.0000e-04	 4.8000e-03	 7.3670e+00	 5.7993e+00
855	 1.2000e-03	 4.8000e-03	 7.3657e+00	 5.7560e+00
856	 1.6000e-03	 4.8000e-03	 7.3788e+00	 5.7454e+00
857	 2.0000e-03	 4.8000e-03	 7.3890e+00	 5.7043e+00
858	 2.4000e-03	 4.8000e-03	 7.4081e+00	 5.6807e+00
859	 2.8000e-03	 4.8000e-03	 7.4045e+00	 5.6393e+00
860	 3.2000e-03	 4.8000e-03	 7.4209e+00	 5.6034e+00
861	 3.6000e-03	 4.8000e-03	 7.4295e+00	 5.5814e+00
862	 4.0000e-03	 4.8000e-03	 7.4387e+00	 5.5673e+00
863	 4.4000e-03	 4.8000e-03	 7.4410e+00	 5.5245e+00
864	 4.8000e-03	 4.8000e-03	 7.4436e+00	 5.4805e+00
865	 5.2000e-03	 4.8000e-03	 7.4525e+00	 5.4404e+00
866	 5.6000e-03	 4.8000e-03	 7.4505e+00	 5.4009e+00
867	 6.0000e-03	 4.8000e-03	 7.4436e+00	 5.3668e+00
868	-6.0000e-03	 5.2000e-03	 7.2329e+00	 6.4065e+00
869	-5.6000e-03	 5.2000e-03	 7.2421e+00	 6.3779e+00
870	-5.2000e-03	 5.2000e-03	 7.2464e+00	 6.3595e+00
871	-4.8000e-03	 5.2000e-03	 7.2556e+00	 6.3214e+00
872	-4.4000e-03	 5.2000e-03	 7.2595e+00	 6.2819e+00
873	-4.0000e-03	 5.2000e-03	 7.2661e+00	 6.2392e+00
874	-3.6000e-03	 5.2000e-03	 7.2717e+00	 6.2152e+00
875	-3.2000e-03	 5.2000e-03	 7.2815e+00	 6.1843e+00
876	-2.8000e-03	 5.2000e-03	 7.2940e+00	 6.1494e+00
877	-2.4000e-03	 5.2000e-03	 7.2980e+00	 6.0985e+00
878	-2.0000e-03	 5.2000e-03	 7.2947e+00	 6.0788e+00
879	-1.6000e-03	 5.2000e-03	 7.3055e+00	 6.0387e+00
880	-1.2000e-03	 5.2000e-03	 7.2976e+00	 5.9887e+00
881	-8.0000e-04	 5.2000e-03	 7.3141e+00	 5.9657e+00
882	-4.0000e-04	 5.2000e-03	 7.3213e+00	 5.9460e+00
883	 0.0000e+00	 5.2000e-03	 7.3292e+00	 5.8957e+00
884	 4.0000e-04	 5.2000e-03	 7.3387e+00	 5.8575e+00
885	 8.0000e-04	 5.2000e-03	 7.3473e+00	 5.8306e+00
886	 1.2000e-03	 5.2000e-03	 7.3562e+00	 5.8215e+00
887	 1.6000e-03	 5.2000e-03	 7.3621e+00	 5.7606e+00
888	 2.0000e-03	 5.2000e-03	 7.3762e+00	 5.7514e+00
889	 2.4000e-03	 5.2000e-03	 7.3834e+00	 5.7103e+00
890	 2.8000e-03	 5.2000e-03	 7.3973e+00	 5.6784e+00
891	 3.2000e-03	 5.2000e-03	 7.4038e+00	 5.6409e+00
892	 3.6000e-03	 5.2000e-03	 7.4157e+00	 5.6077e+00
893	 4.0000e-03	 5.2000e-03	 7.4229e+00	 5.5834e+00
894	 4.4000e-03	 5.2000e-03	 7.4252e+00	 5.5571e+00
895	 4.8000e-03	 5.2000e-03	 7.4331e+00	 5.5055e+00
896	 5.2000e-03	 5.2000e-03	 7.4351e+00	 5.4851e+00
897	 5.6000e-03	 5.2000e-03	 7.4383e+00	 5.4351e+00
898	 6.0000e-03	 5.2000e-03	 7.4278e+00	 5.3947e+00
899	-6.0000e-03	 5.6000e-03	 7.2012e+00	 6.4292e+00
900	-5.6000e-03	 5.6000e-03	 7.2211e+00	 6.3993e+00
901	-5.2000e-03	 5.6000e-03	 7.2270e+00	 6.3782e+00
902	-4.8000e-03	 5.6000e-03	 7.2339e+00	 6.3388e+00
903	-4.4000e-03	 5.6000e-03	 7.2447e+00	 6.3059e+00
904	-4.0000e-03	 5.6000e-03	 7.2428e+00	 6.2625e+00
905	-3.6000e-03	 5.6000e-03	 7.2598e+00	 6.2079e+00
906	-3.2000e-03	 5.6000e-03	 7.2625e+00	 6.1882e+00
907	-2.8000e-03	 5.6000e-03	 7.2700e+00	 6.1501e+00
908	-2.4000e-03	 5.6000e-03	 7.2671e+00	 6.1034e+00
909	-2.0000e-03	 5.6000e-03	 7.2760e+00	 6.0758e+00
910	-1.6000e-03	 5.6000e-03	 7.2815e+00	 6.0515e+00
911	-1.2000e-03	 5.6000e-03	 7.2924e+00	 6.0147e+00
912	-8.0000e-04	 5.6000e-03	 7.2986e+00	 5.9953e+00
913	-4.0000e-04	 5.6000e-03	 7.3032e+00	 5.9548e+00
914	 0.0000e+00	 5.6000e-03	 7.3170e+00	 5.9259e+00
915	 4.0000e-04	 5.6000e-03	 7.3246e+00	 5.8868e+00
916	 8.0000e-04	 5.6000e-03	 7.3364e+00	 5.8526e+00
917	 1.2000e-03	 5.6000e-03	 7.3368e+00	 5.8306e+00
918	 1.6000e-03	 5.6000e-03	 7.3456e+00	 5.7786e+00
919	 2.0000e-03	 5.6000e-03	 7.3644e+00	 5.7648e+00
920	 2.4000e-03	 5.6000e-03	 7.3726e+00	 5.7320e+00
921	 2.8000e-03	 5.6000e-03	 7.3798e+00	 5.7053e+00
922	 3.2000e-03	 5.6000e-03	 7.3933e+00	 5.6757e+00
923	 3.6000e-03	 5.6000e-03	 7.4019e+00	 5.6261e+00
924	 4.0000e-03	 5.6000e-03	 7.4127e+00	 5.6281e+00
925	 4.4000e-03	 5.6000e-03	 7.4124e+00	 5.5594e+00
926	 4.8000e-03	 5.6000e-03	 7.4189e+00	 5.5295e+00
927	 5.2000e-03	 5.6000e-03	 7.4147e+00	 5.4864e+00
928	 5.6000e-03	 5.6000e-03	 7.4193e+00	 5.4542e+00
929	 6.0000e-03	 5.6000e-03	 7.4160e+00	 5.4302e+00
930	-6.0000e-03	 6.0000e-03	 7.1836e+00	 6.4640e+00
931	-5.6000e-03	 6.0000e-03	 7.2013e+00	 6.4144e+00
932	-5.2000e-03	 6.0000e-03	 7.2026e+00	 6.3828e+00
933	-4.8000e-03	 6.0000e-03	 7.2099e+00	 6.3628e+00
934	-4.4000e-03	 6.0000e-03	 7.2234e+00	 6.3144e+00
935	-4.0000e-03	 6.0000e-03	 7.2250e+00	 6.2849e+00
936	-3.6000e-03	 6.0000e-03	 7.2385e+00	 6.2586e+00
937	-3.2000e-03	 6.0000e-03	 7.2428e+00	 6.2176e+00
938	-2.8000e-03	 6.0000e-03	 7.2470e+00	 6.1583e+00
939	-2.4000e-03	 6.0000e-03	 7.2510e+00	 6.1215e+00
940	-2.0000e-03	 6.0000e-03	 7.2638e+00	 6.1202e+00
941	-1.6000e-03	 6.0000e-03	 7.2621e+00	 6.0630e+00
942	-1.2000e-03	 6.0000e-03	 7.2720e+00	 6.0396e+00
943	-8.0000e-04	 6.0000e-03	 7.2888e+00	 6.0051e+00
944	-4.0000e-04	 6.0000e-03	 7.2835e+00	 5.9676e+00
945	 0.0000e+00	 6.0000e-03	 7.2927e+00	 5.9387e+00
946	 4.0000e-04	 6.0000e-03	 7.3003e+00	 5.8966e+00
947	 8.0000e-04	 6.0000e-03	 7.3144e+00	 5.8842e+00
948	 1.2000e-03	 6.0000e-03	 7.3220e+00	 5.8529e+00
949	 1.6000e-03	 6.0000e-03	 7.3302e+00	 5.8256e+00
950	 2.0000e-03	 6.0000e-03	 7.3473e+00	 5.7921e+00
951	 2.4000e-03	 6.0000e-03	 7.3578e+00	 5.7642e+00
952	 2.8000e-03	 6.0000e-03	 7.3647e+00	 5.7405e+00
953	 3.2000e-03	 6.0000e-03	 7.3706e+00	 5.7053e+00
954	 3.6000e-03	 6.0000e-03	 7.3779e+00	 5.6748e+00
955	 4.0000e-03	 6.0000e-03	 7.3926e+00	 5.6458e+00
956	 4.4000e-03	 6.0000e-03	 7.3992e+00	 5.6100e+00
957	 4.8000e-03	 6.0000e-03	 7.3950e+00	 5.5650e+00
958	 5.2000e-03	 6.0000e-03	 7.4015e+00	 5.5324e+00
959	 5.6000e-03	 6.0000e-03	 7.3969e+00	 5.5022e+00
960	 6.0000e-03	 6.0000e-03	 7.3963e+00	 5.4532e+00
