	x (m)	y (m)	Mesure ch1 (V)	Mesure ch2 (V)
0	-7.0000e-03	-7.0000e-03	 4.8687e+00	 2.2423e+00
1	-6.3000e-03	-7.0000e-03	 4.9158e+00	 1.8494e+00
2	-5.6000e-03	-7.0000e-03	 4.9246e+00	 1.9836e+00
3	-4.9000e-03	-7.0000e-03	 4.8960e+00	 2.0827e+00
4	-4.2000e-03	-7.0000e-03	 4.8691e+00	 1.9067e+00
5	-3.5000e-03	-7.0000e-03	 4.9578e+00	 1.7496e+00
6	-2.8000e-03	-7.0000e-03	 4.8181e+00	 1.8913e+00
7	-2.1000e-03	-7.0000e-03	 4.8148e+00	 1.9475e+00
8	-1.4000e-03	-7.0000e-03	 4.7741e+00	 1.7736e+00
9	-7.0000e-04	-7.0000e-03	 4.8168e+00	 1.7026e+00
10	 0.0000e+00	-7.0000e-03	 4.5921e+00	 1.6051e+00
11	 7.0000e-04	-7.0000e-03	 4.6061e+00	 1.7466e+00
12	 1.4000e-03	-7.0000e-03	 4.6465e+00	 1.5520e+00
13	 2.1000e-03	-7.0000e-03	 4.6479e+00	 1.5294e+00
14	 2.8000e-03	-7.0000e-03	 4.4247e+00	 2.3436e+00
15	 3.5000e-03	-7.0000e-03	 4.4835e+00	 2.4169e+00
16	 4.2000e-03	-7.0000e-03	 4.4046e+00	 4.5399e+00
17	 4.9000e-03	-7.0000e-03	 4.4013e+00	 3.3386e+00
18	 5.6000e-03	-7.0000e-03	 4.4421e+00	 5.4769e+00
19	 6.3000e-03	-7.0000e-03	 4.3224e+00	 6.7064e+00
20	 7.0000e-03	-7.0000e-03	 4.3277e+00	 6.4890e+00
21	-7.0000e-03	-6.3000e-03	 4.9447e+00	 2.5232e+00
22	-6.3000e-03	-6.3000e-03	 5.1232e+00	 2.3104e+00
23	-5.6000e-03	-6.3000e-03	 5.1646e+00	 2.3028e+00
24	-4.9000e-03	-6.3000e-03	 5.1100e+00	 2.6733e+00
25	-4.2000e-03	-6.3000e-03	 5.1450e+00	 2.5641e+00
26	-3.5000e-03	-6.3000e-03	 5.1935e+00	 2.4100e+00
27	-2.8000e-03	-6.3000e-03	 5.0926e+00	 2.5408e+00
28	-2.1000e-03	-6.3000e-03	 4.9822e+00	 2.3557e+00
29	-1.4000e-03	-6.3000e-03	 4.9526e+00	 2.3884e+00
30	-7.0000e-04	-6.3000e-03	 4.9013e+00	 2.2226e+00
31	 0.0000e+00	-6.3000e-03	 4.9286e+00	 2.1902e+00
32	 7.0000e-04	-6.3000e-03	 4.7274e+00	 2.0158e+00
33	 1.4000e-03	-6.3000e-03	 4.7504e+00	 2.0070e+00
34	 2.1000e-03	-6.3000e-03	 4.6534e+00	 1.7253e+00
35	 2.8000e-03	-6.3000e-03	 4.6479e+00	 2.3380e+00
36	 3.5000e-03	-6.3000e-03	 4.5999e+00	 1.8288e+00
37	 4.2000e-03	-6.3000e-03	 4.5035e+00	 1.9636e+00
38	 4.9000e-03	-6.3000e-03	 4.3270e+00	 2.2745e+00
39	 5.6000e-03	-6.3000e-03	 4.3527e+00	 2.5247e+00
40	 6.3000e-03	-6.3000e-03	 4.2866e+00	 4.3997e+00
41	 7.0000e-03	-6.3000e-03	 4.3040e+00	 7.2973e+00
42	-7.0000e-03	-5.6000e-03	 5.2149e+00	 2.9468e+00
43	-6.3000e-03	-5.6000e-03	 5.3105e+00	 2.9796e+00
44	-5.6000e-03	-5.6000e-03	 5.3076e+00	 2.9990e+00
45	-4.9000e-03	-5.6000e-03	 5.3572e+00	 2.9918e+00
46	-4.2000e-03	-5.6000e-03	 5.3529e+00	 3.0917e+00
47	-3.5000e-03	-5.6000e-03	 5.3444e+00	 3.0556e+00
48	-2.8000e-03	-5.6000e-03	 5.2524e+00	 3.0378e+00
49	-2.1000e-03	-5.6000e-03	 5.2652e+00	 2.9464e+00
50	-1.4000e-03	-5.6000e-03	 5.2619e+00	 2.8643e+00
51	-7.0000e-04	-5.6000e-03	 5.0476e+00	 2.7354e+00
52	 0.0000e+00	-5.6000e-03	 5.0637e+00	 2.8041e+00
53	 7.0000e-04	-5.6000e-03	 4.8431e+00	 2.6174e+00
54	 1.4000e-03	-5.6000e-03	 4.8477e+00	 2.4741e+00
55	 2.1000e-03	-5.6000e-03	 4.8747e+00	 2.0770e+00
56	 2.8000e-03	-5.6000e-03	 4.7353e+00	 2.0763e+00
57	 3.5000e-03	-5.6000e-03	 4.7185e+00	 2.1365e+00
58	 4.2000e-03	-5.6000e-03	 4.5321e+00	 2.2716e+00
59	 4.9000e-03	-5.6000e-03	 4.6045e+00	 2.0375e+00
60	 5.6000e-03	-5.6000e-03	 4.4838e+00	 2.3327e+00
61	 6.3000e-03	-5.6000e-03	 4.5440e+00	 1.5829e+00
62	 7.0000e-03	-5.6000e-03	 4.3882e+00	 4.9812e+00
63	-7.0000e-03	-4.9000e-03	 5.4493e+00	 3.4125e+00
64	-6.3000e-03	-4.9000e-03	 5.5466e+00	 3.4947e+00
65	-5.6000e-03	-4.9000e-03	 5.5410e+00	 3.4809e+00
66	-4.9000e-03	-4.9000e-03	 5.4946e+00	 3.4990e+00
67	-4.2000e-03	-4.9000e-03	 5.5804e+00	 3.4530e+00
68	-3.5000e-03	-4.9000e-03	 5.5538e+00	 3.4441e+00
69	-2.8000e-03	-4.9000e-03	 5.5416e+00	 3.4494e+00
70	-2.1000e-03	-4.9000e-03	 5.4802e+00	 3.4737e+00
71	-1.4000e-03	-4.9000e-03	 5.3809e+00	 3.1647e+00
72	-7.0000e-04	-4.9000e-03	 5.3382e+00	 3.2574e+00
73	 0.0000e+00	-4.9000e-03	 5.2458e+00	 3.2429e+00
74	 7.0000e-04	-4.9000e-03	 5.1367e+00	 2.9780e+00
75	 1.4000e-03	-4.9000e-03	 5.0305e+00	 3.1026e+00
76	 2.1000e-03	-4.9000e-03	 4.9713e+00	 2.6726e+00
77	 2.8000e-03	-4.9000e-03	 4.9519e+00	 2.7972e+00
78	 3.5000e-03	-4.9000e-03	 4.8263e+00	 2.6861e+00
79	 4.2000e-03	-4.9000e-03	 4.8188e+00	 2.4425e+00
80	 4.9000e-03	-4.9000e-03	 4.7376e+00	 2.3922e+00
81	 5.6000e-03	-4.9000e-03	 4.6515e+00	 1.8660e+00
82	 6.3000e-03	-4.9000e-03	 4.5575e+00	 2.1588e+00
83	 7.0000e-03	-4.9000e-03	 4.4348e+00	 1.7069e+00
84	-7.0000e-03	-4.2000e-03	 5.6804e+00	 3.7672e+00
85	-6.3000e-03	-4.2000e-03	 5.6757e+00	 3.7998e+00
86	-5.6000e-03	-4.2000e-03	 5.6465e+00	 3.8580e+00
87	-4.9000e-03	-4.2000e-03	 5.7080e+00	 3.8721e+00
88	-4.2000e-03	-4.2000e-03	 5.6879e+00	 3.7853e+00
89	-3.5000e-03	-4.2000e-03	 5.6531e+00	 3.9414e+00
90	-2.8000e-03	-4.2000e-03	 5.6695e+00	 3.8464e+00
91	-2.1000e-03	-4.2000e-03	 5.5998e+00	 3.7255e+00
92	-1.4000e-03	-4.2000e-03	 5.5656e+00	 3.7325e+00
93	-7.0000e-04	-4.2000e-03	 5.5265e+00	 3.6275e+00
94	 0.0000e+00	-4.2000e-03	 5.4197e+00	 3.5490e+00
95	 7.0000e-04	-4.2000e-03	 5.3523e+00	 3.3097e+00
96	 1.4000e-03	-4.2000e-03	 5.2589e+00	 3.1680e+00
97	 2.1000e-03	-4.2000e-03	 5.1695e+00	 3.1525e+00
98	 2.8000e-03	-4.2000e-03	 5.1297e+00	 2.9652e+00
99	 3.5000e-03	-4.2000e-03	 5.0666e+00	 3.0457e+00
100	 4.2000e-03	-4.2000e-03	 5.0231e+00	 2.7778e+00
101	 4.9000e-03	-4.2000e-03	 4.8559e+00	 2.8077e+00
102	 5.6000e-03	-4.2000e-03	 4.7662e+00	 2.5523e+00
103	 6.3000e-03	-4.2000e-03	 4.7327e+00	 2.4944e+00
104	 7.0000e-03	-4.2000e-03	 4.6298e+00	 2.3935e+00
105	-7.0000e-03	-3.5000e-03	 5.7737e+00	 4.0417e+00
106	-6.3000e-03	-3.5000e-03	 5.7612e+00	 4.1479e+00
107	-5.6000e-03	-3.5000e-03	 5.7550e+00	 4.2034e+00
108	-4.9000e-03	-3.5000e-03	 5.8598e+00	 4.1824e+00
109	-4.2000e-03	-3.5000e-03	 5.7901e+00	 4.1768e+00
110	-3.5000e-03	-3.5000e-03	 5.7737e+00	 4.1988e+00
111	-2.8000e-03	-3.5000e-03	 5.7898e+00	 4.2304e+00
112	-2.1000e-03	-3.5000e-03	 5.7247e+00	 4.0871e+00
113	-1.4000e-03	-3.5000e-03	 5.6573e+00	 4.0437e+00
114	-7.0000e-04	-3.5000e-03	 5.6557e+00	 3.8428e+00
115	 0.0000e+00	-3.5000e-03	 5.5528e+00	 3.7725e+00
116	 7.0000e-04	-3.5000e-03	 5.5009e+00	 3.7708e+00
117	 1.4000e-03	-3.5000e-03	 5.4226e+00	 3.6348e+00
118	 2.1000e-03	-3.5000e-03	 5.3625e+00	 3.3823e+00
119	 2.8000e-03	-3.5000e-03	 5.2737e+00	 3.4221e+00
120	 3.5000e-03	-3.5000e-03	 5.2017e+00	 3.3997e+00
121	 4.2000e-03	-3.5000e-03	 5.1600e+00	 3.2041e+00
122	 4.9000e-03	-3.5000e-03	 5.0827e+00	 3.0644e+00
123	 5.6000e-03	-3.5000e-03	 4.9082e+00	 3.0750e+00
124	 6.3000e-03	-3.5000e-03	 4.9043e+00	 2.6466e+00
125	 7.0000e-03	-3.5000e-03	 4.7695e+00	 2.5799e+00
126	-7.0000e-03	-2.8000e-03	 5.7888e+00	 4.3500e+00
127	-6.3000e-03	-2.8000e-03	 5.8076e+00	 4.4792e+00
128	-5.6000e-03	-2.8000e-03	 5.8575e+00	 4.5249e+00
129	-4.9000e-03	-2.8000e-03	 5.8227e+00	 4.6015e+00
130	-4.2000e-03	-2.8000e-03	 5.8358e+00	 4.5742e+00
131	-3.5000e-03	-2.8000e-03	 5.8332e+00	 4.5374e+00
132	-2.8000e-03	-2.8000e-03	 5.7717e+00	 4.4749e+00
133	-2.1000e-03	-2.8000e-03	 5.7775e+00	 4.3924e+00
134	-1.4000e-03	-2.8000e-03	 5.6988e+00	 4.2856e+00
135	-7.0000e-04	-2.8000e-03	 5.6813e+00	 4.2577e+00
136	 0.0000e+00	-2.8000e-03	 5.6448e+00	 4.1518e+00
137	 7.0000e-04	-2.8000e-03	 5.5466e+00	 3.9102e+00
138	 1.4000e-03	-2.8000e-03	 5.5475e+00	 3.9122e+00
139	 2.1000e-03	-2.8000e-03	 5.4881e+00	 3.7718e+00
140	 2.8000e-03	-2.8000e-03	 5.4345e+00	 3.7712e+00
141	 3.5000e-03	-2.8000e-03	 5.4049e+00	 3.6170e+00
142	 4.2000e-03	-2.8000e-03	 5.2925e+00	 3.4444e+00
143	 4.9000e-03	-2.8000e-03	 5.2086e+00	 3.5085e+00
144	 5.6000e-03	-2.8000e-03	 5.1008e+00	 3.1795e+00
145	 6.3000e-03	-2.8000e-03	 4.8901e+00	 3.3429e+00
146	 7.0000e-03	-2.8000e-03	 4.9194e+00	 2.8848e+00
147	-7.0000e-03	-2.1000e-03	 5.8250e+00	 4.6771e+00
148	-6.3000e-03	-2.1000e-03	 5.8526e+00	 4.8063e+00
149	-5.6000e-03	-2.1000e-03	 5.8687e+00	 4.8734e+00
150	-4.9000e-03	-2.1000e-03	 5.8585e+00	 4.8559e+00
151	-4.2000e-03	-2.1000e-03	 5.8279e+00	 4.8743e+00
152	-3.5000e-03	-2.1000e-03	 5.8362e+00	 4.7882e+00
153	-2.8000e-03	-2.1000e-03	 5.7770e+00	 4.7905e+00
154	-2.1000e-03	-2.1000e-03	 5.7612e+00	 4.6922e+00
155	-1.4000e-03	-2.1000e-03	 5.7321e+00	 4.5561e+00
156	-7.0000e-04	-2.1000e-03	 5.6902e+00	 4.4776e+00
157	 0.0000e+00	-2.1000e-03	 5.7106e+00	 4.3734e+00
158	 7.0000e-04	-2.1000e-03	 5.6110e+00	 4.2176e+00
159	 1.4000e-03	-2.1000e-03	 5.5978e+00	 4.0608e+00
160	 2.1000e-03	-2.1000e-03	 5.5827e+00	 3.9977e+00
161	 2.8000e-03	-2.1000e-03	 5.5462e+00	 3.9119e+00
162	 3.5000e-03	-2.1000e-03	 5.4808e+00	 3.8300e+00
163	 4.2000e-03	-2.1000e-03	 5.4220e+00	 3.6246e+00
164	 4.9000e-03	-2.1000e-03	 5.3779e+00	 3.5629e+00
165	 5.6000e-03	-2.1000e-03	 5.2392e+00	 3.5808e+00
166	 6.3000e-03	-2.1000e-03	 5.1860e+00	 3.3314e+00
167	 7.0000e-03	-2.1000e-03	 5.0870e+00	 3.2041e+00
168	-7.0000e-03	-1.4000e-03	 5.8720e+00	 5.1350e+00
169	-6.3000e-03	-1.4000e-03	 5.8579e+00	 5.1613e+00
170	-5.6000e-03	-1.4000e-03	 5.8424e+00	 5.2445e+00
171	-4.9000e-03	-1.4000e-03	 5.8270e+00	 5.2834e+00
172	-4.2000e-03	-1.4000e-03	 5.7661e+00	 5.3398e+00
173	-3.5000e-03	-1.4000e-03	 5.7941e+00	 5.2031e+00
174	-2.8000e-03	-1.4000e-03	 5.7839e+00	 5.2100e+00
175	-2.1000e-03	-1.4000e-03	 5.7106e+00	 5.1018e+00
176	-1.4000e-03	-1.4000e-03	 5.7106e+00	 4.9121e+00
177	-7.0000e-04	-1.4000e-03	 5.6439e+00	 4.8783e+00
178	 0.0000e+00	-1.4000e-03	 5.6363e+00	 4.6462e+00
179	 7.0000e-04	-1.4000e-03	 5.6271e+00	 4.5147e+00
180	 1.4000e-03	-1.4000e-03	 5.6235e+00	 4.3661e+00
181	 2.1000e-03	-1.4000e-03	 5.6047e+00	 4.2281e+00
182	 2.8000e-03	-1.4000e-03	 5.6070e+00	 4.0963e+00
183	 3.5000e-03	-1.4000e-03	 5.5620e+00	 4.0184e+00
184	 4.2000e-03	-1.4000e-03	 5.4483e+00	 4.0616e+00
185	 4.9000e-03	-1.4000e-03	 5.4627e+00	 3.7989e+00
186	 5.6000e-03	-1.4000e-03	 5.3875e+00	 3.6962e+00
187	 6.3000e-03	-1.4000e-03	 5.2872e+00	 3.4980e+00
188	 7.0000e-03	-1.4000e-03	 5.1975e+00	 3.3718e+00
189	-7.0000e-03	-7.0000e-04	 5.7264e+00	 5.5147e+00
190	-6.3000e-03	-7.0000e-04	 5.7747e+00	 5.6038e+00
191	-5.6000e-03	-7.0000e-04	 5.7990e+00	 5.7093e+00
192	-4.9000e-03	-7.0000e-04	 5.7619e+00	 5.7333e+00
193	-4.2000e-03	-7.0000e-04	 5.7622e+00	 5.7878e+00
194	-3.5000e-03	-7.0000e-04	 5.7497e+00	 5.6899e+00
195	-2.8000e-03	-7.0000e-04	 5.6961e+00	 5.6343e+00
196	-2.1000e-03	-7.0000e-04	 5.6320e+00	 5.4729e+00
197	-1.4000e-03	-7.0000e-04	 5.5692e+00	 5.3592e+00
198	-7.0000e-04	-7.0000e-04	 5.5761e+00	 5.1653e+00
199	 0.0000e+00	-7.0000e-04	 5.6005e+00	 5.0666e+00
200	 7.0000e-04	-7.0000e-04	 5.6176e+00	 4.7764e+00
201	 1.4000e-03	-7.0000e-04	 5.5817e+00	 4.6492e+00
202	 2.1000e-03	-7.0000e-04	 5.5775e+00	 4.5460e+00
203	 2.8000e-03	-7.0000e-04	 5.5637e+00	 4.3895e+00
204	 3.5000e-03	-7.0000e-04	 5.5584e+00	 4.2945e+00
205	 4.2000e-03	-7.0000e-04	 5.5196e+00	 4.1656e+00
206	 4.9000e-03	-7.0000e-04	 5.4811e+00	 3.9931e+00
207	 5.6000e-03	-7.0000e-04	 5.4391e+00	 3.8757e+00
208	 6.3000e-03	-7.0000e-04	 5.4090e+00	 3.7886e+00
209	 7.0000e-03	-7.0000e-04	 5.3342e+00	 3.6114e+00
210	-7.0000e-03	 0.0000e+00	 5.7297e+00	 5.9821e+00
211	-6.3000e-03	 0.0000e+00	 5.7241e+00	 6.0982e+00
212	-5.6000e-03	 0.0000e+00	 5.7504e+00	 6.2954e+00
213	-4.9000e-03	 0.0000e+00	 5.7191e+00	 6.3312e+00
214	-4.2000e-03	 0.0000e+00	 5.6718e+00	 6.5015e+00
215	-3.5000e-03	 0.0000e+00	 5.6564e+00	 6.3907e+00
216	-2.8000e-03	 0.0000e+00	 5.5913e+00	 6.3273e+00
217	-2.1000e-03	 0.0000e+00	 5.5982e+00	 6.1639e+00
218	-1.4000e-03	 0.0000e+00	 5.4519e+00	 6.0922e+00
219	-7.0000e-04	 0.0000e+00	 5.4374e+00	 5.6780e+00
220	 0.0000e+00	 0.0000e+00	 5.4105e+00	 5.5117e+00
221	 7.0000e-04	 0.0000e+00	 5.4539e+00	 5.2842e+00
222	 1.4000e-03	 0.0000e+00	 5.4371e+00	 4.9539e+00
223	 2.1000e-03	 0.0000e+00	 5.5173e+00	 4.8181e+00
224	 2.8000e-03	 0.0000e+00	 5.5143e+00	 4.6262e+00
225	 3.5000e-03	 0.0000e+00	 5.5597e+00	 4.4924e+00
226	 4.2000e-03	 0.0000e+00	 5.5213e+00	 4.3530e+00
227	 4.9000e-03	 0.0000e+00	 5.5114e+00	 4.2541e+00
228	 5.6000e-03	 0.0000e+00	 5.4785e+00	 4.1429e+00
229	 6.3000e-03	 0.0000e+00	 5.4292e+00	 3.8921e+00
230	 7.0000e-03	 0.0000e+00	 5.3766e+00	 3.7150e+00
231	-7.0000e-03	 7.0000e-04	 5.6669e+00	 6.6553e+00
232	-6.3000e-03	 7.0000e-04	 5.6641e+00	 6.7756e+00
233	-5.6000e-03	 7.0000e-04	 5.7438e+00	 6.9009e+00
234	-4.9000e-03	 7.0000e-04	 5.7241e+00	 7.0639e+00
235	-4.2000e-03	 7.0000e-04	 5.6794e+00	 7.0110e+00
236	-3.5000e-03	 7.0000e-04	 5.6797e+00	 7.0219e+00
237	-2.8000e-03	 7.0000e-04	 5.5916e+00	 7.0393e+00
238	-2.1000e-03	 7.0000e-04	 5.5042e+00	 7.0123e+00
239	-1.4000e-03	 7.0000e-04	 5.4713e+00	 6.8489e+00
240	-7.0000e-04	 7.0000e-04	 5.3165e+00	 6.5235e+00
241	 0.0000e+00	 7.0000e-04	 5.2948e+00	 6.2201e+00
242	 7.0000e-04	 7.0000e-04	 5.2402e+00	 5.8411e+00
243	 1.4000e-03	 7.0000e-04	 5.3068e+00	 5.5985e+00
244	 2.1000e-03	 7.0000e-04	 5.3671e+00	 5.2589e+00
245	 2.8000e-03	 7.0000e-04	 5.3783e+00	 4.8589e+00
246	 3.5000e-03	 7.0000e-04	 5.4029e+00	 4.6179e+00
247	 4.2000e-03	 7.0000e-04	 5.4101e+00	 4.6403e+00
248	 4.9000e-03	 7.0000e-04	 5.4637e+00	 4.3878e+00
249	 5.6000e-03	 7.0000e-04	 5.4046e+00	 4.1896e+00
250	 6.3000e-03	 7.0000e-04	 5.4706e+00	 3.9240e+00
251	 7.0000e-03	 7.0000e-04	 5.3720e+00	 3.8655e+00
252	-7.0000e-03	 1.4000e-03	 5.6692e+00	 7.3782e+00
253	-6.3000e-03	 1.4000e-03	 5.7619e+00	 7.5273e+00
254	-5.6000e-03	 1.4000e-03	 5.7908e+00	 7.5882e+00
255	-4.9000e-03	 1.4000e-03	 5.7959e+00	 7.7355e+00
256	-4.2000e-03	 1.4000e-03	 5.8309e+00	 7.8154e+00
257	-3.5000e-03	 1.4000e-03	 5.7583e+00	 7.8410e+00
258	-2.8000e-03	 1.4000e-03	 5.6859e+00	 7.7799e+00
259	-2.1000e-03	 1.4000e-03	 5.6274e+00	 7.7753e+00
260	-1.4000e-03	 1.4000e-03	 5.5232e+00	 7.5909e+00
261	-7.0000e-04	 1.4000e-03	 5.3470e+00	 7.4163e+00
262	 0.0000e+00	 1.4000e-03	 5.2579e+00	 7.1211e+00
263	 7.0000e-04	 1.4000e-03	 5.1745e+00	 6.8779e+00
264	 1.4000e-03	 1.4000e-03	 5.0489e+00	 6.3920e+00
265	 2.1000e-03	 1.4000e-03	 5.1048e+00	 6.0327e+00
266	 2.8000e-03	 1.4000e-03	 5.1058e+00	 5.3253e+00
267	 3.5000e-03	 1.4000e-03	 5.1948e+00	 5.2271e+00
268	 4.2000e-03	 1.4000e-03	 5.2340e+00	 4.8589e+00
269	 4.9000e-03	 1.4000e-03	 5.3428e+00	 4.7123e+00
270	 5.6000e-03	 1.4000e-03	 5.4006e+00	 4.3089e+00
271	 6.3000e-03	 1.4000e-03	 5.4013e+00	 4.1012e+00
272	 7.0000e-03	 1.4000e-03	 5.4555e+00	 4.0131e+00
273	-7.0000e-03	 2.1000e-03	 5.8010e+00	 8.1671e+00
274	-6.3000e-03	 2.1000e-03	 5.8418e+00	 8.2385e+00
275	-5.6000e-03	 2.1000e-03	 5.9657e+00	 8.2956e+00
276	-4.9000e-03	 2.1000e-03	 5.9887e+00	 8.3062e+00
277	-4.2000e-03	 2.1000e-03	 5.9571e+00	 8.4436e+00
278	-3.5000e-03	 2.1000e-03	 5.9325e+00	 8.4094e+00
279	-2.8000e-03	 2.1000e-03	 5.9039e+00	 8.4677e+00
280	-2.1000e-03	 2.1000e-03	 5.8210e+00	 8.4799e+00
281	-1.4000e-03	 2.1000e-03	 5.7583e+00	 8.4485e+00
282	-7.0000e-04	 2.1000e-03	 5.5863e+00	 8.3729e+00
283	 0.0000e+00	 2.1000e-03	 5.4335e+00	 8.1050e+00
284	 7.0000e-04	 2.1000e-03	 5.2001e+00	 7.9058e+00
285	 1.4000e-03	 2.1000e-03	 5.0324e+00	 7.5162e+00
286	 2.1000e-03	 2.1000e-03	 4.9772e+00	 6.8621e+00
287	 2.8000e-03	 2.1000e-03	 4.9319e+00	 6.3329e+00
288	 3.5000e-03	 2.1000e-03	 4.9003e+00	 5.4765e+00
289	 4.2000e-03	 2.1000e-03	 5.0403e+00	 5.1261e+00
290	 4.9000e-03	 2.1000e-03	 5.1449e+00	 4.7182e+00
291	 5.6000e-03	 2.1000e-03	 5.3500e+00	 4.4759e+00
292	 6.3000e-03	 2.1000e-03	 5.3326e+00	 4.2235e+00
293	 7.0000e-03	 2.1000e-03	 5.4295e+00	 4.0141e+00
294	-7.0000e-03	 2.8000e-03	 6.0170e+00	 8.7486e+00
295	-6.3000e-03	 2.8000e-03	 6.0692e+00	 8.8413e+00
296	-5.6000e-03	 2.8000e-03	 6.1432e+00	 8.8384e+00
297	-4.9000e-03	 2.8000e-03	 6.1629e+00	 8.9258e+00
298	-4.2000e-03	 2.8000e-03	 6.1816e+00	 8.9748e+00
299	-3.5000e-03	 2.8000e-03	 6.1337e+00	 9.0103e+00
300	-2.8000e-03	 2.8000e-03	 6.1067e+00	 8.9577e+00
301	-2.1000e-03	 2.8000e-03	 6.0354e+00	 9.0307e+00
302	-1.4000e-03	 2.8000e-03	 5.9634e+00	 8.9988e+00
303	-7.0000e-04	 2.8000e-03	 5.8105e+00	 8.9275e+00
304	 0.0000e+00	 2.8000e-03	 5.7162e+00	 8.8216e+00
305	 7.0000e-04	 2.8000e-03	 5.4821e+00	 8.7644e+00
306	 1.4000e-03	 2.8000e-03	 5.3336e+00	 8.6431e+00
307	 2.1000e-03	 2.8000e-03	 5.1008e+00	 8.2029e+00
308	 2.8000e-03	 2.8000e-03	 4.6765e+00	 7.5965e+00
309	 3.5000e-03	 2.8000e-03	 4.6761e+00	 6.4196e+00
310	 4.2000e-03	 2.8000e-03	 4.7807e+00	 5.3769e+00
311	 4.9000e-03	 2.8000e-03	 4.8941e+00	 4.8237e+00
312	 5.6000e-03	 2.8000e-03	 4.9884e+00	 4.5197e+00
313	 6.3000e-03	 2.8000e-03	 5.2908e+00	 4.0687e+00
314	 7.0000e-03	 2.8000e-03	 5.3451e+00	 3.9401e+00
315	-7.0000e-03	 3.5000e-03	 6.2280e+00	 9.1293e+00
316	-6.3000e-03	 3.5000e-03	 6.2960e+00	 9.2552e+00
317	-5.6000e-03	 3.5000e-03	 6.3585e+00	 9.2831e+00
318	-4.9000e-03	 3.5000e-03	 6.3746e+00	 9.3229e+00
319	-4.2000e-03	 3.5000e-03	 6.3818e+00	 9.3716e+00
320	-3.5000e-03	 3.5000e-03	 6.3523e+00	 9.3929e+00
321	-2.8000e-03	 3.5000e-03	 6.3398e+00	 9.3719e+00
322	-2.1000e-03	 3.5000e-03	 6.2602e+00	 9.3775e+00
323	-1.4000e-03	 3.5000e-03	 6.1925e+00	 9.4514e+00
324	-7.0000e-04	 3.5000e-03	 6.1034e+00	 9.3716e+00
325	 0.0000e+00	 3.5000e-03	 6.0064e+00	 9.3351e+00
326	 7.0000e-04	 3.5000e-03	 5.8227e+00	 9.3144e+00
327	 1.4000e-03	 3.5000e-03	 5.6642e+00	 9.2746e+00
328	 2.1000e-03	 3.5000e-03	 5.4276e+00	 9.0445e+00
329	 2.8000e-03	 3.5000e-03	 5.0177e+00	 8.6872e+00
330	 3.5000e-03	 3.5000e-03	 4.6515e+00	 8.5057e+00
331	 4.2000e-03	 3.5000e-03	 4.3698e+00	 6.2480e+00
332	 4.9000e-03	 3.5000e-03	 4.5877e+00	 4.9539e+00
333	 5.6000e-03	 3.5000e-03	 4.8632e+00	 4.4432e+00
334	 6.3000e-03	 3.5000e-03	 5.0804e+00	 3.9536e+00
335	 7.0000e-03	 3.5000e-03	 5.2925e+00	 3.9668e+00
336	-7.0000e-03	 4.2000e-03	 6.4305e+00	 9.5668e+00
337	-6.3000e-03	 4.2000e-03	 6.5166e+00	 9.5652e+00
338	-5.6000e-03	 4.2000e-03	 6.5666e+00	 9.6020e+00
339	-4.9000e-03	 4.2000e-03	 6.5600e+00	 9.6664e+00
340	-4.2000e-03	 4.2000e-03	 6.5896e+00	 9.6510e+00
341	-3.5000e-03	 4.2000e-03	 6.5689e+00	 9.6980e+00
342	-2.8000e-03	 4.2000e-03	 6.5370e+00	 9.7161e+00
343	-2.1000e-03	 4.2000e-03	 6.4890e+00	 9.7483e+00
344	-1.4000e-03	 4.2000e-03	 6.4321e+00	 9.7417e+00
345	-7.0000e-04	 4.2000e-03	 6.3450e+00	 9.7240e+00
346	 0.0000e+00	 4.2000e-03	 6.2494e+00	 9.6832e+00
347	 7.0000e-04	 4.2000e-03	 6.1192e+00	 9.6572e+00
348	 1.4000e-03	 4.2000e-03	 5.9588e+00	 9.6076e+00
349	 2.1000e-03	 4.2000e-03	 5.7438e+00	 9.6299e+00
350	 2.8000e-03	 4.2000e-03	 5.5065e+00	 9.4856e+00
351	 3.5000e-03	 4.2000e-03	 5.1314e+00	 9.3726e+00
352	 4.2000e-03	 4.2000e-03	 4.5755e+00	 3.5375e+00
353	 4.9000e-03	 4.2000e-03	 4.2402e+00	 3.2298e+00
354	 5.6000e-03	 4.2000e-03	 4.6216e+00	 3.6085e+00
355	 6.3000e-03	 4.2000e-03	 5.0163e+00	 4.0202e+00
356	 7.0000e-03	 4.2000e-03	 5.2100e+00	 3.8898e+00
357	-7.0000e-03	 4.9000e-03	 6.6215e+00	 9.8104e+00
358	-6.3000e-03	 4.9000e-03	 6.6915e+00	 9.8469e+00
359	-5.6000e-03	 4.9000e-03	 6.7145e+00	 9.8456e+00
360	-4.9000e-03	 4.9000e-03	 6.7477e+00	 9.8818e+00
361	-4.2000e-03	 4.9000e-03	 6.7398e+00	 9.8755e+00
362	-3.5000e-03	 4.9000e-03	 6.7428e+00	 9.9173e+00
363	-2.8000e-03	 4.9000e-03	 6.7129e+00	 9.9212e+00
364	-2.1000e-03	 4.9000e-03	 6.6813e+00	 9.9291e+00
365	-1.4000e-03	 4.9000e-03	 6.6359e+00	 9.8591e+00
366	-7.0000e-04	 4.9000e-03	 6.5574e+00	 9.9212e+00
367	 0.0000e+00	 4.9000e-03	 6.4851e+00	 9.8663e+00
368	 7.0000e-04	 4.9000e-03	 6.3588e+00	 9.7953e+00
369	 1.4000e-03	 4.9000e-03	 6.2227e+00	 9.8384e+00
370	 2.1000e-03	 4.9000e-03	 6.0209e+00	 9.8223e+00
371	 2.8000e-03	 4.9000e-03	 5.8174e+00	 9.6497e+00
372	 3.5000e-03	 4.9000e-03	 5.5275e+00	 9.2960e+00
373	 4.2000e-03	 4.9000e-03	 5.1376e+00	 9.5871e-01
374	 4.9000e-03	 4.9000e-03	 4.7788e+00	 1.0951e+00
375	 5.6000e-03	 4.9000e-03	 4.6557e+00	 2.2124e+00
376	 6.3000e-03	 4.9000e-03	 4.8125e+00	 3.0187e+00
377	 7.0000e-03	 4.9000e-03	 5.1409e+00	 3.4083e+00
378	-7.0000e-03	 5.6000e-03	 6.8010e+00	 1.5665e-01
379	-6.3000e-03	 5.6000e-03	 6.8466e+00	 1.2378e-01
380	-5.6000e-03	 5.6000e-03	 6.8835e+00	 1.1819e-01
381	-4.9000e-03	 5.6000e-03	 6.8950e+00	 1.1096e-01
382	-4.2000e-03	 5.6000e-03	 6.9206e+00	 1.5139e-01
383	-3.5000e-03	 5.6000e-03	 6.8986e+00	 1.6093e-01
384	-2.8000e-03	 5.6000e-03	 6.8782e+00	 1.7572e-01
385	-2.1000e-03	 5.6000e-03	 6.8535e+00	 1.4137e-01
386	-1.4000e-03	 5.6000e-03	 6.7967e+00	 1.5501e-01
387	-7.0000e-04	 5.6000e-03	 6.7533e+00	 1.3972e-01
388	 0.0000e+00	 5.6000e-03	 6.6739e+00	 1.4120e-01
389	 7.0000e-04	 5.6000e-03	 6.5728e+00	 1.6257e-01
390	 1.4000e-03	 5.6000e-03	 6.4522e+00	 2.2437e-01
391	 2.1000e-03	 5.6000e-03	 6.3013e+00	 1.6783e-01
392	 2.8000e-03	 5.6000e-03	 6.1120e+00	 2.3982e-01
393	 3.5000e-03	 5.6000e-03	 5.8684e+00	 3.7557e-01
394	 4.2000e-03	 5.6000e-03	 5.6038e+00	 4.3540e-01
395	 4.9000e-03	 5.6000e-03	 5.2678e+00	 8.9790e-01
396	 5.6000e-03	 5.6000e-03	 5.0374e+00	 1.5510e+00
397	 6.3000e-03	 5.6000e-03	 4.9700e+00	 2.4251e+00
398	 7.0000e-03	 5.6000e-03	 5.1120e+00	 3.0731e+00
399	-7.0000e-03	 6.3000e-03	 6.9637e+00	 2.4508e-01
400	-6.3000e-03	 6.3000e-03	 7.0090e+00	 2.7959e-01
401	-5.6000e-03	 6.3000e-03	 7.0337e+00	 2.8879e-01
402	-4.9000e-03	 6.3000e-03	 7.0574e+00	 3.0129e-01
403	-4.2000e-03	 6.3000e-03	 7.0629e+00	 3.4500e-01
404	-3.5000e-03	 6.3000e-03	 7.0610e+00	 3.4402e-01
405	-2.8000e-03	 6.3000e-03	 7.0439e+00	 3.4303e-01
406	-2.1000e-03	 6.3000e-03	 7.0100e+00	 3.3909e-01
407	-1.4000e-03	 6.3000e-03	 6.9748e+00	 3.4435e-01
408	-7.0000e-04	 6.3000e-03	 6.9265e+00	 3.3153e-01
409	 0.0000e+00	 6.3000e-03	 6.8437e+00	 3.2167e-01
410	 7.0000e-04	 6.3000e-03	 6.7707e+00	 2.7959e-01
411	 1.4000e-03	 6.3000e-03	 6.6402e+00	 2.8781e-01
412	 2.1000e-03	 6.3000e-03	 6.5163e+00	 2.8748e-01
413	 2.8000e-03	 6.3000e-03	 6.3549e+00	 3.3613e-01
414	 3.5000e-03	 6.3000e-03	 6.1514e+00	 4.1502e-01
415	 4.2000e-03	 6.3000e-03	 5.8966e+00	 5.2645e-01
416	 4.9000e-03	 6.3000e-03	 5.6619e+00	 7.8844e-01
417	 5.6000e-03	 6.3000e-03	 5.3385e+00	 1.0448e+00
418	 6.3000e-03	 6.3000e-03	 5.0916e+00	 1.8890e+00
419	 7.0000e-03	 6.3000e-03	 5.1925e+00	 2.4353e+00
420	-7.0000e-03	 7.0000e-03	 7.1224e+00	 4.1173e-01
421	-6.3000e-03	 7.0000e-03	 7.1553e+00	 4.1042e-01
422	-5.6000e-03	 7.0000e-03	 7.1777e+00	 4.6991e-01
423	-4.9000e-03	 7.0000e-03	 7.1905e+00	 4.7813e-01
424	-4.2000e-03	 7.0000e-03	 7.1902e+00	 4.9062e-01
425	-3.5000e-03	 7.0000e-03	 7.1872e+00	 4.9654e-01
426	-2.8000e-03	 7.0000e-03	 7.1833e+00	 4.9588e-01
427	-2.1000e-03	 7.0000e-03	 7.1583e+00	 4.9753e-01
428	-1.4000e-03	 7.0000e-03	 7.1155e+00	 5.0213e-01
429	-7.0000e-04	 7.0000e-03	 7.0705e+00	 4.9753e-01
430	 0.0000e+00	 7.0000e-03	 7.0130e+00	 4.9128e-01
431	 7.0000e-04	 7.0000e-03	 6.9190e+00	 4.6367e-01
432	 1.4000e-03	 7.0000e-03	 6.8312e+00	 4.6005e-01
433	 2.1000e-03	 7.0000e-03	 6.6958e+00	 4.8043e-01
434	 2.8000e-03	 7.0000e-03	 6.5653e+00	 5.0870e-01
435	 3.5000e-03	 7.0000e-03	 6.3736e+00	 5.2580e-01
436	 4.2000e-03	 7.0000e-03	 6.1757e+00	 5.9680e-01
437	 4.9000e-03	 7.0000e-03	 5.9239e+00	 7.0034e-01
438	 5.6000e-03	 7.0000e-03	 5.6255e+00	 1.0343e+00
439	 6.3000e-03	 7.0000e-03	 5.3451e+00	 1.4879e+00
440	 7.0000e-03	 7.0000e-03	 5.1787e+00	 1.9800e+00
