	x (m)	y (m)	Mesure ch1 (V)	Mesure ch2 (V)
0	-9.6000e-03	-9.6000e-03	 5.2280e+00	 2.7752e+00
1	-8.8000e-03	-9.6000e-03	 5.1459e+00	 3.2528e+00
2	-8.0000e-03	-9.6000e-03	 5.1501e+00	 3.8711e+00
3	-7.2000e-03	-9.6000e-03	 5.2805e+00	 4.3188e+00
4	-6.4000e-03	-9.6000e-03	 5.4374e+00	 4.5394e+00
5	-5.6000e-03	-9.6000e-03	 5.6761e+00	 4.5847e+00
6	-4.8000e-03	-9.6000e-03	 5.8230e+00	 4.6525e+00
7	-4.0000e-03	-9.6000e-03	 5.8779e+00	 4.6571e+00
8	-3.2000e-03	-9.6000e-03	 5.9335e+00	 4.7136e+00
9	-2.4000e-03	-9.6000e-03	 5.9430e+00	 4.6400e+00
10	-1.6000e-03	-9.6000e-03	 5.9930e+00	 4.6709e+00
11	-8.0000e-04	-9.6000e-03	 5.9939e+00	 4.6045e+00
12	 0.0000e+00	-9.6000e-03	 5.9949e+00	 4.5226e+00
13	 8.0000e-04	-9.6000e-03	 5.9726e+00	 4.3329e+00
14	 1.6000e-03	-9.6000e-03	 5.9298e+00	 4.2143e+00
15	 2.4000e-03	-9.6000e-03	 5.9016e+00	 4.0092e+00
16	 3.2000e-03	-9.6000e-03	 5.8605e+00	 3.8714e+00
17	 4.0000e-03	-9.6000e-03	 5.8365e+00	 3.6785e+00
18	 4.8000e-03	-9.6000e-03	 5.7208e+00	 3.3218e+00
19	 5.6000e-03	-9.6000e-03	 5.5203e+00	 2.9027e+00
20	 6.4000e-03	-9.6000e-03	 5.3829e+00	 2.2361e+00
21	 7.2000e-03	-9.6000e-03	 5.4729e+00	 1.5875e+00
22	 8.0000e-03	-9.6000e-03	 5.5393e+00	 1.2210e+00
23	 8.8000e-03	-9.6000e-03	 5.5282e+00	 9.1926e-01
24	 9.6000e-03	-9.6000e-03	 5.3500e+00	 8.0684e-01
25	-9.6000e-03	-8.8000e-03	 5.3148e+00	 3.1713e+00
26	-8.8000e-03	-8.8000e-03	 5.1633e+00	 3.6821e+00
27	-8.0000e-03	-8.8000e-03	 5.3227e+00	 4.4638e+00
28	-7.2000e-03	-8.8000e-03	 5.4775e+00	 4.5808e+00
29	-6.4000e-03	-8.8000e-03	 5.6603e+00	 4.7639e+00
30	-5.6000e-03	-8.8000e-03	 5.7336e+00	 4.9174e+00
31	-4.8000e-03	-8.8000e-03	 5.8250e+00	 5.0048e+00
32	-4.0000e-03	-8.8000e-03	 5.9114e+00	 4.9874e+00
33	-3.2000e-03	-8.8000e-03	 5.9203e+00	 5.0246e+00
34	-2.4000e-03	-8.8000e-03	 6.0058e+00	 5.0311e+00
35	-1.6000e-03	-8.8000e-03	 6.0334e+00	 4.9943e+00
36	-8.0000e-04	-8.8000e-03	 6.0669e+00	 4.9549e+00
37	 0.0000e+00	-8.8000e-03	 6.0935e+00	 4.9043e+00
38	 8.0000e-04	-8.8000e-03	 6.0331e+00	 4.7333e+00
39	 1.6000e-03	-8.8000e-03	 5.9910e+00	 4.5897e+00
40	 2.4000e-03	-8.8000e-03	 5.9713e+00	 4.4256e+00
41	 3.2000e-03	-8.8000e-03	 5.9177e+00	 4.2228e+00
42	 4.0000e-03	-8.8000e-03	 5.8135e+00	 4.0502e+00
43	 4.8000e-03	-8.8000e-03	 5.7468e+00	 3.7059e+00
44	 5.6000e-03	-8.8000e-03	 5.6537e+00	 3.3619e+00
45	 6.4000e-03	-8.8000e-03	 5.5538e+00	 2.7702e+00
46	 7.2000e-03	-8.8000e-03	 5.4170e+00	 2.1174e+00
47	 8.0000e-03	-8.8000e-03	 5.5166e+00	 1.5550e+00
48	 8.8000e-03	-8.8000e-03	 5.5140e+00	 1.2033e+00
49	 9.6000e-03	-8.8000e-03	 5.3543e+00	 1.2680e+00
50	-9.6000e-03	-8.0000e-03	 5.2215e+00	 3.9414e+00
51	-8.8000e-03	-8.0000e-03	 5.2852e+00	 4.7705e+00
52	-8.0000e-03	-8.0000e-03	 5.5620e+00	 4.9072e+00
53	-7.2000e-03	-8.0000e-03	 5.6741e+00	 5.0489e+00
54	-6.4000e-03	-8.0000e-03	 5.7721e+00	 5.1028e+00
55	-5.6000e-03	-8.0000e-03	 5.8516e+00	 5.2228e+00
56	-4.8000e-03	-8.0000e-03	 5.9121e+00	 5.3625e+00
57	-4.0000e-03	-8.0000e-03	 5.9525e+00	 5.3378e+00
58	-3.2000e-03	-8.0000e-03	 6.0022e+00	 5.3990e+00
59	-2.4000e-03	-8.0000e-03	 6.0304e+00	 5.3119e+00
60	-1.6000e-03	-8.0000e-03	 6.0988e+00	 5.2241e+00
61	-8.0000e-04	-8.0000e-03	 6.1580e+00	 5.2672e+00
62	 0.0000e+00	-8.0000e-03	 6.1616e+00	 5.1321e+00
63	 8.0000e-04	-8.0000e-03	 6.1498e+00	 4.9618e+00
64	 1.6000e-03	-8.0000e-03	 6.1120e+00	 4.9069e+00
65	 2.4000e-03	-8.0000e-03	 6.0459e+00	 4.7603e+00
66	 3.2000e-03	-8.0000e-03	 5.9884e+00	 4.5696e+00
67	 4.0000e-03	-8.0000e-03	 5.9183e+00	 4.3325e+00
68	 4.8000e-03	-8.0000e-03	 5.8828e+00	 4.1137e+00
69	 5.6000e-03	-8.0000e-03	 5.7944e+00	 3.7252e+00
70	 6.4000e-03	-8.0000e-03	 5.6337e+00	 3.2712e+00
71	 7.2000e-03	-8.0000e-03	 5.4831e+00	 2.7032e+00
72	 8.0000e-03	-8.0000e-03	 5.4184e+00	 2.0908e+00
73	 8.8000e-03	-8.0000e-03	 5.3746e+00	 1.6257e+00
74	 9.6000e-03	-8.0000e-03	 5.3362e+00	 1.5126e+00
75	-9.6000e-03	-7.2000e-03	 5.3247e+00	 4.7014e+00
76	-8.8000e-03	-7.2000e-03	 5.5275e+00	 5.3181e+00
77	-8.0000e-03	-7.2000e-03	 5.7310e+00	 5.5032e+00
78	-7.2000e-03	-7.2000e-03	 5.9006e+00	 5.3855e+00
79	-6.4000e-03	-7.2000e-03	 5.9870e+00	 5.4650e+00
80	-5.6000e-03	-7.2000e-03	 6.0271e+00	 5.5936e+00
81	-4.8000e-03	-7.2000e-03	 6.0377e+00	 5.5640e+00
82	-4.0000e-03	-7.2000e-03	 6.0620e+00	 5.6784e+00
83	-3.2000e-03	-7.2000e-03	 6.1507e+00	 5.6064e+00
84	-2.4000e-03	-7.2000e-03	 6.2155e+00	 5.5255e+00
85	-1.6000e-03	-7.2000e-03	 6.2734e+00	 5.5222e+00
86	-8.0000e-04	-7.2000e-03	 6.2803e+00	 5.4858e+00
87	 0.0000e+00	-7.2000e-03	 6.3200e+00	 5.3608e+00
88	 8.0000e-04	-7.2000e-03	 6.3148e+00	 5.2280e+00
89	 1.6000e-03	-7.2000e-03	 6.2457e+00	 5.0992e+00
90	 2.4000e-03	-7.2000e-03	 6.1777e+00	 4.9384e+00
91	 3.2000e-03	-7.2000e-03	 6.1238e+00	 4.6972e+00
92	 4.0000e-03	-7.2000e-03	 6.0577e+00	 4.6101e+00
93	 4.8000e-03	-7.2000e-03	 6.0390e+00	 4.3280e+00
94	 5.6000e-03	-7.2000e-03	 5.9022e+00	 4.0759e+00
95	 6.4000e-03	-7.2000e-03	 5.7392e+00	 3.7534e+00
96	 7.2000e-03	-7.2000e-03	 5.5732e+00	 3.3488e+00
97	 8.0000e-03	-7.2000e-03	 5.4092e+00	 2.6488e+00
98	 8.8000e-03	-7.2000e-03	 5.3178e+00	 2.2088e+00
99	 9.6000e-03	-7.2000e-03	 5.2178e+00	 2.3212e+00
100	-9.6000e-03	-6.4000e-03	 5.2649e+00	 5.5715e+00
101	-8.8000e-03	-6.4000e-03	 5.7619e+00	 5.8158e+00
102	-8.0000e-03	-6.4000e-03	 5.8980e+00	 5.7514e+00
103	-7.2000e-03	-6.4000e-03	 6.0587e+00	 5.7583e+00
104	-6.4000e-03	-6.4000e-03	 6.1254e+00	 5.7698e+00
105	-5.6000e-03	-6.4000e-03	 6.1284e+00	 5.8171e+00
106	-4.8000e-03	-6.4000e-03	 6.1692e+00	 5.8865e+00
107	-4.0000e-03	-6.4000e-03	 6.1978e+00	 5.9218e+00
108	-3.2000e-03	-6.4000e-03	 6.2645e+00	 5.8756e+00
109	-2.4000e-03	-6.4000e-03	 6.3795e+00	 5.8210e+00
110	-1.6000e-03	-6.4000e-03	 6.4591e+00	 5.7260e+00
111	-8.0000e-04	-6.4000e-03	 6.5044e+00	 5.6455e+00
112	 0.0000e+00	-6.4000e-03	 6.5028e+00	 5.5656e+00
113	 8.0000e-04	-6.4000e-03	 6.5048e+00	 5.4604e+00
114	 1.6000e-03	-6.4000e-03	 6.4223e+00	 5.2448e+00
115	 2.4000e-03	-6.4000e-03	 6.3381e+00	 5.0916e+00
116	 3.2000e-03	-6.4000e-03	 6.2362e+00	 4.9282e+00
117	 4.0000e-03	-6.4000e-03	 6.2017e+00	 4.7149e+00
118	 4.8000e-03	-6.4000e-03	 6.1675e+00	 4.4950e+00
119	 5.6000e-03	-6.4000e-03	 6.0725e+00	 4.2777e+00
120	 6.4000e-03	-6.4000e-03	 5.9223e+00	 4.1298e+00
121	 7.2000e-03	-6.4000e-03	 5.7464e+00	 3.8113e+00
122	 8.0000e-03	-6.4000e-03	 5.4486e+00	 3.4083e+00
123	 8.8000e-03	-6.4000e-03	 5.2116e+00	 2.9014e+00
124	 9.6000e-03	-6.4000e-03	 5.1797e+00	 2.9783e+00
125	-9.6000e-03	-5.6000e-03	 5.6274e+00	 5.9430e+00
126	-8.8000e-03	-5.6000e-03	 5.8533e+00	 5.9647e+00
127	-8.0000e-03	-5.6000e-03	 6.0370e+00	 5.9368e+00
128	-7.2000e-03	-5.6000e-03	 6.1751e+00	 6.0291e+00
129	-6.4000e-03	-5.6000e-03	 6.2237e+00	 6.0304e+00
130	-5.6000e-03	-5.6000e-03	 6.2806e+00	 6.0692e+00
131	-4.8000e-03	-5.6000e-03	 6.2780e+00	 6.1116e+00
132	-4.0000e-03	-5.6000e-03	 6.3309e+00	 6.0942e+00
133	-3.2000e-03	-5.6000e-03	 6.4357e+00	 5.9962e+00
134	-2.4000e-03	-5.6000e-03	 6.5590e+00	 5.9331e+00
135	-1.6000e-03	-5.6000e-03	 6.6310e+00	 5.8306e+00
136	-8.0000e-04	-5.6000e-03	 6.6797e+00	 5.7510e+00
137	 0.0000e+00	-5.6000e-03	 6.7207e+00	 5.6708e+00
138	 8.0000e-04	-5.6000e-03	 6.6908e+00	 5.5594e+00
139	 1.6000e-03	-5.6000e-03	 6.6386e+00	 5.4447e+00
140	 2.4000e-03	-5.6000e-03	 6.5472e+00	 5.2369e+00
141	 3.2000e-03	-5.6000e-03	 6.4653e+00	 5.0742e+00
142	 4.0000e-03	-5.6000e-03	 6.3845e+00	 4.9066e+00
143	 4.8000e-03	-5.6000e-03	 6.3095e+00	 4.6922e+00
144	 5.6000e-03	-5.6000e-03	 6.2007e+00	 4.5591e+00
145	 6.4000e-03	-5.6000e-03	 6.0725e+00	 4.4365e+00
146	 7.2000e-03	-5.6000e-03	 5.8723e+00	 4.1564e+00
147	 8.0000e-03	-5.6000e-03	 5.6238e+00	 3.9322e+00
148	 8.8000e-03	-5.6000e-03	 5.3648e+00	 3.4918e+00
149	 9.6000e-03	-5.6000e-03	 5.3513e+00	 3.5891e+00
150	-9.6000e-03	-4.8000e-03	 5.7247e+00	 6.1277e+00
151	-8.8000e-03	-4.8000e-03	 5.9552e+00	 6.0410e+00
152	-8.0000e-03	-4.8000e-03	 6.1274e+00	 6.0863e+00
153	-7.2000e-03	-4.8000e-03	 6.2789e+00	 6.2083e+00
154	-6.4000e-03	-4.8000e-03	 6.3125e+00	 6.2448e+00
155	-5.6000e-03	-4.8000e-03	 6.3210e+00	 6.2270e+00
156	-4.8000e-03	-4.8000e-03	 6.4154e+00	 6.3194e+00
157	-4.0000e-03	-4.8000e-03	 6.4936e+00	 6.2346e+00
158	-3.2000e-03	-4.8000e-03	 6.6553e+00	 6.1235e+00
159	-2.4000e-03	-4.8000e-03	 6.7944e+00	 6.0193e+00
160	-1.6000e-03	-4.8000e-03	 6.8683e+00	 5.9157e+00
161	-8.0000e-04	-4.8000e-03	 6.9272e+00	 5.8237e+00
162	 0.0000e+00	-4.8000e-03	 6.9627e+00	 5.7878e+00
163	 8.0000e-04	-4.8000e-03	 6.9351e+00	 5.6935e+00
164	 1.6000e-03	-4.8000e-03	 6.8644e+00	 5.6001e+00
165	 2.4000e-03	-4.8000e-03	 6.7648e+00	 5.4345e+00
166	 3.2000e-03	-4.8000e-03	 6.6448e+00	 5.2359e+00
167	 4.0000e-03	-4.8000e-03	 6.5567e+00	 5.0594e+00
168	 4.8000e-03	-4.8000e-03	 6.4847e+00	 4.9213e+00
169	 5.6000e-03	-4.8000e-03	 6.3329e+00	 4.7997e+00
170	 6.4000e-03	-4.8000e-03	 6.1885e+00	 4.6260e+00
171	 7.2000e-03	-4.8000e-03	 6.0580e+00	 4.3507e+00
172	 8.0000e-03	-4.8000e-03	 5.8339e+00	 4.2738e+00
173	 8.8000e-03	-4.8000e-03	 5.5584e+00	 3.9076e+00
174	 9.6000e-03	-4.8000e-03	 5.5288e+00	 3.8902e+00
175	-9.6000e-03	-4.0000e-03	 5.8122e+00	 6.4071e+00
176	-8.8000e-03	-4.0000e-03	 6.0301e+00	 6.2224e+00
177	-8.0000e-03	-4.0000e-03	 6.2165e+00	 6.2760e+00
178	-7.2000e-03	-4.0000e-03	 6.3315e+00	 6.3841e+00
179	-6.4000e-03	-4.0000e-03	 6.3595e+00	 6.3638e+00
180	-5.6000e-03	-4.0000e-03	 6.4400e+00	 6.4265e+00
181	-4.8000e-03	-4.0000e-03	 6.5288e+00	 6.4565e+00
182	-4.0000e-03	-4.0000e-03	 6.6652e+00	 6.3647e+00
183	-3.2000e-03	-4.0000e-03	 6.8450e+00	 6.2678e+00
184	-2.4000e-03	-4.0000e-03	 6.9926e+00	 6.1409e+00
185	-1.6000e-03	-4.0000e-03	 7.0876e+00	 6.0748e+00
186	-8.0000e-04	-4.0000e-03	 7.1468e+00	 6.0189e+00
187	 0.0000e+00	-4.0000e-03	 7.1740e+00	 5.9594e+00
188	 8.0000e-04	-4.0000e-03	 7.1448e+00	 5.9082e+00
189	 1.6000e-03	-4.0000e-03	 7.0669e+00	 5.8306e+00
190	 2.4000e-03	-4.0000e-03	 6.9620e+00	 5.6830e+00
191	 3.2000e-03	-4.0000e-03	 6.8187e+00	 5.4601e+00
192	 4.0000e-03	-4.0000e-03	 6.6793e+00	 5.2777e+00
193	 4.8000e-03	-4.0000e-03	 6.6070e+00	 5.1064e+00
194	 5.6000e-03	-4.0000e-03	 6.4943e+00	 5.0272e+00
195	 6.4000e-03	-4.0000e-03	 6.3375e+00	 4.8684e+00
196	 7.2000e-03	-4.0000e-03	 6.1820e+00	 4.5992e+00
197	 8.0000e-03	-4.0000e-03	 6.0160e+00	 4.3780e+00
198	 8.8000e-03	-4.0000e-03	 5.7783e+00	 4.2882e+00
199	 9.6000e-03	-4.0000e-03	 5.7053e+00	 4.0775e+00
200	-9.6000e-03	-3.2000e-03	 5.9969e+00	 6.4285e+00
201	-8.8000e-03	-3.2000e-03	 6.1185e+00	 6.4657e+00
202	-8.0000e-03	-3.2000e-03	 6.2964e+00	 6.5636e+00
203	-7.2000e-03	-3.2000e-03	 6.3779e+00	 6.5206e+00
204	-6.4000e-03	-3.2000e-03	 6.4334e+00	 6.6257e+00
205	-5.6000e-03	-3.2000e-03	 6.5501e+00	 6.6110e+00
206	-4.8000e-03	-3.2000e-03	 6.6586e+00	 6.5209e+00
207	-4.0000e-03	-3.2000e-03	 6.8023e+00	 6.4959e+00
208	-3.2000e-03	-3.2000e-03	 6.9821e+00	 6.4134e+00
209	-2.4000e-03	-3.2000e-03	 7.1172e+00	 6.3463e+00
210	-1.6000e-03	-3.2000e-03	 7.2253e+00	 6.3049e+00
211	-8.0000e-04	-3.2000e-03	 7.2957e+00	 6.2714e+00
212	 0.0000e+00	-3.2000e-03	 7.3236e+00	 6.2260e+00
213	 8.0000e-04	-3.2000e-03	 7.2888e+00	 6.1215e+00
214	 1.6000e-03	-3.2000e-03	 7.2115e+00	 6.0347e+00
215	 2.4000e-03	-3.2000e-03	 7.0988e+00	 5.8986e+00
216	 3.2000e-03	-3.2000e-03	 6.9686e+00	 5.7027e+00
217	 4.0000e-03	-3.2000e-03	 6.8680e+00	 5.5147e+00
218	 4.8000e-03	-3.2000e-03	 6.7392e+00	 5.3569e+00
219	 5.6000e-03	-3.2000e-03	 6.5705e+00	 5.2109e+00
220	 6.4000e-03	-3.2000e-03	 6.4325e+00	 5.0555e+00
221	 7.2000e-03	-3.2000e-03	 6.2283e+00	 4.8277e+00
222	 8.0000e-03	-3.2000e-03	 6.1208e+00	 4.5325e+00
223	 8.8000e-03	-3.2000e-03	 5.9164e+00	 4.4631e+00
224	 9.6000e-03	-3.2000e-03	 5.8980e+00	 4.2235e+00
225	-9.6000e-03	-2.4000e-03	 6.1139e+00	 6.5866e+00
226	-8.8000e-03	-2.4000e-03	 6.2379e+00	 6.7516e+00
227	-8.0000e-03	-2.4000e-03	 6.3279e+00	 6.8220e+00
228	-7.2000e-03	-2.4000e-03	 6.3746e+00	 6.8000e+00
229	-6.4000e-03	-2.4000e-03	 6.4703e+00	 6.8910e+00
230	-5.6000e-03	-2.4000e-03	 6.6031e+00	 6.7894e+00
231	-4.8000e-03	-2.4000e-03	 6.7635e+00	 6.7014e+00
232	-4.0000e-03	-2.4000e-03	 6.8946e+00	 6.6681e+00
233	-3.2000e-03	-2.4000e-03	 7.0764e+00	 6.5620e+00
234	-2.4000e-03	-2.4000e-03	 7.2411e+00	 6.5337e+00
235	-1.6000e-03	-2.4000e-03	 7.3430e+00	 6.4929e+00
236	-8.0000e-04	-2.4000e-03	 7.3936e+00	 6.4617e+00
237	 0.0000e+00	-2.4000e-03	 7.4127e+00	 6.4167e+00
238	 8.0000e-04	-2.4000e-03	 7.3996e+00	 6.3223e+00
239	 1.6000e-03	-2.4000e-03	 7.3239e+00	 6.2444e+00
240	 2.4000e-03	-2.4000e-03	 7.2280e+00	 6.1028e+00
241	 3.2000e-03	-2.4000e-03	 7.1070e+00	 5.9568e+00
242	 4.0000e-03	-2.4000e-03	 6.9801e+00	 5.7619e+00
243	 4.8000e-03	-2.4000e-03	 6.8299e+00	 5.5913e+00
244	 5.6000e-03	-2.4000e-03	 6.6389e+00	 5.4404e+00
245	 6.4000e-03	-2.4000e-03	 6.4778e+00	 5.2974e+00
246	 7.2000e-03	-2.4000e-03	 6.2928e+00	 5.0246e+00
247	 8.0000e-03	-2.4000e-03	 6.1646e+00	 4.7915e+00
248	 8.8000e-03	-2.4000e-03	 6.0442e+00	 4.6863e+00
249	 9.6000e-03	-2.4000e-03	 5.9703e+00	 4.3980e+00
250	-9.6000e-03	-1.6000e-03	 6.1826e+00	 6.7201e+00
251	-8.8000e-03	-1.6000e-03	 6.3315e+00	 6.9157e+00
252	-8.0000e-03	-1.6000e-03	 6.4025e+00	 7.0064e+00
253	-7.2000e-03	-1.6000e-03	 6.4519e+00	 7.0929e+00
254	-6.4000e-03	-1.6000e-03	 6.5261e+00	 7.0853e+00
255	-5.6000e-03	-1.6000e-03	 6.6550e+00	 6.9906e+00
256	-4.8000e-03	-1.6000e-03	 6.8378e+00	 6.9531e+00
257	-4.0000e-03	-1.6000e-03	 6.9775e+00	 6.7954e+00
258	-3.2000e-03	-1.6000e-03	 7.1773e+00	 6.7043e+00
259	-2.4000e-03	-1.6000e-03	 7.3437e+00	 6.6777e+00
260	-1.6000e-03	-1.6000e-03	 7.4305e+00	 6.6507e+00
261	-8.0000e-04	-1.6000e-03	 7.4732e+00	 6.5889e+00
262	 0.0000e+00	-1.6000e-03	 7.4995e+00	 6.5567e+00
263	 8.0000e-04	-1.6000e-03	 7.4909e+00	 6.5143e+00
264	 1.6000e-03	-1.6000e-03	 7.4272e+00	 6.4545e+00
265	 2.4000e-03	-1.6000e-03	 7.3154e+00	 6.3490e+00
266	 3.2000e-03	-1.6000e-03	 7.1885e+00	 6.2333e+00
267	 4.0000e-03	-1.6000e-03	 7.0652e+00	 6.0370e+00
268	 4.8000e-03	-1.6000e-03	 6.8930e+00	 5.8207e+00
269	 5.6000e-03	-1.6000e-03	 6.6971e+00	 5.6817e+00
270	 6.4000e-03	-1.6000e-03	 6.5337e+00	 5.5045e+00
271	 7.2000e-03	-1.6000e-03	 6.3210e+00	 5.2951e+00
272	 8.0000e-03	-1.6000e-03	 6.1744e+00	 5.0177e+00
273	 8.8000e-03	-1.6000e-03	 6.0998e+00	 4.8454e+00
274	 9.6000e-03	-1.6000e-03	 6.0423e+00	 4.5315e+00
275	-9.6000e-03	-8.0000e-04	 6.2668e+00	 6.8693e+00
276	-8.8000e-03	-8.0000e-04	 6.3930e+00	 7.0376e+00
277	-8.0000e-03	-8.0000e-04	 6.4440e+00	 7.2026e+00
278	-7.2000e-03	-8.0000e-04	 6.4765e+00	 7.2830e+00
279	-6.4000e-03	-8.0000e-04	 6.5745e+00	 7.2921e+00
280	-5.6000e-03	-8.0000e-04	 6.7168e+00	 7.1750e+00
281	-4.8000e-03	-8.0000e-04	 6.9048e+00	 7.1284e+00
282	-4.0000e-03	-8.0000e-04	 7.0620e+00	 6.9574e+00
283	-3.2000e-03	-8.0000e-04	 7.2605e+00	 6.8884e+00
284	-2.4000e-03	-8.0000e-04	 7.4176e+00	 6.8305e+00
285	-1.6000e-03	-8.0000e-04	 7.5107e+00	 6.8049e+00
286	-8.0000e-04	-8.0000e-04	 7.5554e+00	 6.7566e+00
287	 0.0000e+00	-8.0000e-04	 7.5721e+00	 6.7214e+00
288	 8.0000e-04	-8.0000e-04	 7.5570e+00	 6.7066e+00
289	 1.6000e-03	-8.0000e-04	 7.4886e+00	 6.6218e+00
290	 2.4000e-03	-8.0000e-04	 7.3877e+00	 6.5261e+00
291	 3.2000e-03	-8.0000e-04	 7.2309e+00	 6.4410e+00
292	 4.0000e-03	-8.0000e-04	 7.0912e+00	 6.2753e+00
293	 4.8000e-03	-8.0000e-04	 6.9068e+00	 6.0429e+00
294	 5.6000e-03	-8.0000e-04	 6.7230e+00	 5.8710e+00
295	 6.4000e-03	-8.0000e-04	 6.5475e+00	 5.7306e+00
296	 7.2000e-03	-8.0000e-04	 6.3736e+00	 5.5334e+00
297	 8.0000e-03	-8.0000e-04	 6.1695e+00	 5.3467e+00
298	 8.8000e-03	-8.0000e-04	 6.1110e+00	 5.0548e+00
299	 9.6000e-03	-8.0000e-04	 6.0350e+00	 4.7185e+00
300	-9.6000e-03	 0.0000e+00	 6.2908e+00	 6.9512e+00
301	-8.8000e-03	 0.0000e+00	 6.4124e+00	 7.1961e+00
302	-8.0000e-03	 0.0000e+00	 6.4614e+00	 7.3410e+00
303	-7.2000e-03	 0.0000e+00	 6.5005e+00	 7.3818e+00
304	-6.4000e-03	 0.0000e+00	 6.5850e+00	 7.3913e+00
305	-5.6000e-03	 0.0000e+00	 6.7510e+00	 7.3230e+00
306	-4.8000e-03	 0.0000e+00	 6.9568e+00	 7.2474e+00
307	-4.0000e-03	 0.0000e+00	 7.1376e+00	 7.1123e+00
308	-3.2000e-03	 0.0000e+00	 7.3269e+00	 7.0353e+00
309	-2.4000e-03	 0.0000e+00	 7.4784e+00	 6.9696e+00
310	-1.6000e-03	 0.0000e+00	 7.5764e+00	 6.8920e+00
311	-8.0000e-04	 0.0000e+00	 7.6165e+00	 6.8483e+00
312	 0.0000e+00	 0.0000e+00	 7.6172e+00	 6.8351e+00
313	 8.0000e-04	 0.0000e+00	 7.5866e+00	 6.8111e+00
314	 1.6000e-03	 0.0000e+00	 7.5189e+00	 6.7681e+00
315	 2.4000e-03	 0.0000e+00	 7.4022e+00	 6.6826e+00
316	 3.2000e-03	 0.0000e+00	 7.2329e+00	 6.6340e+00
317	 4.0000e-03	 0.0000e+00	 7.0889e+00	 6.4528e+00
318	 4.8000e-03	 0.0000e+00	 6.8917e+00	 6.1836e+00
319	 5.6000e-03	 0.0000e+00	 6.7250e+00	 5.9815e+00
320	 6.4000e-03	 0.0000e+00	 6.5360e+00	 5.9068e+00
321	 7.2000e-03	 0.0000e+00	 6.4009e+00	 5.7592e+00
322	 8.0000e-03	 0.0000e+00	 6.2306e+00	 5.5752e+00
323	 8.8000e-03	 0.0000e+00	 6.1090e+00	 5.2773e+00
324	 9.6000e-03	 0.0000e+00	 6.0380e+00	 4.8194e+00
325	-9.6000e-03	 8.0000e-04	 6.3092e+00	 7.0524e+00
326	-8.8000e-03	 8.0000e-04	 6.4078e+00	 7.2319e+00
327	-8.0000e-03	 8.0000e-04	 6.4505e+00	 7.3654e+00
328	-7.2000e-03	 8.0000e-04	 6.4657e+00	 7.4533e+00
329	-6.4000e-03	 8.0000e-04	 6.5764e+00	 7.4400e+00
330	-5.6000e-03	 8.0000e-04	 6.7477e+00	 7.3996e+00
331	-4.8000e-03	 8.0000e-04	 6.9495e+00	 7.2681e+00
332	-4.0000e-03	 8.0000e-04	 7.1573e+00	 7.1165e+00
333	-3.2000e-03	 8.0000e-04	 7.3512e+00	 7.0850e+00
334	-2.4000e-03	 8.0000e-04	 7.4817e+00	 7.0225e+00
335	-1.6000e-03	 8.0000e-04	 7.5803e+00	 6.9111e+00
336	-8.0000e-04	 8.0000e-04	 7.6159e+00	 6.8700e+00
337	 0.0000e+00	 8.0000e-04	 7.6191e+00	 6.8772e+00
338	 8.0000e-04	 8.0000e-04	 7.5876e+00	 6.8950e+00
339	 1.6000e-03	 8.0000e-04	 7.5077e+00	 6.8440e+00
340	 2.4000e-03	 8.0000e-04	 7.4097e+00	 6.7822e+00
341	 3.2000e-03	 8.0000e-04	 7.2142e+00	 6.7086e+00
342	 4.0000e-03	 8.0000e-04	 7.0843e+00	 6.5620e+00
343	 4.8000e-03	 8.0000e-04	 6.8720e+00	 6.2694e+00
344	 5.6000e-03	 8.0000e-04	 6.7073e+00	 6.0600e+00
345	 6.4000e-03	 8.0000e-04	 6.5344e+00	 6.0156e+00
346	 7.2000e-03	 8.0000e-04	 6.3825e+00	 5.8608e+00
347	 8.0000e-03	 8.0000e-04	 6.2155e+00	 5.7162e+00
348	 8.8000e-03	 8.0000e-04	 6.1320e+00	 5.3809e+00
349	 9.6000e-03	 8.0000e-04	 6.0271e+00	 4.9904e+00
350	-9.6000e-03	 1.6000e-03	 6.2835e+00	 6.9771e+00
351	-8.8000e-03	 1.6000e-03	 6.3776e+00	 7.2289e+00
352	-8.0000e-03	 1.6000e-03	 6.4413e+00	 7.3282e+00
353	-7.2000e-03	 1.6000e-03	 6.4394e+00	 7.4321e+00
354	-6.4000e-03	 1.6000e-03	 6.5603e+00	 7.4012e+00
355	-5.6000e-03	 1.6000e-03	 6.7388e+00	 7.3591e+00
356	-4.8000e-03	 1.6000e-03	 6.9068e+00	 7.2428e+00
357	-4.0000e-03	 1.6000e-03	 7.1270e+00	 7.0866e+00
358	-3.2000e-03	 1.6000e-03	 7.3111e+00	 7.0350e+00
359	-2.4000e-03	 1.6000e-03	 7.4502e+00	 6.9647e+00
360	-1.6000e-03	 1.6000e-03	 7.5356e+00	 6.9101e+00
361	-8.0000e-04	 1.6000e-03	 7.5767e+00	 6.8835e+00
362	 0.0000e+00	 1.6000e-03	 7.5764e+00	 6.8743e+00
363	 8.0000e-04	 1.6000e-03	 7.5583e+00	 6.8884e+00
364	 1.6000e-03	 1.6000e-03	 7.4775e+00	 6.8378e+00
365	 2.4000e-03	 1.6000e-03	 7.3664e+00	 6.7520e+00
366	 3.2000e-03	 1.6000e-03	 7.1852e+00	 6.6793e+00
367	 4.0000e-03	 1.6000e-03	 7.0748e+00	 6.5534e+00
368	 4.8000e-03	 1.6000e-03	 6.8572e+00	 6.2924e+00
369	 5.6000e-03	 1.6000e-03	 6.6798e+00	 6.1665e+00
370	 6.4000e-03	 1.6000e-03	 6.4975e+00	 6.0485e+00
371	 7.2000e-03	 1.6000e-03	 6.3700e+00	 5.8773e+00
372	 8.0000e-03	 1.6000e-03	 6.1836e+00	 5.6991e+00
373	 8.8000e-03	 1.6000e-03	 6.0968e+00	 5.4851e+00
374	 9.6000e-03	 1.6000e-03	 6.0317e+00	 5.0486e+00
375	-9.6000e-03	 2.4000e-03	 6.2964e+00	 6.8741e+00
376	-8.8000e-03	 2.4000e-03	 6.3766e+00	 7.2115e+00
377	-8.0000e-03	 2.4000e-03	 6.4239e+00	 7.2677e+00
378	-7.2000e-03	 2.4000e-03	 6.4045e+00	 7.3578e+00
379	-6.4000e-03	 2.4000e-03	 6.5561e+00	 7.3239e+00
380	-5.6000e-03	 2.4000e-03	 6.6879e+00	 7.2339e+00
381	-4.8000e-03	 2.4000e-03	 6.8624e+00	 7.1727e+00
382	-4.0000e-03	 2.4000e-03	 7.0373e+00	 7.0067e+00
383	-3.2000e-03	 2.4000e-03	 7.2625e+00	 6.9840e+00
384	-2.4000e-03	 2.4000e-03	 7.4045e+00	 6.9512e+00
385	-1.6000e-03	 2.4000e-03	 7.4732e+00	 6.9048e+00
386	-8.0000e-04	 2.4000e-03	 7.4982e+00	 6.8552e+00
387	 0.0000e+00	 2.4000e-03	 7.5255e+00	 6.8470e+00
388	 8.0000e-04	 2.4000e-03	 7.5024e+00	 6.8420e+00
389	 1.6000e-03	 2.4000e-03	 7.4367e+00	 6.7852e+00
390	 2.4000e-03	 2.4000e-03	 7.3055e+00	 6.7073e+00
391	 3.2000e-03	 2.4000e-03	 7.1819e+00	 6.6172e+00
392	 4.0000e-03	 2.4000e-03	 7.0439e+00	 6.4620e+00
393	 4.8000e-03	 2.4000e-03	 6.8457e+00	 6.2237e+00
394	 5.6000e-03	 2.4000e-03	 6.6573e+00	 6.1705e+00
395	 6.4000e-03	 2.4000e-03	 6.4989e+00	 6.0002e+00
396	 7.2000e-03	 2.4000e-03	 6.3128e+00	 5.8450e+00
397	 8.0000e-03	 2.4000e-03	 6.1402e+00	 5.6547e+00
398	 8.8000e-03	 2.4000e-03	 6.0751e+00	 5.4779e+00
399	 9.6000e-03	 2.4000e-03	 5.9693e+00	 5.0627e+00
400	-9.6000e-03	 3.2000e-03	 6.2418e+00	 6.8670e+00
401	-8.8000e-03	 3.2000e-03	 6.3253e+00	 7.1415e+00
402	-8.0000e-03	 3.2000e-03	 6.4042e+00	 7.1445e+00
403	-7.2000e-03	 3.2000e-03	 6.4009e+00	 7.1829e+00
404	-6.4000e-03	 3.2000e-03	 6.4880e+00	 7.2243e+00
405	-5.6000e-03	 3.2000e-03	 6.6274e+00	 7.1162e+00
406	-4.8000e-03	 3.2000e-03	 6.8338e+00	 7.1566e+00
407	-4.0000e-03	 3.2000e-03	 6.9732e+00	 7.0304e+00
408	-3.2000e-03	 3.2000e-03	 7.1800e+00	 6.9301e+00
409	-2.4000e-03	 3.2000e-03	 7.3332e+00	 6.9259e+00
410	-1.6000e-03	 3.2000e-03	 7.3989e+00	 6.9019e+00
411	-8.0000e-04	 3.2000e-03	 7.4334e+00	 6.8708e+00
412	 0.0000e+00	 3.2000e-03	 7.4449e+00	 6.8624e+00
413	 8.0000e-04	 3.2000e-03	 7.4311e+00	 6.8174e+00
414	 1.6000e-03	 3.2000e-03	 7.3489e+00	 6.7655e+00
415	 2.4000e-03	 3.2000e-03	 7.2365e+00	 6.6534e+00
416	 3.2000e-03	 3.2000e-03	 7.1149e+00	 6.5643e+00
417	 4.0000e-03	 3.2000e-03	 6.9568e+00	 6.3723e+00
418	 4.8000e-03	 3.2000e-03	 6.7940e+00	 6.1859e+00
419	 5.6000e-03	 3.2000e-03	 6.5975e+00	 6.1100e+00
420	 6.4000e-03	 3.2000e-03	 6.4913e+00	 5.9696e+00
421	 7.2000e-03	 3.2000e-03	 6.2638e+00	 5.8516e+00
422	 8.0000e-03	 3.2000e-03	 6.1014e+00	 5.5692e+00
423	 8.8000e-03	 3.2000e-03	 5.9943e+00	 5.5170e+00
424	 9.6000e-03	 3.2000e-03	 5.9157e+00	 5.0417e+00
425	-9.6000e-03	 4.0000e-03	 6.1843e+00	 6.8697e+00
426	-8.8000e-03	 4.0000e-03	 6.2448e+00	 7.0209e+00
427	-8.0000e-03	 4.0000e-03	 6.3937e+00	 7.0261e+00
428	-7.2000e-03	 4.0000e-03	 6.4187e+00	 6.9817e+00
429	-6.4000e-03	 4.0000e-03	 6.4729e+00	 7.1231e+00
430	-5.6000e-03	 4.0000e-03	 6.5814e+00	 7.0692e+00
431	-4.8000e-03	 4.0000e-03	 6.7470e+00	 7.0242e+00
432	-4.0000e-03	 4.0000e-03	 6.8920e+00	 7.0028e+00
433	-3.2000e-03	 4.0000e-03	 7.0633e+00	 6.9535e+00
434	-2.4000e-03	 4.0000e-03	 7.2306e+00	 6.9315e+00
435	-1.6000e-03	 4.0000e-03	 7.3174e+00	 6.9170e+00
436	-8.0000e-04	 4.0000e-03	 7.3509e+00	 6.9075e+00
437	 0.0000e+00	 4.0000e-03	 7.3700e+00	 6.8664e+00
438	 8.0000e-04	 4.0000e-03	 7.3335e+00	 6.8177e+00
439	 1.6000e-03	 4.0000e-03	 7.2704e+00	 6.6977e+00
440	 2.4000e-03	 4.0000e-03	 7.1543e+00	 6.5699e+00
441	 3.2000e-03	 4.0000e-03	 7.0222e+00	 6.4279e+00
442	 4.0000e-03	 4.0000e-03	 6.8812e+00	 6.1948e+00
443	 4.8000e-03	 4.0000e-03	 6.7309e+00	 6.0650e+00
444	 5.6000e-03	 4.0000e-03	 6.5353e+00	 5.9634e+00
445	 6.4000e-03	 4.0000e-03	 6.4180e+00	 5.8924e+00
446	 7.2000e-03	 4.0000e-03	 6.2047e+00	 5.7451e+00
447	 8.0000e-03	 4.0000e-03	 6.0998e+00	 5.5692e+00
448	 8.8000e-03	 4.0000e-03	 5.8753e+00	 5.3852e+00
449	 9.6000e-03	 4.0000e-03	 5.8930e+00	 4.9753e+00
450	-9.6000e-03	 4.8000e-03	 6.0610e+00	 6.8618e+00
451	-8.8000e-03	 4.8000e-03	 6.2635e+00	 6.7562e+00
452	-8.0000e-03	 4.8000e-03	 6.3312e+00	 6.9334e+00
453	-7.2000e-03	 4.8000e-03	 6.4160e+00	 6.9512e+00
454	-6.4000e-03	 4.8000e-03	 6.4210e+00	 6.9275e+00
455	-5.6000e-03	 4.8000e-03	 6.4870e+00	 6.9453e+00
456	-4.8000e-03	 4.8000e-03	 6.5932e+00	 6.9531e+00
457	-4.0000e-03	 4.8000e-03	 6.7862e+00	 7.0031e+00
458	-3.2000e-03	 4.8000e-03	 6.9574e+00	 6.9522e+00
459	-2.4000e-03	 4.8000e-03	 7.1139e+00	 6.9025e+00
460	-1.6000e-03	 4.8000e-03	 7.2132e+00	 6.8667e+00
461	-8.0000e-04	 4.8000e-03	 7.2717e+00	 6.8401e+00
462	 0.0000e+00	 4.8000e-03	 7.2845e+00	 6.8042e+00
463	 8.0000e-04	 4.8000e-03	 7.2474e+00	 6.7135e+00
464	 1.6000e-03	 4.8000e-03	 7.1622e+00	 6.6172e+00
465	 2.4000e-03	 4.8000e-03	 7.0380e+00	 6.4870e+00
466	 3.2000e-03	 4.8000e-03	 6.8897e+00	 6.2688e+00
467	 4.0000e-03	 4.8000e-03	 6.7908e+00	 6.0696e+00
468	 4.8000e-03	 4.8000e-03	 6.6264e+00	 5.8828e+00
469	 5.6000e-03	 4.8000e-03	 6.4929e+00	 5.8401e+00
470	 6.4000e-03	 4.8000e-03	 6.3371e+00	 5.7586e+00
471	 7.2000e-03	 4.8000e-03	 6.1705e+00	 5.4959e+00
472	 8.0000e-03	 4.8000e-03	 6.0018e+00	 5.5541e+00
473	 8.8000e-03	 4.8000e-03	 5.7668e+00	 5.1968e+00
474	 9.6000e-03	 4.8000e-03	 5.7944e+00	 4.9513e+00
475	-9.6000e-03	 5.6000e-03	 5.9463e+00	 6.7424e+00
476	-8.8000e-03	 5.6000e-03	 6.1823e+00	 6.8332e+00
477	-8.0000e-03	 5.6000e-03	 6.2780e+00	 6.8151e+00
478	-7.2000e-03	 5.6000e-03	 6.3615e+00	 6.8983e+00
479	-6.4000e-03	 5.6000e-03	 6.4164e+00	 6.9492e+00
480	-5.6000e-03	 5.6000e-03	 6.4157e+00	 6.8848e+00
481	-4.8000e-03	 5.6000e-03	 6.4775e+00	 6.9318e+00
482	-4.0000e-03	 5.6000e-03	 6.6514e+00	 6.9078e+00
483	-3.2000e-03	 5.6000e-03	 6.8240e+00	 6.8667e+00
484	-2.4000e-03	 5.6000e-03	 6.9637e+00	 6.7894e+00
485	-1.6000e-03	 5.6000e-03	 7.0564e+00	 6.7651e+00
486	-8.0000e-04	 5.6000e-03	 7.1330e+00	 6.7083e+00
487	 0.0000e+00	 5.6000e-03	 7.1550e+00	 6.6800e+00
488	 8.0000e-04	 5.6000e-03	 7.1142e+00	 6.6185e+00
489	 1.6000e-03	 5.6000e-03	 7.0334e+00	 6.5127e+00
490	 2.4000e-03	 5.6000e-03	 6.9213e+00	 6.3562e+00
491	 3.2000e-03	 5.6000e-03	 6.7717e+00	 6.1895e+00
492	 4.0000e-03	 5.6000e-03	 6.6419e+00	 5.9443e+00
493	 4.8000e-03	 5.6000e-03	 6.5248e+00	 5.7724e+00
494	 5.6000e-03	 5.6000e-03	 6.4164e+00	 5.7408e+00
495	 6.4000e-03	 5.6000e-03	 6.1932e+00	 5.6153e+00
496	 7.2000e-03	 5.6000e-03	 6.1261e+00	 5.4700e+00
497	 8.0000e-03	 5.6000e-03	 5.8707e+00	 5.3605e+00
498	 8.8000e-03	 5.6000e-03	 5.6583e+00	 5.0272e+00
499	 9.6000e-03	 5.6000e-03	 5.6702e+00	 4.6830e+00
500	-9.6000e-03	 6.4000e-03	 5.8217e+00	 6.6353e+00
501	-8.8000e-03	 6.4000e-03	 5.9897e+00	 6.7661e+00
502	-8.0000e-03	 6.4000e-03	 6.1810e+00	 6.8539e+00
503	-7.2000e-03	 6.4000e-03	 6.2145e+00	 6.8342e+00
504	-6.4000e-03	 6.4000e-03	 6.2628e+00	 6.9265e+00
505	-5.6000e-03	 6.4000e-03	 6.3118e+00	 6.9311e+00
506	-4.8000e-03	 6.4000e-03	 6.3812e+00	 6.9111e+00
507	-4.0000e-03	 6.4000e-03	 6.4683e+00	 6.9052e+00
508	-3.2000e-03	 6.4000e-03	 6.6346e+00	 6.8151e+00
509	-2.4000e-03	 6.4000e-03	 6.7835e+00	 6.7684e+00
510	-1.6000e-03	 6.4000e-03	 6.8867e+00	 6.7030e+00
511	-8.0000e-04	 6.4000e-03	 6.9426e+00	 6.6612e+00
512	 0.0000e+00	 6.4000e-03	 6.9676e+00	 6.6070e+00
513	 8.0000e-04	 6.4000e-03	 6.9413e+00	 6.5041e+00
514	 1.6000e-03	 6.4000e-03	 6.8805e+00	 6.4078e+00
515	 2.4000e-03	 6.4000e-03	 6.7717e+00	 6.2642e+00
516	 3.2000e-03	 6.4000e-03	 6.6451e+00	 6.0860e+00
517	 4.0000e-03	 6.4000e-03	 6.5278e+00	 5.8355e+00
518	 4.8000e-03	 6.4000e-03	 6.4134e+00	 5.7540e+00
519	 5.6000e-03	 6.4000e-03	 6.3141e+00	 5.6133e+00
520	 6.4000e-03	 6.4000e-03	 6.1711e+00	 5.4910e+00
521	 7.2000e-03	 6.4000e-03	 6.0505e+00	 5.4591e+00
522	 8.0000e-03	 6.4000e-03	 5.7852e+00	 5.1731e+00
523	 8.8000e-03	 6.4000e-03	 5.6445e+00	 4.8027e+00
524	 9.6000e-03	 6.4000e-03	 5.5515e+00	 4.5992e+00
525	-9.6000e-03	 7.2000e-03	 5.6153e+00	 6.1941e+00
526	-8.8000e-03	 7.2000e-03	 5.8128e+00	 6.6783e+00
527	-8.0000e-03	 7.2000e-03	 6.0038e+00	 6.7102e+00
528	-7.2000e-03	 7.2000e-03	 6.0640e+00	 6.7388e+00
529	-6.4000e-03	 7.2000e-03	 6.0837e+00	 6.7405e+00
530	-5.6000e-03	 7.2000e-03	 6.1274e+00	 6.8447e+00
531	-4.8000e-03	 7.2000e-03	 6.2198e+00	 6.8575e+00
532	-4.0000e-03	 7.2000e-03	 6.3177e+00	 6.8263e+00
533	-3.2000e-03	 7.2000e-03	 6.4440e+00	 6.7234e+00
534	-2.4000e-03	 7.2000e-03	 6.5919e+00	 6.7129e+00
535	-1.6000e-03	 7.2000e-03	 6.6655e+00	 6.6849e+00
536	-8.0000e-04	 7.2000e-03	 6.7352e+00	 6.6162e+00
537	 0.0000e+00	 7.2000e-03	 6.7733e+00	 6.5561e+00
538	 8.0000e-04	 7.2000e-03	 6.7562e+00	 6.4492e+00
539	 1.6000e-03	 7.2000e-03	 6.7023e+00	 6.2875e+00
540	 2.4000e-03	 7.2000e-03	 6.6142e+00	 6.1121e+00
541	 3.2000e-03	 7.2000e-03	 6.4735e+00	 5.9292e+00
542	 4.0000e-03	 7.2000e-03	 6.3588e+00	 5.7280e+00
543	 4.8000e-03	 7.2000e-03	 6.2855e+00	 5.5992e+00
544	 5.6000e-03	 7.2000e-03	 6.1951e+00	 5.4223e+00
545	 6.4000e-03	 7.2000e-03	 6.0771e+00	 5.4052e+00
546	 7.2000e-03	 7.2000e-03	 5.9091e+00	 5.2540e+00
547	 8.0000e-03	 7.2000e-03	 5.7007e+00	 4.9289e+00
548	 8.8000e-03	 7.2000e-03	 5.5278e+00	 4.4855e+00
549	 9.6000e-03	 7.2000e-03	 5.4361e+00	 4.1226e+00
550	-9.6000e-03	 8.0000e-03	 5.4348e+00	 5.7563e+00
551	-8.8000e-03	 8.0000e-03	 5.5387e+00	 6.2942e+00
552	-8.0000e-03	 8.0000e-03	 5.7819e+00	 6.3588e+00
553	-7.2000e-03	 8.0000e-03	 5.8381e+00	 6.5179e+00
554	-6.4000e-03	 8.0000e-03	 5.9062e+00	 6.5965e+00
555	-5.6000e-03	 8.0000e-03	 5.9805e+00	 6.6829e+00
556	-4.8000e-03	 8.0000e-03	 6.0424e+00	 6.7234e+00
557	-4.0000e-03	 8.0000e-03	 6.1389e+00	 6.7263e+00
558	-3.2000e-03	 8.0000e-03	 6.3079e+00	 6.6027e+00
559	-2.4000e-03	 8.0000e-03	 6.4039e+00	 6.5666e+00
560	-1.6000e-03	 8.0000e-03	 6.4893e+00	 6.5449e+00
561	-8.0000e-04	 8.0000e-03	 6.5465e+00	 6.5120e+00
562	 0.0000e+00	 8.0000e-03	 6.5932e+00	 6.3917e+00
563	 8.0000e-04	 8.0000e-03	 6.5853e+00	 6.3043e+00
564	 1.6000e-03	 8.0000e-03	 6.5229e+00	 6.1534e+00
565	 2.4000e-03	 8.0000e-03	 6.4275e+00	 6.0281e+00
566	 3.2000e-03	 8.0000e-03	 6.3066e+00	 5.8217e+00
567	 4.0000e-03	 8.0000e-03	 6.2244e+00	 5.6649e+00
568	 4.8000e-03	 8.0000e-03	 6.1629e+00	 5.5088e+00
569	 5.6000e-03	 8.0000e-03	 6.0515e+00	 5.2757e+00
570	 6.4000e-03	 8.0000e-03	 5.9532e+00	 5.1883e+00
571	 7.2000e-03	 8.0000e-03	 5.8059e+00	 4.9651e+00
572	 8.0000e-03	 8.0000e-03	 5.5913e+00	 4.5285e+00
573	 8.8000e-03	 8.0000e-03	 5.3796e+00	 4.1259e+00
574	 9.6000e-03	 8.0000e-03	 5.3004e+00	 3.8215e+00
575	-9.6000e-03	 8.8000e-03	 5.3990e+00	 5.0709e+00
576	-8.8000e-03	 8.8000e-03	 5.3372e+00	 5.7527e+00
577	-8.0000e-03	 8.8000e-03	 5.5735e+00	 5.9361e+00
578	-7.2000e-03	 8.8000e-03	 5.6192e+00	 6.1590e+00
579	-6.4000e-03	 8.8000e-03	 5.6425e+00	 6.3421e+00
580	-5.6000e-03	 8.8000e-03	 5.8556e+00	 6.4870e+00
581	-4.8000e-03	 8.8000e-03	 5.9693e+00	 6.4949e+00
582	-4.0000e-03	 8.8000e-03	 6.0574e+00	 6.4998e+00
583	-3.2000e-03	 8.8000e-03	 6.1478e+00	 6.4213e+00
584	-2.4000e-03	 8.8000e-03	 6.2665e+00	 6.3680e+00
585	-1.6000e-03	 8.8000e-03	 6.3210e+00	 6.3306e+00
586	-8.0000e-04	 8.8000e-03	 6.3894e+00	 6.2609e+00
587	 0.0000e+00	 8.8000e-03	 6.4282e+00	 6.1876e+00
588	 8.0000e-04	 8.8000e-03	 6.3894e+00	 6.0492e+00
589	 1.6000e-03	 8.8000e-03	 6.3588e+00	 5.9851e+00
590	 2.4000e-03	 8.8000e-03	 6.2885e+00	 5.8648e+00
591	 3.2000e-03	 8.8000e-03	 6.1734e+00	 5.7113e+00
592	 4.0000e-03	 8.8000e-03	 6.0669e+00	 5.5199e+00
593	 4.8000e-03	 8.8000e-03	 6.0534e+00	 5.2629e+00
594	 5.6000e-03	 8.8000e-03	 5.9653e+00	 5.1439e+00
595	 6.4000e-03	 8.8000e-03	 5.8727e+00	 5.0088e+00
596	 7.2000e-03	 8.8000e-03	 5.7421e+00	 4.6965e+00
597	 8.0000e-03	 8.8000e-03	 5.4549e+00	 4.1257e+00
598	 8.8000e-03	 8.8000e-03	 5.3585e+00	 3.6160e+00
599	 9.6000e-03	 8.8000e-03	 5.2238e+00	 3.0891e+00
600	-9.6000e-03	 9.6000e-03	 5.2935e+00	 4.6094e+00
601	-8.8000e-03	 9.6000e-03	 5.2395e+00	 5.2284e+00
602	-8.0000e-03	 9.6000e-03	 5.3033e+00	 5.4999e+00
603	-7.2000e-03	 9.6000e-03	 5.4545e+00	 5.9164e+00
604	-6.4000e-03	 9.6000e-03	 5.5209e+00	 6.1014e+00
605	-5.6000e-03	 9.6000e-03	 5.6628e+00	 6.3131e+00
606	-4.8000e-03	 9.6000e-03	 5.8424e+00	 6.3289e+00
607	-4.0000e-03	 9.6000e-03	 5.9607e+00	 6.2191e+00
608	-3.2000e-03	 9.6000e-03	 6.0626e+00	 6.1751e+00
609	-2.4000e-03	 9.6000e-03	 6.1090e+00	 6.2001e+00
610	-1.6000e-03	 9.6000e-03	 6.1751e+00	 6.1093e+00
611	-8.0000e-04	 9.6000e-03	 6.2300e+00	 6.0919e+00
612	 0.0000e+00	 9.6000e-03	 6.2793e+00	 5.9887e+00
613	 8.0000e-04	 9.6000e-03	 6.2599e+00	 5.8743e+00
614	 1.6000e-03	 9.6000e-03	 6.2224e+00	 5.8178e+00
615	 2.4000e-03	 9.6000e-03	 6.1764e+00	 5.6790e+00
616	 3.2000e-03	 9.6000e-03	 6.0896e+00	 5.5331e+00
617	 4.0000e-03	 9.6000e-03	 6.0156e+00	 5.3059e+00
618	 4.8000e-03	 9.6000e-03	 5.9463e+00	 5.1488e+00
619	 5.6000e-03	 9.6000e-03	 5.9243e+00	 4.9789e+00
620	 6.4000e-03	 9.6000e-03	 5.7928e+00	 4.8993e+00
621	 7.2000e-03	 9.6000e-03	 5.5959e+00	 4.4664e+00
622	 8.0000e-03	 9.6000e-03	 5.4046e+00	 3.8491e+00
623	 8.8000e-03	 9.6000e-03	 5.3191e+00	 3.1532e+00
624	 9.6000e-03	 9.6000e-03	 5.3209e+00	 2.6077e+00
