	x (m)	y (m)	Mesure ch1 (V)	Mesure ch2 (V)
0	-3.0000e-02	-3.0000e-02	 4.3970e+00	 5.8855e+00
1	-2.7000e-02	-3.0000e-02	 4.3030e+00	 6.8046e+00
2	-2.4000e-02	-3.0000e-02	 4.4657e+00	 7.2661e+00
3	-2.1000e-02	-3.0000e-02	 4.4712e+00	 8.3565e+00
4	-1.8000e-02	-3.0000e-02	 4.5197e+00	 7.7067e+00
5	-1.5000e-02	-3.0000e-02	 4.5338e+00	 8.1944e+00
6	-1.2000e-02	-3.0000e-02	 4.4897e+00	 2.5825e+00
7	-9.0000e-03	-3.0000e-02	 4.3852e+00	 5.2109e+00
8	-6.0000e-03	-3.0000e-02	 4.3122e+00	 6.2619e+00
9	-3.0000e-03	-3.0000e-02	 4.3497e+00	 2.2647e+00
10	 0.0000e+00	-3.0000e-02	 4.2853e+00	 4.9493e+00
11	 3.0000e-03	-3.0000e-02	 4.3027e+00	 3.4904e+00
12	 6.0000e-03	-3.0000e-02	 4.2984e+00	 3.4129e+00
13	 9.0000e-03	-3.0000e-02	 4.4911e+00	 6.1871e+00
14	 1.2000e-02	-3.0000e-02	 4.3556e+00	 6.0511e+00
15	 1.5000e-02	-3.0000e-02	 4.3796e+00	 6.8565e+00
16	 1.8000e-02	-3.0000e-02	 4.3412e+00	 4.7560e+00
17	 2.1000e-02	-3.0000e-02	 4.3135e+00	 4.8405e+00
18	 2.4000e-02	-3.0000e-02	 4.2038e+00	 5.8812e+00
19	 2.7000e-02	-3.0000e-02	 4.2146e+00	 5.2261e+00
20	 3.0000e-02	-3.0000e-02	 4.1732e+00	 5.6057e+00
21	-3.0000e-02	-2.7000e-02	 4.3135e+00	 6.7839e+00
22	-2.7000e-02	-2.7000e-02	 4.3112e+00	 7.0942e+00
23	-2.4000e-02	-2.7000e-02	 4.2974e+00	 7.0061e+00
24	-2.1000e-02	-2.7000e-02	 4.2636e+00	 7.1719e+00
25	-1.8000e-02	-2.7000e-02	 4.3231e+00	 5.7947e+00
26	-1.5000e-02	-2.7000e-02	 4.4220e+00	 7.4383e+00
27	-1.2000e-02	-2.7000e-02	 4.2688e+00	 3.2811e+00
28	-9.0000e-03	-2.7000e-02	 4.2771e+00	 3.1377e+00
29	-6.0000e-03	-2.7000e-02	 4.1834e+00	 5.1357e+00
30	-3.0000e-03	-2.7000e-02	 4.1686e+00	 5.5301e+00
31	 0.0000e+00	-2.7000e-02	 4.2968e+00	 3.8527e+00
32	 3.0000e-03	-2.7000e-02	 4.2951e+00	 5.9397e+00
33	 6.0000e-03	-2.7000e-02	 4.2337e+00	 5.9882e+00
34	 9.0000e-03	-2.7000e-02	 4.1660e+00	 4.0687e+00
35	 1.2000e-02	-2.7000e-02	 4.2113e+00	 3.1052e+00
36	 1.5000e-02	-2.7000e-02	 4.4641e+00	 2.9159e+00
37	 1.8000e-02	-2.7000e-02	 4.3076e+00	 6.6846e+00
38	 2.1000e-02	-2.7000e-02	 4.1429e+00	 6.3661e+00
39	 2.4000e-02	-2.7000e-02	 4.2471e+00	 5.9368e+00
40	 2.7000e-02	-2.7000e-02	 4.2649e+00	 3.3764e+00
41	 3.0000e-02	-2.7000e-02	 4.2856e+00	 4.2389e+00
42	-3.0000e-02	-2.4000e-02	 4.1337e+00	 6.3358e+00
43	-2.7000e-02	-2.4000e-02	 4.3375e+00	 7.3765e+00
44	-2.4000e-02	-2.4000e-02	 4.2744e+00	 5.1988e+00
45	-2.1000e-02	-2.4000e-02	 4.3855e+00	 4.4363e+00
46	-1.8000e-02	-2.4000e-02	 4.2708e+00	 3.1670e+00
47	-1.5000e-02	-2.4000e-02	 4.4339e+00	 2.6075e+00
48	-1.2000e-02	-2.4000e-02	 4.3944e+00	 2.5319e+00
49	-9.0000e-03	-2.4000e-02	 4.4197e+00	 2.3354e+00
50	-6.0000e-03	-2.4000e-02	 4.3675e+00	 2.9205e+00
51	-3.0000e-03	-2.4000e-02	 4.3903e+00	 2.9995e+00
52	 0.0000e+00	-2.4000e-02	 4.1877e+00	 3.3333e+00
53	 3.0000e-03	-2.4000e-02	 4.3520e+00	 4.1168e+00
54	 6.0000e-03	-2.4000e-02	 4.2054e+00	 7.2970e+00
55	 9.0000e-03	-2.4000e-02	 4.2935e+00	 6.7027e+00
56	 1.2000e-02	-2.4000e-02	 4.2991e+00	 4.7162e+00
57	 1.5000e-02	-2.4000e-02	 4.3129e+00	 5.1800e+00
58	 1.8000e-02	-2.4000e-02	 4.2278e+00	 4.1554e+00
59	 2.1000e-02	-2.4000e-02	 4.1676e+00	 5.9762e+00
60	 2.4000e-02	-2.4000e-02	 4.2192e+00	 5.5153e+00
61	 2.7000e-02	-2.4000e-02	 4.2162e+00	 4.1247e+00
62	 3.0000e-02	-2.4000e-02	 4.3326e+00	 3.9635e+00
63	-3.0000e-02	-2.1000e-02	 4.2984e+00	 6.7247e+00
64	-2.7000e-02	-2.1000e-02	 4.2458e+00	 7.5001e+00
65	-2.4000e-02	-2.1000e-02	 4.3264e+00	 6.0797e+00
66	-2.1000e-02	-2.1000e-02	 4.4317e+00	 3.5230e+00
67	-1.8000e-02	-2.1000e-02	 4.3947e+00	 3.3406e+00
68	-1.5000e-02	-2.1000e-02	 4.2882e+00	 3.6620e+00
69	-1.2000e-02	-2.1000e-02	 4.3372e+00	 3.2825e+00
70	-9.0000e-03	-2.1000e-02	 4.4151e+00	 2.4205e+00
71	-6.0000e-03	-2.1000e-02	 4.3278e+00	 2.0822e+00
72	-3.0000e-03	-2.1000e-02	 4.4281e+00	 3.0457e+00
73	 0.0000e+00	-2.1000e-02	 4.3635e+00	 2.5303e+00
74	 3.0000e-03	-2.1000e-02	 4.3842e+00	 3.1220e+00
75	 6.0000e-03	-2.1000e-02	 4.3635e+00	 2.4126e+00
76	 9.0000e-03	-2.1000e-02	 4.3655e+00	 5.4756e+00
77	 1.2000e-02	-2.1000e-02	 4.3629e+00	 7.6145e+00
78	 1.5000e-02	-2.1000e-02	 4.4194e+00	 6.9729e+00
79	 1.8000e-02	-2.1000e-02	 4.1683e+00	 5.5888e+00
80	 2.1000e-02	-2.1000e-02	 4.3252e+00	 6.3381e+00
81	 2.4000e-02	-2.1000e-02	 4.3293e+00	 4.8757e+00
82	 2.7000e-02	-2.1000e-02	 4.2235e+00	 5.7080e+00
83	 3.0000e-02	-2.1000e-02	 4.2284e+00	 4.8280e+00
84	-3.0000e-02	-1.8000e-02	 4.4648e+00	 7.5919e+00
85	-2.7000e-02	-1.8000e-02	 4.2491e+00	 6.8960e+00
86	-2.4000e-02	-1.8000e-02	 4.3885e+00	 6.4096e+00
87	-2.1000e-02	-1.8000e-02	 4.1688e+00	 7.0212e+00
88	-1.8000e-02	-1.8000e-02	 4.2619e+00	 5.0242e+00
89	-1.5000e-02	-1.8000e-02	 4.3303e+00	 7.9393e+00
90	-1.2000e-02	-1.8000e-02	 4.5907e+00	 1.7220e+00
91	-9.0000e-03	-1.8000e-02	 4.6163e+00	 1.6552e+00
92	-6.0000e-03	-1.8000e-02	 4.6551e+00	 1.4777e+00
93	-3.0000e-03	-1.8000e-02	 4.6008e+00	 1.3081e+00
94	 0.0000e+00	-1.8000e-02	 4.4865e+00	 2.6950e+00
95	 3.0000e-03	-1.8000e-02	 4.4401e+00	 2.2190e+00
96	 6.0000e-03	-1.8000e-02	 4.3359e+00	 1.7920e+00
97	 9.0000e-03	-1.8000e-02	 4.3109e+00	 2.4823e+00
98	 1.2000e-02	-1.8000e-02	 4.3786e+00	 5.3094e+00
99	 1.5000e-02	-1.8000e-02	 4.4638e+00	 6.3764e+00
100	 1.8000e-02	-1.8000e-02	 4.4421e+00	 7.5933e+00
101	 2.1000e-02	-1.8000e-02	 4.2126e+00	 7.1731e+00
102	 2.4000e-02	-1.8000e-02	 4.2233e+00	 6.1101e+00
103	 2.7000e-02	-1.8000e-02	 4.2439e+00	 6.0114e+00
104	 3.0000e-02	-1.8000e-02	 4.3811e+00	 5.0726e+00
105	-3.0000e-02	-1.5000e-02	 4.3387e+00	 6.7510e+00
106	-2.7000e-02	-1.5000e-02	 4.4128e+00	 6.6353e+00
107	-2.4000e-02	-1.5000e-02	 4.4378e+00	 7.9114e+00
108	-2.1000e-02	-1.5000e-02	 4.4772e+00	 8.2595e+00
109	-1.8000e-02	-1.5000e-02	 4.5108e+00	 1.8939e+00
110	-1.5000e-02	-1.5000e-02	 4.7912e+00	 1.7387e+00
111	-1.2000e-02	-1.5000e-02	 4.5220e+00	 2.4165e+00
112	-9.0000e-03	-1.5000e-02	 4.4952e+00	 3.0372e+00
113	-6.0000e-03	-1.5000e-02	 4.4792e+00	 3.0480e+00
114	-3.0000e-03	-1.5000e-02	 4.3254e+00	 3.6634e+00
115	 0.0000e+00	-1.5000e-02	 4.3103e+00	 3.5490e+00
116	 3.0000e-03	-1.5000e-02	 4.3313e+00	 3.2557e+00
117	 6.0000e-03	-1.5000e-02	 4.3231e+00	 3.3167e+00
118	 9.0000e-03	-1.5000e-02	 4.3004e+00	 3.2972e+00
119	 1.2000e-02	-1.5000e-02	 4.1278e+00	 2.6996e+00
120	 1.5000e-02	-1.5000e-02	 4.3849e+00	 7.3460e+00
121	 1.8000e-02	-1.5000e-02	 4.3934e+00	 7.2524e+00
122	 2.1000e-02	-1.5000e-02	 4.4901e+00	 7.5018e+00
123	 2.4000e-02	-1.5000e-02	 4.3707e+00	 7.5922e+00
124	 2.7000e-02	-1.5000e-02	 4.3191e+00	 4.5492e+00
125	 3.0000e-02	-1.5000e-02	 4.2475e+00	 5.4738e+00
126	-3.0000e-02	-1.2000e-02	 4.4467e+00	 6.7037e+00
127	-2.7000e-02	-1.2000e-02	 4.3694e+00	 7.3805e+00
128	-2.4000e-02	-1.2000e-02	 4.5397e+00	 8.0836e+00
129	-2.1000e-02	-1.2000e-02	 4.4325e+00	 2.3005e+00
130	-1.8000e-02	-1.2000e-02	 4.3259e+00	 2.4310e+00
131	-1.5000e-02	-1.2000e-02	 4.3974e+00	 3.6615e+00
132	-1.2000e-02	-1.2000e-02	 4.2399e+00	 5.0190e+00
133	-9.0000e-03	-1.2000e-02	 4.5358e+00	 5.8733e+00
134	-6.0000e-03	-1.2000e-02	 4.5400e+00	 6.1123e+00
135	-3.0000e-03	-1.2000e-02	 4.4644e+00	 6.2494e+00
136	 0.0000e+00	-1.2000e-02	 4.4000e+00	 6.2829e+00
137	 3.0000e-03	-1.2000e-02	 4.4072e+00	 6.1882e+00
138	 6.0000e-03	-1.2000e-02	 4.4546e+00	 6.2872e+00
139	 9.0000e-03	-1.2000e-02	 4.2209e+00	 5.8948e+00
140	 1.2000e-02	-1.2000e-02	 4.3316e+00	 6.9712e+00
141	 1.5000e-02	-1.2000e-02	 4.0660e+00	 6.4504e+00
142	 1.8000e-02	-1.2000e-02	 4.2320e+00	 6.7595e+00
143	 2.1000e-02	-1.2000e-02	 4.3898e+00	 7.3249e+00
144	 2.4000e-02	-1.2000e-02	 4.3083e+00	 7.5429e+00
145	 2.7000e-02	-1.2000e-02	 4.4674e+00	 6.9969e+00
146	 3.0000e-02	-1.2000e-02	 4.4411e+00	 6.6090e+00
147	-3.0000e-02	-9.0000e-03	 4.4874e+00	 7.5757e+00
148	-2.7000e-02	-9.0000e-03	 4.3566e+00	 7.5873e+00
149	-2.4000e-02	-9.0000e-03	 4.3208e+00	 2.4999e+00
150	-2.1000e-02	-9.0000e-03	 4.2467e+00	 3.4921e+00
151	-1.8000e-02	-9.0000e-03	 4.4207e+00	 6.3263e+00
152	-1.5000e-02	-9.0000e-03	 4.3855e+00	 6.9936e+00
153	-1.2000e-02	-9.0000e-03	 4.5289e+00	 7.8892e+00
154	-9.0000e-03	-9.0000e-03	 4.5680e+00	 8.1559e+00
155	-6.0000e-03	-9.0000e-03	 4.5065e+00	 8.0501e+00
156	-3.0000e-03	-9.0000e-03	 4.4526e+00	 7.8749e+00
157	 0.0000e+00	-9.0000e-03	 4.5762e+00	 8.2248e+00
158	 3.0000e-03	-9.0000e-03	 4.3918e+00	 7.9396e+00
159	 6.0000e-03	-9.0000e-03	 4.5287e+00	 7.0513e+00
160	 9.0000e-03	-9.0000e-03	 4.5118e+00	 7.2194e+00
161	 1.2000e-02	-9.0000e-03	 4.3461e+00	 6.6790e+00
162	 1.5000e-02	-9.0000e-03	 4.5621e+00	 7.5675e+00
163	 1.8000e-02	-9.0000e-03	 4.4957e+00	 7.9009e+00
164	 2.1000e-02	-9.0000e-03	 4.4396e+00	 8.3637e+00
165	 2.4000e-02	-9.0000e-03	 4.5146e+00	 7.8072e+00
166	 2.7000e-02	-9.0000e-03	 4.5177e+00	 7.7289e+00
167	 3.0000e-02	-9.0000e-03	 4.4717e+00	 7.4242e+00
168	-3.0000e-02	-6.0000e-03	 4.3954e+00	 7.6661e+00
169	-2.7000e-02	-6.0000e-03	 4.2176e+00	 6.2987e+00
170	-2.4000e-02	-6.0000e-03	 4.2093e+00	 5.7200e+00
171	-2.1000e-02	-6.0000e-03	 4.2447e+00	 6.7163e+00
172	-1.8000e-02	-6.0000e-03	 4.3142e+00	 7.6530e+00
173	-1.5000e-02	-6.0000e-03	 4.7018e+00	 2.2974e+00
174	-1.2000e-02	-6.0000e-03	 4.6367e+00	 1.6776e+00
175	-9.0000e-03	-6.0000e-03	 5.0459e+00	 2.2745e+00
176	-6.0000e-03	-6.0000e-03	 5.2162e+00	 2.7374e+00
177	-3.0000e-03	-6.0000e-03	 5.1656e+00	 2.6381e+00
178	 0.0000e+00	-6.0000e-03	 5.0173e+00	 2.4070e+00
179	 3.0000e-03	-6.0000e-03	 4.4943e+00	 2.0464e+00
180	 6.0000e-03	-6.0000e-03	 4.4690e+00	 2.4889e+00
181	 9.0000e-03	-6.0000e-03	 4.4723e+00	 7.9166e+00
182	 1.2000e-02	-6.0000e-03	 4.4730e+00	 7.4788e+00
183	 1.5000e-02	-6.0000e-03	 4.5160e+00	 7.4765e+00
184	 1.8000e-02	-6.0000e-03	 4.5745e+00	 7.9628e+00
185	 2.1000e-02	-6.0000e-03	 4.6041e+00	 8.5062e+00
186	 2.4000e-02	-6.0000e-03	 4.6577e+00	 7.8637e+00
187	 2.7000e-02	-6.0000e-03	 4.6153e+00	 7.1297e+00
188	 3.0000e-02	-6.0000e-03	 4.6646e+00	 7.7250e+00
189	-3.0000e-02	-3.0000e-03	 4.4886e+00	 7.4725e+00
190	-2.7000e-02	-3.0000e-03	 4.2619e+00	 6.6596e+00
191	-2.4000e-02	-3.0000e-03	 4.4529e+00	 6.5978e+00
192	-2.1000e-02	-3.0000e-03	 4.4026e+00	 7.6878e+00
193	-1.8000e-02	-3.0000e-03	 4.3878e+00	 1.5323e+00
194	-1.5000e-02	-3.0000e-03	 4.9769e+00	 2.8311e+00
195	-1.2000e-02	-3.0000e-03	 5.5061e+00	 3.3935e+00
196	-9.0000e-03	-3.0000e-03	 5.7293e+00	 3.9500e+00
197	-6.0000e-03	-3.0000e-03	 5.8319e+00	 4.4046e+00
198	-3.0000e-03	-3.0000e-03	 5.8003e+00	 4.3823e+00
199	 0.0000e+00	-3.0000e-03	 5.6169e+00	 4.0240e+00
200	 3.0000e-03	-3.0000e-03	 5.3914e+00	 3.6722e+00
201	 6.0000e-03	-3.0000e-03	 5.0380e+00	 3.1982e+00
202	 9.0000e-03	-3.0000e-03	 4.4260e+00	 2.4366e+00
203	 1.2000e-02	-3.0000e-03	 4.2991e+00	 5.7476e+00
204	 1.5000e-02	-3.0000e-03	 4.3660e+00	 7.7010e+00
205	 1.8000e-02	-3.0000e-03	 4.5177e+00	 7.6615e+00
206	 2.1000e-02	-3.0000e-03	 4.5782e+00	 8.2189e+00
207	 2.4000e-02	-3.0000e-03	 4.3528e+00	 7.6583e+00
208	 2.7000e-02	-3.0000e-03	 4.4843e+00	 7.4752e+00
209	 3.0000e-02	-3.0000e-03	 4.5519e+00	 6.8835e+00
210	-3.0000e-02	 0.0000e+00	 4.4155e+00	 6.9781e+00
211	-2.7000e-02	 0.0000e+00	 4.4375e+00	 6.5646e+00
212	-2.4000e-02	 0.0000e+00	 4.6064e+00	 7.1178e+00
213	-2.1000e-02	 0.0000e+00	 4.1959e+00	 5.6018e+00
214	-1.8000e-02	 0.0000e+00	 5.0348e+00	 2.7702e+00
215	-1.5000e-02	 0.0000e+00	 5.5978e+00	 3.7294e+00
216	-1.2000e-02	 0.0000e+00	 5.7089e+00	 4.5759e+00
217	-9.0000e-03	 0.0000e+00	 5.6830e+00	 5.3339e+00
218	-6.0000e-03	 0.0000e+00	 5.7297e+00	 6.2421e+00
219	-3.0000e-03	 0.0000e+00	 5.6366e+00	 6.2730e+00
220	 0.0000e+00	 0.0000e+00	 5.4815e+00	 5.4785e+00
221	 3.0000e-03	 0.0000e+00	 5.4910e+00	 4.7116e+00
222	 6.0000e-03	 0.0000e+00	 5.4338e+00	 4.0624e+00
223	 9.0000e-03	 0.0000e+00	 5.1235e+00	 3.5989e+00
224	 1.2000e-02	 0.0000e+00	 4.3780e+00	 3.6131e+00
225	 1.5000e-02	 0.0000e+00	 4.1462e+00	 5.7878e+00
226	 1.8000e-02	 0.0000e+00	 4.4618e+00	 7.1169e+00
227	 2.1000e-02	 0.0000e+00	 4.2889e+00	 5.7395e+00
228	 2.4000e-02	 0.0000e+00	 4.3543e+00	 7.8121e+00
229	 2.7000e-02	 0.0000e+00	 4.4602e+00	 7.0613e+00
230	 3.0000e-02	 0.0000e+00	 4.4434e+00	 6.6211e+00
231	-3.0000e-02	 3.0000e-03	 4.4204e+00	 7.0952e+00
232	-2.7000e-02	 3.0000e-03	 4.4740e+00	 6.3490e+00
233	-2.4000e-02	 3.0000e-03	 4.4993e+00	 6.6534e+00
234	-2.1000e-02	 3.0000e-03	 4.9529e+00	 2.3511e+00
235	-1.8000e-02	 3.0000e-03	 5.6340e+00	 3.5066e+00
236	-1.5000e-02	 3.0000e-03	 5.6688e+00	 4.5384e+00
237	-1.2000e-02	 3.0000e-03	 5.1735e+00	 6.1231e+00
238	-9.0000e-03	 3.0000e-03	 5.6915e+00	 8.5774e+00
239	-6.0000e-03	 3.0000e-03	 6.1507e+00	 8.9603e+00
240	-3.0000e-03	 3.0000e-03	 6.1882e+00	 9.1267e+00
241	 0.0000e+00	 3.0000e-03	 5.7877e+00	 9.0345e+00
242	 3.0000e-03	 3.0000e-03	 4.6531e+00	 7.5873e+00
243	 6.0000e-03	 3.0000e-03	 5.1564e+00	 4.2748e+00
244	 9.0000e-03	 3.0000e-03	 5.4032e+00	 3.5023e+00
245	 1.2000e-02	 3.0000e-03	 4.7856e+00	 3.4198e+00
246	 1.5000e-02	 3.0000e-03	 4.4039e+00	 5.2773e+00
247	 1.8000e-02	 3.0000e-03	 4.2966e+00	 7.4597e+00
248	 2.1000e-02	 3.0000e-03	 4.3139e+00	 6.1457e+00
249	 2.4000e-02	 3.0000e-03	 4.5423e+00	 7.9597e+00
250	 2.7000e-02	 3.0000e-03	 4.6975e+00	 8.0889e+00
251	 3.0000e-02	 3.0000e-03	 4.3997e+00	 7.0472e+00
252	-3.0000e-02	 6.0000e-03	 4.3352e+00	 6.9293e+00
253	-2.7000e-02	 6.0000e-03	 4.6179e+00	 6.2809e+00
254	-2.4000e-02	 6.0000e-03	 4.2605e+00	 3.3287e+00
255	-2.1000e-02	 6.0000e-03	 5.5226e+00	 2.7699e+00
256	-1.8000e-02	 6.0000e-03	 5.7070e+00	 3.8182e+00
257	-1.5000e-02	 6.0000e-03	 4.7373e+00	 4.6909e+00
258	-1.2000e-02	 6.0000e-03	 5.9627e+00	 9.6112e+00
259	-9.0000e-03	 6.0000e-03	 6.6935e+00	 1.4712e-01
260	-6.0000e-03	 6.0000e-03	 6.9476e+00	 2.3160e-01
261	-3.0000e-03	 6.0000e-03	 6.9706e+00	 2.9734e-01
262	 0.0000e+00	 6.0000e-03	 6.7572e+00	 2.6677e-01
263	 3.0000e-03	 6.0000e-03	 6.1920e+00	 3.8313e-01
264	 6.0000e-03	 6.0000e-03	 5.0854e+00	 1.5543e+00
265	 9.0000e-03	 6.0000e-03	 5.3401e+00	 3.4457e+00
266	 1.2000e-02	 6.0000e-03	 5.1061e+00	 2.9330e+00
267	 1.5000e-02	 6.0000e-03	 4.5262e+00	 4.8020e+00
268	 1.8000e-02	 6.0000e-03	 4.2600e+00	 6.5541e+00
269	 2.1000e-02	 6.0000e-03	 4.5930e+00	 7.0560e+00
270	 2.4000e-02	 6.0000e-03	 4.3655e+00	 4.2054e+00
271	 2.7000e-02	 6.0000e-03	 4.5512e+00	 7.7252e+00
272	 3.0000e-02	 6.0000e-03	 4.2827e+00	 5.9160e+00
273	-3.0000e-02	 9.0000e-03	 4.3553e+00	 5.9900e+00
274	-2.7000e-02	 9.0000e-03	 4.4802e+00	 5.7694e+00
275	-2.4000e-02	 9.0000e-03	 4.7816e+00	 2.2505e+00
276	-2.1000e-02	 9.0000e-03	 5.6596e+00	 2.8800e+00
277	-1.8000e-02	 9.0000e-03	 5.3753e+00	 3.3024e+00
278	-1.5000e-02	 9.0000e-03	 5.7852e+00	 6.0929e-01
279	-1.2000e-02	 9.0000e-03	 6.8877e+00	 5.3500e-01
280	-9.0000e-03	 9.0000e-03	 7.3348e+00	 8.0060e-01
281	-6.0000e-03	 9.0000e-03	 7.4985e+00	 8.8771e-01
282	-3.0000e-03	 9.0000e-03	 7.5044e+00	 9.3898e-01
283	 0.0000e+00	 9.0000e-03	 7.3690e+00	 9.4885e-01
284	 3.0000e-03	 9.0000e-03	 6.9683e+00	 9.1499e-01
285	 6.0000e-03	 9.0000e-03	 6.1231e+00	 1.0738e+00
286	 9.0000e-03	 9.0000e-03	 5.2540e+00	 2.5411e+00
287	 1.2000e-02	 9.0000e-03	 5.3878e+00	 2.8131e+00
288	 1.5000e-02	 9.0000e-03	 4.5358e+00	 3.4254e+00
289	 1.8000e-02	 9.0000e-03	 4.2616e+00	 4.9575e+00
290	 2.1000e-02	 9.0000e-03	 4.4095e+00	 7.0623e+00
291	 2.4000e-02	 9.0000e-03	 4.2948e+00	 6.0268e+00
292	 2.7000e-02	 9.0000e-03	 4.5377e+00	 8.0853e+00
293	 3.0000e-02	 9.0000e-03	 4.2932e+00	 7.2013e+00
294	-3.0000e-02	 1.2000e-02	 4.3714e+00	 5.8529e+00
295	-2.7000e-02	 1.2000e-02	 4.6336e+00	 4.8775e+00
296	-2.4000e-02	 1.2000e-02	 5.0637e+00	 2.5464e+00
297	-2.1000e-02	 1.2000e-02	 5.6685e+00	 2.9188e+00
298	-1.8000e-02	 1.2000e-02	 5.5324e+00	 1.9971e+00
299	-1.5000e-02	 1.2000e-02	 6.5616e+00	 7.9205e-01
300	-1.2000e-02	 1.2000e-02	 7.3844e+00	 9.4720e-01
301	-9.0000e-03	 1.2000e-02	 7.7319e+00	 1.2707e+00
302	-6.0000e-03	 1.2000e-02	 7.8515e+00	 1.3269e+00
303	-3.0000e-03	 1.2000e-02	 7.8535e+00	 1.3942e+00
304	 0.0000e+00	 1.2000e-02	 7.7148e+00	 1.4327e+00
305	 3.0000e-03	 1.2000e-02	 7.3749e+00	 1.3025e+00
306	 6.0000e-03	 1.2000e-02	 6.6757e+00	 1.2135e+00
307	 9.0000e-03	 1.2000e-02	 5.6971e+00	 1.7594e+00
308	 1.2000e-02	 1.2000e-02	 5.3845e+00	 2.7249e+00
309	 1.5000e-02	 1.2000e-02	 4.9338e+00	 3.2206e+00
310	 1.8000e-02	 1.2000e-02	 4.2353e+00	 3.7482e+00
311	 2.1000e-02	 1.2000e-02	 4.5869e+00	 7.1754e+00
312	 2.4000e-02	 1.2000e-02	 4.3073e+00	 5.2249e+00
313	 2.7000e-02	 1.2000e-02	 4.2537e+00	 6.7050e+00
314	 3.0000e-02	 1.2000e-02	 4.3073e+00	 4.4007e+00
315	-3.0000e-02	 1.5000e-02	 4.3586e+00	 5.8322e+00
316	-2.7000e-02	 1.5000e-02	 4.5745e+00	 4.6794e+00
317	-2.4000e-02	 1.5000e-02	 5.1304e+00	 2.8284e+00
318	-2.1000e-02	 1.5000e-02	 5.7116e+00	 2.9566e+00
319	-1.8000e-02	 1.5000e-02	 5.7957e+00	 1.7992e+00
320	-1.5000e-02	 1.5000e-02	 6.7720e+00	 8.9592e-01
321	-1.2000e-02	 1.5000e-02	 7.5531e+00	 1.2289e+00
322	-9.0000e-03	 1.5000e-02	 7.8473e+00	 1.5060e+00
323	-6.0000e-03	 1.5000e-02	 7.9604e+00	 1.5721e+00
324	-3.0000e-03	 1.5000e-02	 7.9581e+00	 1.6247e+00
325	 0.0000e+00	 1.5000e-02	 7.8075e+00	 1.6574e+00
326	 3.0000e-03	 1.5000e-02	 7.5044e+00	 1.5215e+00
327	 6.0000e-03	 1.5000e-02	 6.8342e+00	 1.3229e+00
328	 9.0000e-03	 1.5000e-02	 5.8565e+00	 1.7256e+00
329	 1.2000e-02	 1.5000e-02	 5.4052e+00	 2.7421e+00
330	 1.5000e-02	 1.5000e-02	 4.8835e+00	 3.1532e+00
331	 1.8000e-02	 1.5000e-02	 4.3122e+00	 3.6459e+00
332	 2.1000e-02	 1.5000e-02	 4.4490e+00	 6.8529e+00
333	 2.4000e-02	 1.5000e-02	 4.4289e+00	 7.2188e+00
334	 2.7000e-02	 1.5000e-02	 4.2271e+00	 7.3654e+00
335	 3.0000e-02	 1.5000e-02	 4.3556e+00	 7.8308e+00
336	-3.0000e-02	 1.8000e-02	 4.2139e+00	 5.7834e+00
337	-2.7000e-02	 1.8000e-02	 4.5693e+00	 4.6663e+00
338	-2.4000e-02	 1.8000e-02	 4.9404e+00	 2.8616e+00
339	-2.1000e-02	 1.8000e-02	 5.5873e+00	 2.8633e+00
340	-1.8000e-02	 1.8000e-02	 5.6754e+00	 1.7052e+00
341	-1.5000e-02	 1.8000e-02	 6.6330e+00	 8.9198e-01
342	-1.2000e-02	 1.8000e-02	 7.3752e+00	 1.1191e+00
343	-9.0000e-03	 1.8000e-02	 7.6941e+00	 1.3949e+00
344	-6.0000e-03	 1.8000e-02	 7.8052e+00	 1.4113e+00
345	-3.0000e-03	 1.8000e-02	 7.8098e+00	 1.4682e+00
346	 0.0000e+00	 1.8000e-02	 7.6777e+00	 1.5040e+00
347	 3.0000e-03	 1.8000e-02	 7.3499e+00	 1.3952e+00
348	 6.0000e-03	 1.8000e-02	 6.6698e+00	 1.2121e+00
349	 9.0000e-03	 1.8000e-02	 5.7007e+00	 1.6707e+00
350	 1.2000e-02	 1.8000e-02	 5.2474e+00	 2.5441e+00
351	 1.5000e-02	 1.8000e-02	 4.7912e+00	 3.2452e+00
352	 1.8000e-02	 1.8000e-02	 4.3523e+00	 3.5453e+00
353	 2.1000e-02	 1.8000e-02	 4.4187e+00	 7.5573e+00
354	 2.4000e-02	 1.8000e-02	 4.3665e+00	 6.9821e+00
355	 2.7000e-02	 1.8000e-02	 4.3760e+00	 6.6588e+00
356	 3.0000e-02	 1.8000e-02	 4.4444e+00	 7.6070e+00
357	-3.0000e-02	 2.1000e-02	 4.4010e+00	 5.3674e+00
358	-2.7000e-02	 2.1000e-02	 4.5713e+00	 4.6419e+00
359	-2.4000e-02	 2.1000e-02	 4.8944e+00	 2.7380e+00
360	-2.1000e-02	 2.1000e-02	 5.7053e+00	 2.9218e+00
361	-1.8000e-02	 2.1000e-02	 5.4618e+00	 2.7528e+00
362	-1.5000e-02	 2.1000e-02	 5.9469e+00	 9.0283e-01
363	-1.2000e-02	 2.1000e-02	 6.8325e+00	 7.6937e-01
364	-9.0000e-03	 2.1000e-02	 7.2687e+00	 9.7646e-01
365	-6.0000e-03	 2.1000e-02	 7.4314e+00	 9.9782e-01
366	-3.0000e-03	 2.1000e-02	 7.4416e+00	 1.0337e+00
367	 0.0000e+00	 2.1000e-02	 7.2825e+00	 1.1083e+00
368	 3.0000e-03	 2.1000e-02	 6.8831e+00	 1.0655e+00
369	 6.0000e-03	 2.1000e-02	 6.0005e+00	 1.1264e+00
370	 9.0000e-03	 2.1000e-02	 5.3996e+00	 2.5441e+00
371	 1.2000e-02	 2.1000e-02	 5.3648e+00	 2.8659e+00
372	 1.5000e-02	 2.1000e-02	 4.8517e+00	 3.0450e+00
373	 1.8000e-02	 2.1000e-02	 4.4220e+00	 2.1947e+00
374	 2.1000e-02	 2.1000e-02	 4.5815e+00	 8.2552e+00
375	 2.4000e-02	 2.1000e-02	 4.5903e+00	 7.5304e+00
376	 2.7000e-02	 2.1000e-02	 4.3869e+00	 7.9068e+00
377	 3.0000e-02	 2.1000e-02	 4.3405e+00	 7.8555e+00
378	-3.0000e-02	 2.4000e-02	 4.2830e+00	 6.7602e+00
379	-2.7000e-02	 2.4000e-02	 4.5829e+00	 6.3125e+00
380	-2.4000e-02	 2.4000e-02	 4.4219e+00	 3.8731e+00
381	-2.1000e-02	 2.4000e-02	 5.7563e+00	 3.1890e+00
382	-1.8000e-02	 2.4000e-02	 5.9420e+00	 4.0478e+00
383	-1.5000e-02	 2.4000e-02	 5.6340e+00	 4.3678e+00
384	-1.2000e-02	 2.4000e-02	 5.1646e+00	 8.2920e-01
385	-9.0000e-03	 2.4000e-02	 6.3480e+00	 4.7057e-01
386	-6.0000e-03	 2.4000e-02	 6.6951e+00	 5.2580e-01
387	-3.0000e-03	 2.4000e-02	 6.7444e+00	 5.5176e-01
388	 0.0000e+00	 2.4000e-02	 6.4436e+00	 5.9450e-01
389	 3.0000e-03	 2.4000e-02	 5.5495e+00	 8.4826e-01
390	 6.0000e-03	 2.4000e-02	 5.4572e+00	 4.3446e+00
391	 9.0000e-03	 2.4000e-02	 5.8312e+00	 3.9871e+00
392	 1.2000e-02	 2.4000e-02	 5.5249e+00	 3.3136e+00
393	 1.5000e-02	 2.4000e-02	 4.9299e+00	 3.9579e+00
394	 1.8000e-02	 2.4000e-02	 4.3372e+00	 1.9383e+00
395	 2.1000e-02	 2.4000e-02	 4.6393e+00	 7.7641e+00
396	 2.4000e-02	 2.4000e-02	 4.4141e+00	 7.7526e+00
397	 2.7000e-02	 2.4000e-02	 4.5231e+00	 7.0835e+00
398	 3.0000e-02	 2.4000e-02	 4.2725e+00	 6.2262e+00
399	-3.0000e-02	 2.7000e-02	 4.4667e+00	 7.2539e+00
400	-2.7000e-02	 2.7000e-02	 4.5621e+00	 6.8549e+00
401	-2.4000e-02	 2.7000e-02	 4.7696e+00	 7.2549e+00
402	-2.1000e-02	 2.7000e-02	 5.0065e+00	 2.3663e+00
403	-1.8000e-02	 2.7000e-02	 5.8815e+00	 3.6538e+00
404	-1.5000e-02	 2.7000e-02	 6.1008e+00	 4.3320e+00
405	-1.2000e-02	 2.7000e-02	 5.7987e+00	 4.6456e+00
406	-9.0000e-03	 2.7000e-02	 5.0992e+00	 5.2507e+00
407	-6.0000e-03	 2.7000e-02	 4.7958e+00	 7.6014e+00
408	-3.0000e-03	 2.7000e-02	 4.9003e+00	 8.2125e+00
409	 0.0000e+00	 2.7000e-02	 4.9411e+00	 6.3411e+00
410	 3.0000e-03	 2.7000e-02	 5.5535e+00	 5.3069e+00
411	 6.0000e-03	 2.7000e-02	 5.7540e+00	 4.6419e+00
412	 9.0000e-03	 2.7000e-02	 5.4907e+00	 3.6900e+00
413	 1.2000e-02	 2.7000e-02	 4.4572e+00	 2.5130e+00
414	 1.5000e-02	 2.7000e-02	 4.3694e+00	 2.1506e+00
415	 1.8000e-02	 2.7000e-02	 4.8806e+00	 8.9386e+00
416	 2.1000e-02	 2.7000e-02	 4.7031e+00	 8.0067e+00
417	 2.4000e-02	 2.7000e-02	 4.4565e+00	 7.6507e+00
418	 2.7000e-02	 2.7000e-02	 4.4371e+00	 7.5652e+00
419	 3.0000e-02	 2.7000e-02	 4.3589e+00	 7.6425e+00
420	-3.0000e-02	 3.0000e-02	 4.6354e+00	 7.6007e+00
421	-2.7000e-02	 3.0000e-02	 4.5854e+00	 7.4429e+00
422	-2.4000e-02	 3.0000e-02	 4.8873e+00	 7.1778e+00
423	-2.1000e-02	 3.0000e-02	 4.9447e+00	 7.7273e+00
424	-1.8000e-02	 3.0000e-02	 4.2225e+00	 3.9214e+00
425	-1.5000e-02	 3.0000e-02	 5.0916e+00	 3.7363e+00
426	-1.2000e-02	 3.0000e-02	 5.2550e+00	 4.2664e+00
427	-9.0000e-03	 3.0000e-02	 5.2971e+00	 4.8812e+00
428	-6.0000e-03	 3.0000e-02	 5.3572e+00	 5.3314e+00
429	-3.0000e-03	 3.0000e-02	 5.4496e+00	 5.5071e+00
430	 0.0000e+00	 3.0000e-02	 5.5581e+00	 5.5078e+00
431	 3.0000e-03	 3.0000e-02	 5.5568e+00	 5.4118e+00
432	 6.0000e-03	 3.0000e-02	 5.2540e+00	 5.3142e+00
433	 9.0000e-03	 3.0000e-02	 4.6784e+00	 5.3102e+00
434	 1.2000e-02	 3.0000e-02	 4.4214e+00	 6.4785e+00
435	 1.5000e-02	 3.0000e-02	 4.5305e+00	 8.2565e+00
436	 1.8000e-02	 3.0000e-02	 5.0811e+00	 8.4834e+00
437	 2.1000e-02	 3.0000e-02	 5.1031e+00	 7.6408e+00
438	 2.4000e-02	 3.0000e-02	 4.7304e+00	 7.2705e+00
439	 2.7000e-02	 3.0000e-02	 4.6768e+00	 7.5639e+00
440	 3.0000e-02	 3.0000e-02	 4.5644e+00	 7.5333e+00
