idx	pos (m)	Mesure ch1 (V)	Mesure ch2 (V)	pos Moteur (m)
0	-4.0000e-02	 7.3420e+00	 6.1100e+00	 2.9000e+02
1	-3.9200e-02	 7.3190e+00	 1.2338e+00	 2.8920e+02
2	-3.8400e-02	 7.2921e+00	 6.3516e+00	 2.8840e+02
3	-3.7600e-02	 7.3019e+00	 1.5047e+00	 2.8760e+02
4	-3.6800e-02	 7.2858e+00	 6.6678e+00	 2.8680e+02
5	-3.6000e-02	 7.2881e+00	 1.7917e+00	 2.8600e+02
6	-3.5200e-02	 7.3049e+00	 6.9190e+00	 2.8520e+02
7	-3.4400e-02	 7.3355e+00	 2.1207e+00	 2.8440e+02
8	-3.3600e-02	 7.3706e+00	 7.3121e+00	 2.8360e+02
9	-3.2800e-02	 7.3986e+00	 2.5424e+00	 2.8280e+02
10	-3.2000e-02	 7.4022e+00	 7.8134e+00	 2.8200e+02
11	-3.1200e-02	 7.4025e+00	 3.0355e+00	 2.8120e+02
12	-3.0400e-02	 7.3936e+00	 8.3183e+00	 2.8040e+02
13	-2.9600e-02	 7.3815e+00	 3.5391e+00	 2.7960e+02
14	-2.8800e-02	 7.3447e+00	 8.8157e+00	 2.7880e+02
15	-2.8000e-02	 7.3246e+00	 3.9737e+00	 2.7800e+02
16	-2.7200e-02	 7.2950e+00	 9.2023e+00	 2.7720e+02
17	-2.6400e-02	 7.2710e+00	 4.3974e+00	 2.7640e+02
18	-2.5600e-02	 7.2260e+00	 9.6086e+00	 2.7560e+02
19	-2.4800e-02	 7.2174e+00	 4.7507e+00	 2.7480e+02
20	-2.4000e-02	 7.1898e+00	 9.9416e+00	 2.7400e+02
21	-2.3200e-02	 7.1727e+00	 5.1123e+00	 2.7320e+02
22	-2.2400e-02	 7.1694e+00	 2.5329e-01	 2.7240e+02
23	-2.1600e-02	 7.1570e+00	 5.4484e+00	 2.7160e+02
24	-2.0800e-02	 7.1501e+00	 6.4315e-01	 2.7080e+02
25	-2.0000e-02	 7.1507e+00	 5.8148e+00	 2.7000e+02
26	-1.9200e-02	 7.1478e+00	 1.0014e+00	 2.6920e+02
27	-1.8400e-02	 7.1412e+00	 6.2079e+00	 2.6840e+02
28	-1.7600e-02	 7.1408e+00	 1.3726e+00	 2.6760e+02
29	-1.6800e-02	 7.1224e+00	 6.5771e+00	 2.6680e+02
30	-1.6000e-02	 7.1313e+00	 1.7956e+00	 2.6600e+02
31	-1.5200e-02	 7.1093e+00	 7.0023e+00	 2.6520e+02
32	-1.4400e-02	 7.1024e+00	 2.1763e+00	 2.6440e+02
33	-1.3600e-02	 7.0794e+00	 7.3690e+00	 2.6360e+02
34	-1.2800e-02	 7.0508e+00	 2.5655e+00	 2.6280e+02
35	-1.2000e-02	 7.0376e+00	 7.7174e+00	 2.6200e+02
36	-1.1200e-02	 7.0472e+00	 2.8468e+00	 2.6120e+02
37	-1.0400e-02	 7.0324e+00	 8.0465e+00	 2.6040e+02
38	-9.6000e-03	 7.0534e+00	 3.2219e+00	 2.5960e+02
39	-8.8000e-03	 7.0570e+00	 8.3939e+00	 2.5880e+02
40	-8.0000e-03	 7.0837e+00	 3.5756e+00	 2.5800e+02
41	-7.2000e-03	 7.0623e+00	 8.7628e+00	 2.5720e+02
42	-6.4000e-03	 7.0823e+00	 3.9497e+00	 2.5640e+02
43	-5.6000e-03	 7.0925e+00	 9.2177e+00	 2.5560e+02
44	-4.8000e-03	 7.0883e+00	 4.4444e+00	 2.5480e+02
45	-4.0000e-03	 7.0781e+00	 9.6602e+00	 2.5400e+02
46	-3.2000e-03	 7.0702e+00	 4.8724e+00	 2.5320e+02
47	-2.4000e-03	 7.0534e+00	 1.0044e-01	 2.5240e+02
48	-1.6000e-03	 7.0363e+00	 5.2642e+00	 2.5160e+02
49	-8.0000e-04	 7.0222e+00	 4.8865e-01	 2.5080e+02
50	 0.0000e+00	 7.0110e+00	 5.6626e+00	 2.5000e+02
51	 8.0000e-04	 6.9982e+00	 8.5746e-01	 2.4920e+02
52	 1.6000e-03	 6.9732e+00	 6.0406e+00	 2.4840e+02
53	 2.4000e-03	 6.9578e+00	 1.2411e+00	 2.4760e+02
54	 3.2000e-03	 6.9292e+00	 6.4328e+00	 2.4680e+02
55	 4.0000e-03	 6.9229e+00	 1.5780e+00	 2.4600e+02
56	 4.8000e-03	 6.9094e+00	 6.7211e+00	 2.4520e+02
57	 5.6000e-03	 6.9071e+00	 1.9005e+00	 2.4440e+02
58	 6.4000e-03	 6.8884e+00	 7.0735e+00	 2.4360e+02
59	 7.2000e-03	 6.9157e+00	 2.2190e+00	 2.4280e+02
60	 8.0000e-03	 6.9249e+00	 7.3848e+00	 2.4200e+02
61	 8.8000e-03	 6.9495e+00	 2.5582e+00	 2.4120e+02
62	 9.6000e-03	 6.9548e+00	 7.8016e+00	 2.4040e+02
63	 1.0400e-02	 6.9850e+00	 2.9984e+00	 2.3960e+02
64	 1.1200e-02	 6.9870e+00	 8.2266e+00	 2.3880e+02
65	 1.2000e-02	 6.9962e+00	 3.4336e+00	 2.3800e+02
66	 1.2800e-02	 6.9933e+00	 8.6812e+00	 2.3720e+02
67	 1.3600e-02	 6.9850e+00	 3.9132e+00	 2.3640e+02
68	 1.4400e-02	 6.9538e+00	 9.1783e+00	 2.3560e+02
69	 1.5200e-02	 6.9423e+00	 4.3504e+00	 2.3480e+02
70	 1.6000e-02	 6.9075e+00	 9.6063e+00	 2.3400e+02
71	 1.6800e-02	 6.8960e+00	 4.7678e+00	 2.3320e+02
72	 1.7600e-02	 6.8779e+00	 9.9018e+00	 2.3240e+02
73	 1.8400e-02	 6.8535e+00	 5.1324e+00	 2.3160e+02
74	 1.9200e-02	 6.8470e+00	 3.2167e-01	 2.3080e+02
75	 2.0000e-02	 6.8315e+00	 5.5015e+00	 2.3000e+02
76	 2.0800e-02	 6.8361e+00	 6.6911e-01	 2.2920e+02
77	 2.1600e-02	 6.8190e+00	 5.8575e+00	 2.2840e+02
78	 2.2400e-02	 6.8164e+00	 1.0435e+00	 2.2760e+02
79	 2.3200e-02	 6.8121e+00	 6.2287e+00	 2.2680e+02
80	 2.4000e-02	 6.8292e+00	 1.4005e+00	 2.2600e+02
81	 2.4800e-02	 6.8210e+00	 6.5971e+00	 2.2520e+02
82	 2.5600e-02	 6.8085e+00	 1.7953e+00	 2.2440e+02
83	 2.6400e-02	 6.8046e+00	 7.0172e+00	 2.2360e+02
84	 2.7200e-02	 6.8144e+00	 2.2423e+00	 2.2280e+02
85	 2.8000e-02	 6.7947e+00	 7.4137e+00	 2.2200e+02
86	 2.8800e-02	 6.7901e+00	 2.6085e+00	 2.2120e+02
87	 2.9600e-02	 6.7681e+00	 7.8193e+00	 2.2040e+02
88	 3.0400e-02	 6.7914e+00	 3.0253e+00	 2.1960e+02
89	 3.1200e-02	 6.7710e+00	 8.2217e+00	 2.1880e+02
90	 3.2000e-02	 6.7779e+00	 3.3882e+00	 2.1800e+02
91	 3.2800e-02	 6.7513e+00	 8.5971e+00	 2.1720e+02
92	 3.3600e-02	 6.7671e+00	 3.7889e+00	 2.1640e+02
93	 3.4400e-02	 6.7618e+00	 9.0405e+00	 2.1560e+02
94	 3.5200e-02	 6.7655e+00	 4.1955e+00	 2.1480e+02
95	 3.6000e-02	 6.7493e+00	 9.4012e+00	 2.1400e+02
96	 3.6800e-02	 6.7602e+00	 4.5874e+00	 2.1320e+02
97	 3.7600e-02	 6.7319e+00	 9.8469e+00	 2.1240e+02
98	 3.8400e-02	 6.7176e+00	 5.0417e+00	 2.1160e+02
99	 3.9200e-02	 6.7237e+00	 2.2042e-01	 2.1080e+02
100	 4.0000e-02	 6.7329e+00	 5.4180e+00	 2.1000e+02
