idx	pos (m)	Mesure ch1 (V)	Mesure ch2 (V)	pos Moteur (m)
0	-1.0000e-02	 7.5399e+00	 6.8312e+00	 2.9000e+02
1	-9.8000e-03	 7.4472e+00	 5.7326e+00	 2.8980e+02
2	-9.6000e-03	 7.4525e+00	 4.6939e+00	 2.8960e+02
3	-9.4000e-03	 7.5978e+00	 3.4954e+00	 2.8940e+02
4	-9.2000e-03	 7.5610e+00	 2.0359e+00	 2.8920e+02
5	-9.0000e-03	 7.4581e+00	 8.7094e-01	 2.8900e+02
6	-8.8000e-03	 7.4423e+00	 9.8679e+00	 2.8880e+02
7	-8.6000e-03	 7.5458e+00	 8.7595e+00	 2.8860e+02
8	-8.4000e-03	 7.5669e+00	 7.3039e+00	 2.8840e+02
9	-8.2000e-03	 7.4722e+00	 6.0781e+00	 2.8820e+02
10	-8.0000e-03	 7.4459e+00	 5.0190e+00	 2.8800e+02
11	-7.8000e-03	 7.5143e+00	 3.9196e+00	 2.8780e+02
12	-7.6000e-03	 7.5705e+00	 2.5365e+00	 2.8760e+02
13	-7.4000e-03	 7.4794e+00	 1.2634e+00	 2.8740e+02
14	-7.2000e-03	 7.4209e+00	 1.7046e-01	 2.8720e+02
15	-7.0000e-03	 7.4798e+00	 9.1605e+00	 2.8700e+02
16	-6.8000e-03	 7.5761e+00	 7.8009e+00	 2.8680e+02
17	-6.6000e-03	 7.4893e+00	 6.4657e+00	 2.8660e+02
18	-6.4000e-03	 7.4288e+00	 5.3112e+00	 2.8640e+02
19	-6.2000e-03	 7.4502e+00	 4.2971e+00	 2.8620e+02
20	-6.0000e-03	 7.5642e+00	 3.0072e+00	 2.8600e+02
21	-5.8000e-03	 7.5031e+00	 1.6691e+00	 2.8580e+02
22	-5.6000e-03	 7.4370e+00	 5.0607e-01	 2.8560e+02
23	-5.4000e-03	 7.4212e+00	 9.4367e+00	 2.8540e+02
24	-5.2000e-03	 7.5366e+00	 8.2529e+00	 2.8520e+02
25	-5.0000e-03	 7.4982e+00	 6.8821e+00	 2.8500e+02
26	-4.8000e-03	 7.4433e+00	 5.7234e+00	 2.8480e+02
27	-4.6000e-03	 7.4193e+00	 4.6008e+00	 2.8460e+02
28	-4.4000e-03	 7.5228e+00	 3.4760e+00	 2.8440e+02
29	-4.2000e-03	 7.5130e+00	 2.0494e+00	 2.8420e+02
30	-4.0000e-03	 7.4377e+00	 8.9658e-01	 2.8400e+02
31	-3.8000e-03	 7.4045e+00	 9.7999e+00	 2.8380e+02
32	-3.6000e-03	 7.4650e+00	 8.7463e+00	 2.8360e+02
33	-3.4000e-03	 7.5251e+00	 7.3262e+00	 2.8340e+02
34	-3.2000e-03	 7.4469e+00	 6.0728e+00	 2.8320e+02
35	-3.0000e-03	 7.4134e+00	 4.9273e+00	 2.8300e+02
36	-2.8000e-03	 7.4189e+00	 3.8695e+00	 2.8280e+02
37	-2.6000e-03	 7.5235e+00	 2.5717e+00	 2.8260e+02
38	-2.4000e-03	 7.4449e+00	 1.2598e+00	 2.8240e+02
39	-2.2000e-03	 7.4107e+00	 1.1589e-01	 2.8220e+02
40	-2.0000e-03	 7.4048e+00	 9.0488e+00	 2.8200e+02
41	-1.8000e-03	 7.4978e+00	 7.8381e+00	 2.8180e+02
42	-1.6000e-03	 7.4558e+00	 6.4923e+00	 2.8160e+02
43	-1.4000e-03	 7.4042e+00	 5.3207e+00	 2.8140e+02
44	-1.2000e-03	 7.3940e+00	 4.1863e+00	 2.8120e+02
45	-1.0000e-03	 7.4863e+00	 3.0450e+00	 2.8100e+02
46	-8.0000e-04	 7.4679e+00	 1.6852e+00	 2.8080e+02
47	-6.0000e-04	 7.4088e+00	 4.9062e-01	 2.8060e+02
48	-4.0000e-04	 7.3815e+00	 9.4041e+00	 2.8040e+02
49	-2.0000e-04	 7.4449e+00	 8.2634e+00	 2.8020e+02
50	 0.0000e+00	 7.4623e+00	 6.9153e+00	 2.8000e+02
51	 2.0000e-04	 7.4180e+00	 5.6856e+00	 2.7980e+02
52	 4.0000e-04	 7.3900e+00	 4.5236e+00	 2.7960e+02
53	 6.0000e-04	 7.4229e+00	 3.4421e+00	 2.7940e+02
54	 8.0000e-04	 7.4587e+00	 2.1020e+00	 2.7920e+02
55	 1.0000e-03	 7.4130e+00	 8.9231e-01	 2.7900e+02
56	 1.2000e-03	 7.3920e+00	 9.7450e+00	 2.7880e+02
57	 1.4000e-03	 7.3802e+00	 8.6280e+00	 2.7860e+02
58	 1.6000e-03	 7.4581e+00	 7.3427e+00	 2.7840e+02
59	 1.8000e-03	 7.3982e+00	 6.0949e+00	 2.7820e+02
60	 2.0000e-03	 7.3963e+00	 4.8780e+00	 2.7800e+02
61	 2.2000e-03	 7.3710e+00	 3.7718e+00	 2.7780e+02
62	 2.4000e-03	 7.4558e+00	 2.5760e+00	 2.7760e+02
63	 2.6000e-03	 7.4134e+00	 1.2424e+00	 2.7740e+02
64	 2.8000e-03	 7.3890e+00	 7.7434e-02	 2.7720e+02
65	 3.0000e-03	 7.3463e+00	 8.9307e+00	 2.7700e+02
66	 3.2000e-03	 7.4278e+00	 7.8118e+00	 2.7680e+02
67	 3.4000e-03	 7.4065e+00	 6.4614e+00	 2.7660e+02
68	 3.6000e-03	 7.3913e+00	 5.2908e+00	 2.7640e+02
69	 3.8000e-03	 7.3650e+00	 4.0726e+00	 2.7620e+02
70	 4.0000e-03	 7.3966e+00	 2.9869e+00	 2.7600e+02
71	 4.2000e-03	 7.4137e+00	 1.6812e+00	 2.7580e+02
72	 4.4000e-03	 7.3887e+00	 4.6498e-01	 2.7560e+02
73	 4.6000e-03	 7.3621e+00	 9.2950e+00	 2.7540e+02
74	 4.8000e-03	 7.3637e+00	 8.1550e+00	 2.7520e+02
75	 5.0000e-03	 7.4111e+00	 6.8756e+00	 2.7500e+02
76	 5.2000e-03	 7.3818e+00	 5.6619e+00	 2.7480e+02
77	 5.4000e-03	 7.3650e+00	 4.4634e+00	 2.7460e+02
78	 5.6000e-03	 7.3519e+00	 3.3438e+00	 2.7440e+02
79	 5.8000e-03	 7.4005e+00	 2.1003e+00	 2.7420e+02
80	 6.0000e-03	 7.3677e+00	 8.5483e-01	 2.7400e+02
81	 6.2000e-03	 7.3627e+00	 9.6556e+00	 2.7380e+02
82	 6.4000e-03	 7.3246e+00	 8.5215e+00	 2.7360e+02
83	 6.6000e-03	 7.3792e+00	 7.3167e+00	 2.7340e+02
84	 6.8000e-03	 7.3644e+00	 6.0804e+00	 2.7320e+02
85	 7.0000e-03	 7.3719e+00	 4.8549e+00	 2.7300e+02
86	 7.2000e-03	 7.3332e+00	 3.6903e+00	 2.7280e+02
87	 7.4000e-03	 7.3742e+00	 2.5227e+00	 2.7260e+02
88	 7.6000e-03	 7.3529e+00	 1.2582e+00	 2.7240e+02
89	 7.8000e-03	 7.3604e+00	 9.5513e-02	 2.7220e+02
90	 8.0000e-03	 7.3262e+00	 8.8558e+00	 2.7200e+02
91	 8.2000e-03	 7.3466e+00	 7.7638e+00	 2.7180e+02
92	 8.4000e-03	 7.3594e+00	 6.4519e+00	 2.7160e+02
93	 8.6000e-03	 7.3581e+00	 5.2609e+00	 2.7140e+02
94	 8.8000e-03	 7.3233e+00	 3.9904e+00	 2.7120e+02
95	 9.0000e-03	 7.3292e+00	 2.9119e+00	 2.7100e+02
96	 9.2000e-03	 7.3627e+00	 1.6626e+00	 2.7080e+02
97	 9.4000e-03	 7.3414e+00	 4.6005e-01	 2.7060e+02
98	 9.6000e-03	 7.3381e+00	 9.2079e+00	 2.7040e+02
99	 9.8000e-03	 7.3006e+00	 8.0922e+00	 2.7020e+02
100	 1.0000e-02	 7.3489e+00	 6.8565e+00	 2.7000e+02
