idx	pos (m)	Mesure ch1 (V)	Mesure ch2 (V)	pos Moteur (m)
0	-1.0000e-02	 7.5754e+00	 5.8727e+00	 3.0000e+02
1	-9.9000e-03	 7.6385e+00	 5.3092e+00	 2.9990e+02
2	-9.8000e-03	 7.6964e+00	 4.6613e+00	 2.9980e+02
3	-9.7000e-03	 7.7299e+00	 3.9529e+00	 2.9970e+02
4	-9.6000e-03	 7.7003e+00	 3.2216e+00	 2.9960e+02
5	-9.5000e-03	 7.6142e+00	 2.5539e+00	 2.9950e+02
6	-9.4000e-03	 7.5439e+00	 2.0389e+00	 2.9940e+02
7	-9.3000e-03	 7.5356e+00	 1.5714e+00	 2.9930e+02
8	-9.2000e-03	 7.5504e+00	 1.0800e+00	 2.9920e+02
9	-9.1000e-03	 7.5951e+00	 5.3040e-01	 2.9910e+02
10	-9.0000e-03	 7.6658e+00	 9.9465e+00	 2.9900e+02
11	-8.9000e-03	 7.7145e+00	 9.2460e+00	 2.9890e+02
12	-8.8000e-03	 7.7049e+00	 8.5031e+00	 2.9880e+02
13	-8.7000e-03	 7.6310e+00	 7.8124e+00	 2.9870e+02
14	-8.6000e-03	 7.5481e+00	 7.2263e+00	 2.9860e+02
15	-8.5000e-03	 7.5038e+00	 6.7444e+00	 2.9850e+02
16	-8.4000e-03	 7.5172e+00	 6.2776e+00	 2.9840e+02
17	-8.3000e-03	 7.5573e+00	 5.7602e+00	 2.9830e+02
18	-8.2000e-03	 7.6349e+00	 5.1787e+00	 2.9820e+02
19	-8.1000e-03	 7.6980e+00	 4.4940e+00	 2.9810e+02
20	-8.0000e-03	 7.7128e+00	 3.7432e+00	 2.9800e+02
21	-7.9000e-03	 7.6566e+00	 3.0076e+00	 2.9790e+02
22	-7.8000e-03	 7.5675e+00	 2.4044e+00	 2.9780e+02
23	-7.7000e-03	 7.5011e+00	 1.8932e+00	 2.9770e+02
24	-7.6000e-03	 7.4883e+00	 1.4491e+00	 2.9760e+02
25	-7.5000e-03	 7.5232e+00	 9.4655e-01	 2.9750e+02
26	-7.4000e-03	 7.5899e+00	 3.9563e-01	 2.9740e+02
27	-7.3000e-03	 7.6609e+00	 9.7881e+00	 2.9730e+02
28	-7.2000e-03	 7.7013e+00	 9.0323e+00	 2.9720e+02
29	-7.1000e-03	 7.6635e+00	 8.2671e+00	 2.9710e+02
30	-7.0000e-03	 7.5836e+00	 7.6172e+00	 2.9700e+02
31	-6.9000e-03	 7.5018e+00	 7.0869e+00	 2.9690e+02
32	-6.8000e-03	 7.4676e+00	 6.6057e+00	 2.9680e+02
33	-6.7000e-03	 7.4886e+00	 6.1471e+00	 2.9670e+02
34	-6.6000e-03	 7.5409e+00	 5.6139e+00	 2.9660e+02
35	-6.5000e-03	 7.6208e+00	 5.0131e+00	 2.9650e+02
36	-6.4000e-03	 7.6974e+00	 4.2925e+00	 2.9640e+02
37	-6.3000e-03	 7.6862e+00	 3.5098e+00	 2.9630e+02
38	-6.2000e-03	 7.6086e+00	 2.8067e+00	 2.9620e+02
39	-6.1000e-03	 7.5136e+00	 2.2262e+00	 2.9610e+02
40	-6.0000e-03	 7.4660e+00	 1.7604e+00	 2.9600e+02
41	-5.9000e-03	 7.4587e+00	 1.3075e+00	 2.9590e+02
42	-5.8000e-03	 7.5054e+00	 7.9534e-01	 2.9580e+02
43	-5.7000e-03	 7.5652e+00	 2.3291e-01	 2.9570e+02
44	-5.6000e-03	 7.6484e+00	 9.6155e+00	 2.9560e+02
45	-5.5000e-03	 7.6872e+00	 8.8486e+00	 2.9550e+02
46	-5.4000e-03	 7.6323e+00	 8.0695e+00	 2.9540e+02
47	-5.3000e-03	 7.5347e+00	 7.4199e+00	 2.9530e+02
48	-5.2000e-03	 7.4660e+00	 6.9058e+00	 2.9520e+02
49	-5.1000e-03	 7.4387e+00	 6.4364e+00	 2.9510e+02
50	-5.0000e-03	 7.4650e+00	 5.9670e+00	 2.9500e+02
51	-4.9000e-03	 7.5294e+00	 5.4410e+00	 2.9490e+02
52	-4.8000e-03	 7.6030e+00	 4.8283e+00	 2.9480e+02
53	-4.7000e-03	 7.6563e+00	 4.1245e+00	 2.9470e+02
54	-4.6000e-03	 7.6491e+00	 3.3494e+00	 2.9460e+02
55	-4.5000e-03	 7.5642e+00	 2.6539e+00	 2.9450e+02
56	-4.4000e-03	 7.4778e+00	 2.0891e+00	 2.9440e+02
57	-4.3000e-03	 7.4370e+00	 1.6122e+00	 2.9430e+02
58	-4.2000e-03	 7.4469e+00	 1.1385e+00	 2.9420e+02
59	-4.1000e-03	 7.4949e+00	 6.3526e-01	 2.9410e+02
60	-4.0000e-03	 7.5639e+00	 9.2555e-02	 2.9400e+02
61	-3.9000e-03	 7.6287e+00	 9.3811e+00	 2.9390e+02
62	-3.8000e-03	 7.6389e+00	 8.6116e+00	 2.9380e+02
63	-3.7000e-03	 7.5708e+00	 7.8916e+00	 2.9370e+02
64	-3.6000e-03	 7.4867e+00	 7.3016e+00	 2.9360e+02
65	-3.5000e-03	 7.4364e+00	 6.7911e+00	 2.9350e+02
66	-3.4000e-03	 7.4255e+00	 6.2993e+00	 2.9340e+02
67	-3.3000e-03	 7.4591e+00	 5.8033e+00	 2.9330e+02
68	-3.2000e-03	 7.5307e+00	 5.2612e+00	 2.9320e+02
69	-3.1000e-03	 7.6063e+00	 4.5972e+00	 2.9310e+02
70	-3.0000e-03	 7.6382e+00	 3.8346e+00	 2.9300e+02
71	-2.9000e-03	 7.5958e+00	 3.0848e+00	 2.9290e+02
72	-2.8000e-03	 7.4995e+00	 2.4425e+00	 2.9280e+02
73	-2.7000e-03	 7.4288e+00	 1.9435e+00	 2.9270e+02
74	-2.6000e-03	 7.4061e+00	 1.4745e+00	 2.9260e+02
75	-2.5000e-03	 7.4351e+00	 9.8829e-01	 2.9250e+02
76	-2.4000e-03	 7.4896e+00	 4.3803e-01	 2.9240e+02
77	-2.3000e-03	 7.5662e+00	 9.8587e+00	 2.9230e+02
78	-2.2000e-03	 7.6198e+00	 9.1244e+00	 2.9220e+02
79	-2.1000e-03	 7.6060e+00	 8.3427e+00	 2.9210e+02
80	-2.0000e-03	 7.5103e+00	 7.6514e+00	 2.9200e+02
81	-1.9000e-03	 7.4258e+00	 7.1106e+00	 2.9190e+02
82	-1.8000e-03	 7.3871e+00	 6.6396e+00	 2.9180e+02
83	-1.7000e-03	 7.4051e+00	 6.1826e+00	 2.9170e+02
84	-1.6000e-03	 7.4544e+00	 5.6619e+00	 2.9160e+02
85	-1.5000e-03	 7.5294e+00	 5.0637e+00	 2.9150e+02
86	-1.4000e-03	 7.6007e+00	 4.3928e+00	 2.9140e+02
87	-1.3000e-03	 7.6172e+00	 3.6039e+00	 2.9130e+02
88	-1.2000e-03	 7.5478e+00	 2.8547e+00	 2.9120e+02
89	-1.1000e-03	 7.4446e+00	 2.2597e+00	 2.9110e+02
90	-1.0000e-03	 7.3805e+00	 1.7802e+00	 2.9100e+02
91	-9.0000e-04	 7.3765e+00	 1.3163e+00	 2.9090e+02
92	-8.0000e-04	 7.4134e+00	 8.4234e-01	 2.9080e+02
93	-7.0000e-04	 7.4847e+00	 2.8847e-01	 2.9070e+02
94	-6.0000e-04	 7.5629e+00	 9.6885e+00	 2.9060e+02
95	-5.0000e-04	 7.6060e+00	 8.8949e+00	 2.9050e+02
96	-4.0000e-04	 7.5642e+00	 8.0876e+00	 2.9040e+02
97	-3.0000e-04	 7.4567e+00	 7.4528e+00	 2.9030e+02
98	-2.0000e-04	 7.3795e+00	 6.9453e+00	 2.9020e+02
99	-1.0000e-04	 7.3532e+00	 6.4735e+00	 2.9010e+02
100	 0.0000e+00	 7.3802e+00	 6.0018e+00	 2.9000e+02
101	 1.0000e-04	 7.4446e+00	 5.4874e+00	 2.8990e+02
102	 2.0000e-04	 7.5238e+00	 4.8809e+00	 2.8980e+02
103	 3.0000e-04	 7.5889e+00	 4.1600e+00	 2.8970e+02
104	 4.0000e-04	 7.5866e+00	 3.3599e+00	 2.8960e+02
105	 5.0000e-04	 7.4982e+00	 2.6397e+00	 2.8950e+02
106	 6.0000e-04	 7.3884e+00	 2.0773e+00	 2.8940e+02
107	 7.0000e-04	 7.3502e+00	 1.6135e+00	 2.8930e+02
108	 8.0000e-04	 7.3532e+00	 1.1415e+00	 2.8920e+02
109	 9.0000e-04	 7.3989e+00	 6.4643e-01	 2.8910e+02
110	 1.0000e-03	 7.4781e+00	 1.0439e-01	 2.8900e+02
111	 1.1000e-03	 7.5514e+00	 9.4317e+00	 2.8890e+02
112	 1.2000e-03	 7.5790e+00	 8.6697e+00	 2.8880e+02
113	 1.3000e-03	 7.5274e+00	 7.8815e+00	 2.8870e+02
114	 1.4000e-03	 7.4107e+00	 7.2572e+00	 2.8860e+02
115	 1.5000e-03	 7.3335e+00	 6.7770e+00	 2.8850e+02
116	 1.6000e-03	 7.3322e+00	 6.3171e+00	 2.8840e+02
117	 1.7000e-03	 7.3723e+00	 5.8122e+00	 2.8830e+02
118	 1.8000e-03	 7.4383e+00	 5.2777e+00	 2.8820e+02
119	 1.9000e-03	 7.5189e+00	 4.6403e+00	 2.8810e+02
120	 2.0000e-03	 7.5600e+00	 3.8902e+00	 2.8800e+02
121	 2.1000e-03	 7.5442e+00	 3.1302e+00	 2.8790e+02
122	 2.2000e-03	 7.4564e+00	 2.4317e+00	 2.8780e+02
123	 2.3000e-03	 7.3532e+00	 1.9054e+00	 2.8770e+02
124	 2.4000e-03	 7.3193e+00	 1.4610e+00	 2.8760e+02
125	 2.5000e-03	 7.3453e+00	 9.8007e-01	 2.8750e+02
126	 2.6000e-03	 7.3956e+00	 4.5874e-01	 2.8740e+02
127	 2.7000e-03	 7.4715e+00	 9.8827e+00	 2.8730e+02
128	 2.8000e-03	 7.5291e+00	 9.1743e+00	 2.8720e+02
129	 2.9000e-03	 7.5337e+00	 8.3962e+00	 2.8710e+02
130	 3.0000e-03	 7.4722e+00	 7.6592e+00	 2.8700e+02
131	 3.1000e-03	 7.3673e+00	 7.0731e+00	 2.8690e+02
132	 3.2000e-03	 7.3065e+00	 6.6133e+00	 2.8680e+02
133	 3.3000e-03	 7.3226e+00	 6.1586e+00	 2.8670e+02
134	 3.4000e-03	 7.3637e+00	 5.6416e+00	 2.8660e+02
135	 3.5000e-03	 7.4285e+00	 5.0781e+00	 2.8650e+02
136	 3.6000e-03	 7.5097e+00	 4.4112e+00	 2.8640e+02
137	 3.7000e-03	 7.5340e+00	 3.6252e+00	 2.8630e+02
138	 3.8000e-03	 7.4936e+00	 2.8790e+00	 2.8620e+02
139	 3.9000e-03	 7.3913e+00	 2.2272e+00	 2.8610e+02
140	 4.0000e-03	 7.3082e+00	 1.7269e+00	 2.8600e+02
141	 4.1000e-03	 7.3026e+00	 1.2835e+00	 2.8590e+02
142	 4.2000e-03	 7.3285e+00	 7.9435e-01	 2.8580e+02
143	 4.3000e-03	 7.3877e+00	 2.3949e-01	 2.8570e+02
144	 4.4000e-03	 7.4620e+00	 9.6507e+00	 2.8560e+02
145	 4.5000e-03	 7.5149e+00	 8.9268e+00	 2.8550e+02
146	 4.6000e-03	 7.4969e+00	 8.1582e+00	 2.8540e+02
147	 4.7000e-03	 7.4216e+00	 7.4400e+00	 2.8530e+02
148	 4.8000e-03	 7.3190e+00	 6.8818e+00	 2.8520e+02
149	 4.9000e-03	 7.2714e+00	 6.4377e+00	 2.8510e+02
150	 5.0000e-03	 7.3095e+00	 5.9634e+00	 2.8500e+02
151	 5.1000e-03	 7.3552e+00	 5.4381e+00	 2.8490e+02
152	 5.2000e-03	 7.4265e+00	 4.8651e+00	 2.8480e+02
153	 5.3000e-03	 7.4886e+00	 4.1824e+00	 2.8470e+02
154	 5.4000e-03	 7.5001e+00	 3.4175e+00	 2.8460e+02
155	 5.5000e-03	 7.4429e+00	 2.6913e+00	 2.8450e+02
156	 5.6000e-03	 7.3453e+00	 2.0490e+00	 2.8440e+02
157	 5.7000e-03	 7.2723e+00	 1.5691e+00	 2.8430e+02
158	 5.8000e-03	 7.2809e+00	 1.1181e+00	 2.8420e+02
159	 5.9000e-03	 7.3233e+00	 6.0107e-01	 2.8410e+02
160	 6.0000e-03	 7.3769e+00	 1.0652e-01	 2.8400e+02
161	 6.1000e-03	 7.4485e+00	 9.4242e+00	 2.8390e+02
162	 6.2000e-03	 7.4821e+00	 8.6918e+00	 2.8380e+02
163	 6.3000e-03	 7.4521e+00	 7.9505e+00	 2.8370e+02
164	 6.4000e-03	 7.3798e+00	 7.2460e+00	 2.8360e+02
165	 6.5000e-03	 7.2806e+00	 6.6967e+00	 2.8350e+02
166	 6.6000e-03	 7.2556e+00	 6.2638e+00	 2.8340e+02
167	 6.7000e-03	 7.2921e+00	 5.7806e+00	 2.8330e+02
168	 6.8000e-03	 7.3473e+00	 5.2313e+00	 2.8320e+02
169	 6.9000e-03	 7.4209e+00	 4.6110e+00	 2.8310e+02
170	 7.0000e-03	 7.4683e+00	 3.9174e+00	 2.8300e+02
171	 7.1000e-03	 7.4656e+00	 3.1709e+00	 2.8290e+02
172	 7.2000e-03	 7.4048e+00	 2.4432e+00	 2.8280e+02
173	 7.3000e-03	 7.3003e+00	 1.8383e+00	 2.8270e+02
174	 7.4000e-03	 7.2358e+00	 1.3837e+00	 2.8260e+02
175	 7.5000e-03	 7.2605e+00	 9.3241e-01	 2.8250e+02
176	 7.6000e-03	 7.3105e+00	 3.9891e-01	 2.8240e+02
177	 7.7000e-03	 7.3775e+00	 9.8203e+00	 2.8230e+02
178	 7.8000e-03	 7.4347e+00	 9.1747e+00	 2.8220e+02
179	 7.9000e-03	 7.4489e+00	 8.4245e+00	 2.8210e+02
180	 8.0000e-03	 7.4094e+00	 7.7086e+00	 2.8200e+02
181	 8.1000e-03	 7.3348e+00	 7.0432e+00	 2.8190e+02
182	 8.2000e-03	 7.2529e+00	 6.5094e+00	 2.8180e+02
183	 8.3000e-03	 7.2375e+00	 6.0955e+00	 2.8170e+02
184	 8.4000e-03	 7.2783e+00	 5.5880e+00	 2.8160e+02
185	 8.5000e-03	 7.3364e+00	 5.0127e+00	 2.8150e+02
186	 8.6000e-03	 7.4019e+00	 4.3668e+00	 2.8140e+02
187	 8.7000e-03	 7.4360e+00	 3.6472e+00	 2.8130e+02
188	 8.8000e-03	 7.4111e+00	 2.9326e+00	 2.8120e+02
189	 8.9000e-03	 7.3565e+00	 2.2387e+00	 2.8110e+02
190	 9.0000e-03	 7.2694e+00	 1.6792e+00	 2.8100e+02
191	 9.1000e-03	 7.2286e+00	 1.2033e+00	 2.8090e+02
192	 9.2000e-03	 7.2523e+00	 7.5228e-01	 2.8080e+02
193	 9.3000e-03	 7.3082e+00	 1.9084e-01	 2.8070e+02
194	 9.4000e-03	 7.3591e+00	 9.6106e+00	 2.8060e+02
195	 9.5000e-03	 7.4061e+00	 8.9015e+00	 2.8050e+02
196	 9.6000e-03	 7.4071e+00	 8.1651e+00	 2.8040e+02
197	 9.7000e-03	 7.3575e+00	 7.4886e+00	 2.8030e+02
198	 9.8000e-03	 7.2829e+00	 6.8509e+00	 2.8020e+02
199	 9.9000e-03	 7.2217e+00	 6.3467e+00	 2.8010e+02
200	 1.0000e-02	 7.2224e+00	 5.9022e+00	 2.8000e+02
